 Date & UTC Time,Sea Level,Water Temperature,Air Temperature,Barometric Pressure,Residuals,Adjusted Residuals,Wind Direction,Wind Gust,Wind Speed,Solomon Islands
01-Jan-2000 00:00, 0.937,  30.6,  28.5, 1005.4, 0.087, 0.021,   48,   0.0,   0.0
01-Jan-2000 01:00, 0.968,  30.2,  28.9, 1004.8, 0.087, 0.009,   44,   0.0,   0.0
01-Jan-2000 02:00, 0.985,  30.4,  28.7, 1004.3, 0.093, 0.009,   25,   0.0,   0.0
01-Jan-2000 03:00, 0.998,  30.8,  28.6, 1003.1, 0.109, 0.019,  343,   0.0,   0.0
01-Jan-2000 04:00, 0.988,  30.8,  28.2, 1003.1, 0.116, 0.015,  317,   0.0,   0.0
01-Jan-2000 05:00, 0.948,  30.6,  25.6, 1003.4, 0.108, 0.007,   92,   0.0,   0.0
01-Jan-2000 06:00, 0.902,  30.5,  24.1, 1003.9, 0.105, 0.007,  209,   0.0,   0.0
01-Jan-2000 07:00, 0.847,  30.5,  24.9, 1004.9, 0.105, 0.013,  183,   0.0,   0.0
01-Jan-2000 08:00, 0.788,  30.4,  25.1, 1005.4, 0.111, 0.029,  193,   0.0,   0.0
01-Jan-2000 09:00, 0.718,  30.5,  25.3, 1006.4, 0.111, 0.034,  175,   0.0,   0.0
01-Jan-2000 10:00, 0.654,  30.5,  25.6, 1007.1, 0.110, 0.043,  187,   0.0,   0.0
01-Jan-2000 11:00, 0.617,  30.5,  25.3, 1007.2, 0.124, 0.063,  201,   0.0,   0.0
01-Jan-2000 12:00, 0.592,  30.5,  25.3, 1006.7, 0.131, 0.070,  192,   0.0,   0.0
01-Jan-2000 13:00, 0.568,  30.5,  25.2, 1006.1, 0.121, 0.055,  198,   0.0,   0.0
01-Jan-2000 14:00, 0.556,  30.4,  25.3, 1005.6, 0.114, 0.043,  201,   0.0,   0.0
01-Jan-2000 15:00, 0.560,  30.5,  25.2, 1004.6, 0.105, 0.027,  193,   0.0,   0.0
01-Jan-2000 16:00, 0.581,  30.4,  25.3, 1004.4, 0.093, 0.007,  203,   0.0,   0.0
01-Jan-2000 17:00, 0.628,  30.4,  25.0, 1004.0, 0.092, 0.003,  184,   0.0,   0.0
01-Jan-2000 18:00, 0.696,  30.4,  24.9, 1004.4, 0.102, 0.010,  190,   0.0,   0.0
01-Jan-2000 19:00, 0.765,  30.4,  25.0, 1005.3, 0.114, 0.027,  212,   0.0,   0.0
01-Jan-2000 20:00, 0.830,  30.4,  25.1, 1005.8, 0.129, 0.051,  176,   0.0,   0.0
01-Jan-2000 21:00, 0.867,  30.3,  25.7, 1006.5, 0.125, 0.052,  193,   0.0,   0.0
01-Jan-2000 22:00, 0.904,  30.3,  26.9, 1006.4, 0.125, 0.058,  247,   0.0,   0.0
01-Jan-2000 23:00, 0.961,  30.3,  27.2, 1006.2, 0.141, 0.073,  344,   0.0,   0.0
02-Jan-2000 00:00, 0.998,  30.3,  27.6, 1006.1, 0.136, 0.066,-9999,   0.0,   0.0
02-Jan-2000 01:00, 1.037,  30.4,  27.9, 1005.7, 0.133, 0.062,-9999,   0.0,   0.0
02-Jan-2000 02:00, 1.061,  30.4,  28.1, 1004.8, 0.132, 0.057,   12,   0.0,   0.0
02-Jan-2000 03:00, 1.061,  30.6,  28.4, 1003.8, 0.131, 0.046,  317,   0.0,   0.0
02-Jan-2000 04:00, 1.031,  30.8,  24.4, 1003.6, 0.119, 0.025,  231,   0.0,   0.0
02-Jan-2000 05:00, 0.972,  30.5,  24.2, 1003.9, 0.103, 0.008,  178,   0.0,   0.0
02-Jan-2000 06:00, 0.916,  30.5,  24.0, 1004.1, 0.107, 0.014,  156,   0.0,   0.0
02-Jan-2000 07:00, 0.852,  30.5,  24.7, 1005.2, 0.117, 0.027,  194,   0.0,   0.0
02-Jan-2000 08:00, 0.780,  30.5,  24.4, 1005.8, 0.127, 0.048,  166,   0.0,   0.0
02-Jan-2000 09:00, 0.688,  30.5,  24.6, 1006.2, 0.121, 0.047,  179,   0.0,   0.0
02-Jan-2000 10:00, 0.602,  30.4,  24.5, 1006.8, 0.111, 0.042,  186,   0.0,   0.0
02-Jan-2000 11:00, 0.540,  30.4,  24.7, 1007.0, 0.106, 0.043,  187,   0.0,   0.0
02-Jan-2000 12:00, 0.530,  30.3,  24.8, 1007.0, 0.126, 0.064,  193,   0.0,   0.0
02-Jan-2000 13:00, 0.526,  30.3,  24.4, 1006.6, 0.121, 0.059,  197,   0.0,   0.0
02-Jan-2000 14:00, 0.542,  30.3,  24.4, 1005.8, 0.121, 0.055,  194,   0.0,   0.0
02-Jan-2000 15:00, 0.566,  30.2,  24.6, 1005.3, 0.122, 0.047,  196,   0.0,   0.0
02-Jan-2000 16:00, 0.591,  30.2,  24.5, 1005.0, 0.107, 0.028,  195,   0.0,   0.0
02-Jan-2000 17:00, 0.625,  30.1,  24.4, 1004.9, 0.091, 0.009,  190,   0.0,   0.0
02-Jan-2000 18:00, 0.675,  30.2,  24.3, 1005.1, 0.084, 0.000,  194,   0.0,   0.0
02-Jan-2000 19:00, 0.737,  30.1,  24.5, 1005.8, 0.086, 0.005,  193,   0.0,   0.0
02-Jan-2000 20:00, 0.807,  30.3,  24.6, 1006.7, 0.101, 0.028,  196,   0.0,   0.0
02-Jan-2000 21:00, 0.868,  30.2,  25.3, 1007.4, 0.116, 0.052,  186,   0.0,   0.0
02-Jan-2000 22:00, 0.901,  30.1,  26.9, 1007.4, 0.112, 0.054,  157,   0.0,   0.0
02-Jan-2000 23:00, 0.930,  30.2,  27.0, 1007.4, 0.105, 0.047,   84,   0.0,   0.0
03-Jan-2000 00:00, 0.975,  30.2,  27.9, 1006.7, 0.109, 0.050,   41,   0.0,   0.0
03-Jan-2000 01:00, 1.008,  30.4,  28.3, 1006.3, 0.096, 0.031,   23,   0.0,   0.0
03-Jan-2000 02:00, 1.042,  30.6,  28.8, 1005.4, 0.090, 0.019,   17,   0.0,   0.0
03-Jan-2000 03:00, 1.054,  30.5,  28.9, 1004.9, 0.087, 0.009,  338,   0.0,   0.0
03-Jan-2000 04:00, 1.028,  30.4,  28.8, 1004.3, 0.073,-0.011,   30,   0.0,   0.0
03-Jan-2000 05:00, 0.979,  30.5,  29.0, 1004.5, 0.068,-0.020,   27,   0.0,   0.0
03-Jan-2000 06:00, 0.905,  30.4,  28.9, 1004.5, 0.066,-0.022,  354,   0.0,   0.0
03-Jan-2000 07:00, 0.831,  30.4,  29.1, 1005.3, 0.082,-0.003,  142,   0.0,   0.0
03-Jan-2000 08:00, 0.773,  30.3,  27.9, 1005.7, 0.125, 0.046,  184,   0.0,   0.0
03-Jan-2000 09:00, 0.660,  30.4,  26.1, 1006.9, 0.112, 0.038,  201,   0.0,   0.0
03-Jan-2000 10:00, 0.533,  30.5,  26.1, 1007.6, 0.078, 0.016,  187,   0.0,   0.0
03-Jan-2000 11:00, 0.456,  30.5,  26.0, 1007.8, 0.071, 0.015,  187,   0.0,   0.0
03-Jan-2000 12:00, 0.430,  30.5,  26.1, 1007.8, 0.079, 0.025,  186,   0.0,   0.0
03-Jan-2000 13:00, 0.439,  30.4,  25.8, 1007.6, 0.085, 0.031,  193,   0.0,   0.0
03-Jan-2000 14:00, 0.476,  30.4,  25.9, 1007.4, 0.090, 0.034,  226,   0.0,   0.0
03-Jan-2000 15:00, 0.526,  30.4,  25.1, 1006.6, 0.099, 0.040,  198,   0.0,   0.0
03-Jan-2000 16:00, 0.566,  30.1,  25.4, 1006.5, 0.093, 0.027,  192,   0.0,   0.0
03-Jan-2000 17:00, 0.597,  30.2,  25.2, 1006.4, 0.069, 0.002,  189,   0.0,   0.0
03-Jan-2000 18:00, 0.645,  30.1,  25.3, 1006.9, 0.060,-0.007,  162,   0.0,   0.0
03-Jan-2000 19:00, 0.705,  30.1,  25.2, 1007.6, 0.060,-0.002,  113,   0.0,   0.0
03-Jan-2000 20:00, 0.754,  30.0,  25.4, 1008.9, 0.055, 0.001,  129,   0.0,   0.0
03-Jan-2000 21:00, 0.799,  30.1,  25.0, 1009.4, 0.051, 0.008,  136,   0.0,   0.0
03-Jan-2000 22:00, 0.843,  30.2,  25.5, 1010.0, 0.055, 0.018,  114,   0.0,   0.0
03-Jan-2000 23:00, 0.880,  30.2,  26.0, 1009.3, 0.058, 0.025,  296,   0.0,   0.0
04-Jan-2000 00:00, 0.918,  30.2,  26.7, 1008.4, 0.058, 0.018,  181,   0.0,   0.0
04-Jan-2000 01:00, 0.983,  30.2,  28.1, 1007.2, 0.077, 0.027,   55,   0.0,   0.0
04-Jan-2000 02:00, 1.023,  30.2,  28.2, 1006.6, 0.066, 0.005,  283,   0.0,   0.0
04-Jan-2000 03:00, 1.049,  30.2,  29.1, 1006.1, 0.058,-0.008,  332,   0.0,   0.0
04-Jan-2000 04:00, 1.044,  30.3,  28.6, 1005.2, 0.052,-0.021,-9999,   0.0,   0.0
04-Jan-2000 05:00, 0.997,  30.3,  29.0, 1005.1, 0.040,-0.040,  326,   0.0,   0.0
04-Jan-2000 06:00, 0.919,  30.3,  28.7, 1005.1, 0.035,-0.046,  254,   0.0,   0.0
04-Jan-2000 07:00, 0.831,  30.3,  28.8, 1005.8, 0.047,-0.033,  229,   0.0,   0.0
04-Jan-2000 08:00, 0.741,  30.2,  27.3, 1006.6, 0.074, 0.001,  171,   0.0,   0.0
04-Jan-2000 09:00, 0.644,  30.2,  26.7, 1007.5, 0.095, 0.030,  197,   0.0,   0.0
04-Jan-2000 10:00, 0.526,  30.2,  26.1, 1008.1, 0.085, 0.029,  187,   0.0,   0.0
04-Jan-2000 11:00, 0.425,  30.2,  26.0, 1008.4, 0.071, 0.020,  191,   0.0,   0.0
04-Jan-2000 12:00, 0.370,  30.1,  25.8, 1009.1, 0.063, 0.016,  191,   4.1,   0.4
04-Jan-2000 13:00, 0.377,  30.1,  25.6, 1008.5, 0.072, 0.031,  190,   0.0,   0.0
04-Jan-2000 14:00, 0.414,  30.1,  25.4, 1007.5, 0.072, 0.024,  191,   0.0,   0.0
04-Jan-2000 15:00, 0.495,  30.1,  25.3, 1006.7, 0.095, 0.037,  188,   0.0,   0.0
04-Jan-2000 16:00, 0.561,  30.0,  25.1, 1006.4, 0.104, 0.039,  185,   0.0,   0.0
04-Jan-2000 17:00, 0.613,  30.0,  25.2, 1006.3, 0.096, 0.028,  187,   0.0,   0.0
04-Jan-2000 18:00, 0.658,  30.0,  24.8, 1006.6, 0.082, 0.013,  189,   0.0,   0.0
04-Jan-2000 19:00, 0.710,  30.0,  24.8, 1007.1, 0.076, 0.010,  190,   0.0,   0.0
04-Jan-2000 20:00, 0.772,  29.9,  25.0, 1007.8, 0.085, 0.024,  191,   0.0,   0.0
04-Jan-2000 21:00, 0.820,  29.9,  26.7, 1008.3, 0.086, 0.033,  188,   0.0,   0.0
04-Jan-2000 22:00, 0.846,  30.0,  28.9, 1008.5, 0.069, 0.021,-9999,   0.0,   0.0
04-Jan-2000 23:00, 0.859,  30.2,  28.7, 1008.2, 0.047, 0.000,   16,   0.0,   0.0
05-Jan-2000 00:00, 0.916,  30.3,  28.7, 1007.4, 0.067, 0.016,   10,   0.0,   0.0
05-Jan-2000 01:00, 0.977,  30.3,  28.7, 1006.5, 0.084, 0.025,  357,   0.0,   0.0
05-Jan-2000 02:00, 1.035,  30.7,  29.1, 1005.5, 0.087, 0.019,    2,   0.0,   0.0
05-Jan-2000 03:00, 1.094,  30.6,  29.2, 1004.5, 0.095, 0.017,  332,   0.0,   0.0
05-Jan-2000 04:00, 1.095,  30.4,  29.3, 1003.8, 0.077,-0.011,  334,   0.0,   0.0
05-Jan-2000 05:00, 1.049,  30.2,  29.3, 1003.5, 0.050,-0.044,  346,   0.0,   0.0
05-Jan-2000 06:00, 0.982,  31.2,  29.3, 1003.6, 0.047,-0.050,  355,   0.0,   0.0
05-Jan-2000 07:00, 0.887,  30.8,  29.5, 1004.6, 0.054,-0.040,  354,   0.0,   0.0
05-Jan-2000 08:00, 0.797,  30.9,  29.5, 1005.1, 0.089, 0.003,  325,   0.0,   0.0
05-Jan-2000 09:00, 0.717,  30.5,  28.1, 1005.9, 0.144, 0.064,  187,   0.0,   0.0
05-Jan-2000 10:00, 0.570,  30.6,  27.4, 1006.5, 0.121, 0.049,  120,   0.0,   0.0
05-Jan-2000 11:00, 0.418,  30.4,  27.2, 1006.9, 0.072, 0.005,  145,   0.0,   0.0
05-Jan-2000 12:00, 0.359,  30.5,  27.0, 1007.0, 0.079, 0.016,  168,   0.0,   0.0
05-Jan-2000 13:00, 0.340,  30.5,  26.9, 1006.7, 0.076, 0.013,  231,   0.0,   0.0
05-Jan-2000 14:00, 0.386,  30.5,  26.6, 1006.0, 0.088, 0.023,  334,   0.0,   0.0
05-Jan-2000 15:00, 0.476,  30.5,  25.4, 1005.3, 0.112, 0.039,  190,   0.0,   0.0
05-Jan-2000 16:00, 0.552,  30.3,  25.6, 1005.2, 0.117, 0.038,  189,   0.0,   0.0
05-Jan-2000 17:00, 0.611,  29.8,  25.6, 1005.0, 0.109, 0.029,  195,   0.0,   0.0
05-Jan-2000 18:00, 0.661,  29.9,  26.0, 1005.2, 0.095, 0.013,  190,   0.0,   0.0
05-Jan-2000 19:00, 0.708,  29.8,  25.9, 1005.9, 0.085, 0.005,  193,   0.0,   0.0
05-Jan-2000 20:00, 0.766,  29.5,  26.1, 1007.0, 0.092, 0.020,  201,   0.0,   0.0
05-Jan-2000 21:00, 0.822,  29.5,  27.4, 1007.3, 0.104, 0.042,  162,   0.0,   0.0
05-Jan-2000 22:00, 0.838,  29.7,  29.4, 1007.6, 0.081, 0.023,  252,   0.0,   0.0
05-Jan-2000 23:00, 0.865,  29.9,  28.9, 1007.4, 0.070, 0.014,   19,   0.0,   0.0
06-Jan-2000 00:00, 0.916,  30.1,  28.9, 1007.0, 0.084, 0.026,   29,   0.0,   0.0
06-Jan-2000 01:00, 0.982,  30.4,  29.0, 1005.6, 0.106, 0.043,   18,   0.0,   0.0
06-Jan-2000 02:00, 1.060,  30.7,  29.0, 1004.2, 0.131, 0.054,  337,   0.0,   0.0
06-Jan-2000 03:00, 1.111,  30.9,  29.0, 1003.2, 0.123, 0.032,  334,   0.0,   0.0
06-Jan-2000 04:00, 1.146,  30.5,  29.5, 1002.8, 0.117, 0.017,  330,   0.0,   0.0
06-Jan-2000 05:00, 1.117,  30.9,  29.2, 1002.7, 0.087,-0.017,  320,   0.0,   0.0
06-Jan-2000 06:00, 1.055,  30.9,  27.8, 1003.6, 0.071,-0.033,  205,   0.0,   0.0
06-Jan-2000 07:00, 0.967,  30.5,  26.7, 1004.1, 0.076,-0.020,  192,   0.2,   0.0
06-Jan-2000 08:00, 0.861,  30.3,  26.6, 1005.1, 0.098, 0.008,  190,   0.0,   0.0
06-Jan-2000 09:00, 0.745,  30.3,  26.6, 1006.1, 0.125, 0.045,  192,   0.0,   0.0
06-Jan-2000 10:00, 0.604,  30.1,  26.7, 1006.7, 0.124, 0.054,  190,   0.0,   0.0
06-Jan-2000 11:00, 0.449,  29.9,  26.3, 1007.5, 0.087, 0.023,  183,   0.0,   0.0
06-Jan-2000 12:00, 0.368,  30.0,  26.2, 1008.0, 0.093, 0.037,  180,   0.0,   0.0
06-Jan-2000 13:00, 0.347,  30.0,  26.1, 1007.5, 0.107, 0.055,  186,   0.0,   0.0
06-Jan-2000 14:00, 0.371,  30.3,  26.3, 1007.0, 0.112, 0.054,  188,   0.0,   0.0
06-Jan-2000 15:00, 0.433,  30.3,  26.0, 1006.0, 0.110, 0.047,  193,   0.0,   0.0
06-Jan-2000 16:00, 0.512,  30.3,  25.2, 1005.8, 0.107, 0.034,  172,   0.0,   0.0
06-Jan-2000 17:00, 0.589,  30.1,  25.8, 1006.1, 0.107, 0.033,  316,   0.0,   0.0
06-Jan-2000 18:00, 0.649,  30.1,  24.7, 1006.4, 0.097, 0.027,  195,   0.0,   0.0
06-Jan-2000 19:00, 0.695,  30.1,  25.0, 1007.1, 0.082, 0.014,  200,   0.0,   0.0
06-Jan-2000 20:00, 0.770,  30.0,  25.4, 1007.9, 0.108, 0.048,  199,   0.0,   0.0
06-Jan-2000 21:00, 0.812,  29.9,  26.4, 1007.9, 0.110, 0.056,  189,   0.0,   0.0
06-Jan-2000 22:00, 0.830,  30.0,  28.0, 1007.9, 0.094, 0.041,   13,   0.0,   0.0
06-Jan-2000 23:00, 0.846,  30.2,  28.3, 1007.3, 0.074, 0.020,-9999,   0.0,   0.0
07-Jan-2000 00:00, 0.887,  30.2,  28.8, 1006.6, 0.077, 0.017,  353,   0.0,   0.0
07-Jan-2000 01:00, 0.963,  30.6,  29.1, 1005.9, 0.110, 0.043,  347,   0.0,   0.0
07-Jan-2000 02:00, 1.022,  30.8,  29.5, 1005.3, 0.117, 0.043,  316,   0.0,   0.0
07-Jan-2000 03:00, 1.085,  30.8,  29.5, 1004.3, 0.120, 0.040,  329,   0.0,   0.0
07-Jan-2000 04:00, 1.128,  31.1,  29.5, 1003.4, 0.108, 0.017,  303,   0.0,   0.0
07-Jan-2000 05:00, 1.139,  30.4,  29.7, 1003.0, 0.095,-0.004,  308,   0.0,   0.0
07-Jan-2000 06:00, 1.085,  30.1,  29.5, 1003.1, 0.064,-0.038,  277,   0.0,   0.0
07-Jan-2000 07:00, 0.995,  30.2,  29.6, 1004.0, 0.047,-0.053,  307,   0.0,   0.0
07-Jan-2000 08:00, 0.905,  30.3,  28.4, 1004.9, 0.079,-0.013,  193,   0.0,   0.0
07-Jan-2000 09:00, 0.785,  29.9,  27.4, 1006.1, 0.105, 0.023,  192,   0.0,   0.0
07-Jan-2000 10:00, 0.653,  30.2,  26.9, 1006.9, 0.122, 0.052,  190,   0.0,   0.0
07-Jan-2000 11:00, 0.492,  30.0,  27.0, 1007.3, 0.093, 0.030,  185,   0.0,   0.0
07-Jan-2000 12:00, 0.351,  30.0,  26.7, 1008.0, 0.054,-0.004,  131,   0.0,   0.0
07-Jan-2000 13:00, 0.311,  29.9,  26.2, 1007.6, 0.073, 0.021,  207,   0.0,   0.0
07-Jan-2000 14:00, 0.331,  29.9,  25.9, 1006.7, 0.094, 0.036,  188,   0.0,   0.0
07-Jan-2000 15:00, 0.382,  29.9,  25.9, 1006.4, 0.093, 0.028,  184,   0.0,   0.0
07-Jan-2000 16:00, 0.470,  29.9,  25.5, 1006.1, 0.097, 0.029,  192,   0.0,   0.0
07-Jan-2000 17:00, 0.547,  29.8,  25.4, 1006.2, 0.087, 0.016,  191,   0.0,   0.0
07-Jan-2000 18:00, 0.618,-9999 ,  25.9,-9999.0, 0.082, 0.012,  182,   0.0,   0.0
07-Jan-2000 19:00, 0.688,  29.7,  24.8, 1006.7, 0.084, 0.015,  187,   0.0,   0.0
07-Jan-2000 20:00, 0.738,  29.7,  25.1, 1007.7, 0.084, 0.020,  188,   0.0,   0.0
07-Jan-2000 21:00, 0.792,  29.7,  27.2, 1008.1, 0.101, 0.046,  183,   0.0,   0.0
07-Jan-2000 22:00, 0.820,  30.0,  28.7, 1008.3, 0.101, 0.050,   59,   0.0,   0.0
07-Jan-2000 23:00, 0.817,  30.0,  28.6, 1008.1, 0.068, 0.018,   34,   0.0,   0.0
08-Jan-2000 00:00, 0.843,  30.2,  28.6, 1007.6, 0.057, 0.005,   28,   0.0,   0.0
08-Jan-2000 01:00, 0.911,  30.2,  28.6, 1006.6, 0.083, 0.026,   26,   0.0,   0.0
08-Jan-2000 02:00, 0.989,  30.5,  28.8, 1005.6, 0.111, 0.043,-9999,-9999 ,-9999
08-Jan-2000 03:00, 1.063,  30.8,  29.4, 1005.1, 0.125, 0.048,  117,   0.0,   0.0
08-Jan-2000 04:00, 1.124,  30.9,  27.3, 1004.2, 0.125, 0.044,  115,   0.0,   0.0
08-Jan-2000 05:00, 1.147,  30.9,  28.7, 1003.6, 0.107, 0.016,   37,   0.0,   0.0
08-Jan-2000 06:00, 1.112,  30.6,  28.4, 1004.1, 0.072,-0.024,   40,   0.0,   0.0
08-Jan-2000 07:00, 1.033,  30.4,  28.9, 1004.6, 0.042,-0.048,  248,   0.0,   0.0
08-Jan-2000 08:00, 0.950,  30.4,  28.1, 1005.1, 0.062,-0.023,  204,   0.0,   0.0
08-Jan-2000 09:00, 0.857,  30.2,  27.5, 1005.5, 0.111, 0.030,  161,   0.0,   0.0
08-Jan-2000 10:00, 0.738,  30.2,  26.9, 1006.0, 0.146, 0.069,  194,   0.0,   0.0
08-Jan-2000 11:00, 0.605,  30.1,  27.0, 1006.4, 0.154, 0.083,  170,   0.0,   0.0
08-Jan-2000 12:00, 0.439,  30.1,  26.5, 1006.7, 0.101, 0.033,  197,   0.0,   0.0
08-Jan-2000 13:00, 0.342,  30.1,  26.1, 1006.8, 0.081, 0.016,  195,   0.0,   0.0
08-Jan-2000 14:00, 0.351,  30.1,  26.0, 1006.1, 0.115, 0.050,  188,   0.0,   0.0
08-Jan-2000 15:00, 0.415,  30.1,  26.0, 1005.2, 0.147, 0.075,  190,   0.0,   0.0
08-Jan-2000 16:00, 0.489,  30.1,  25.8, 1004.7, 0.147, 0.066,  158,   0.0,   0.0
08-Jan-2000 17:00, 0.572,  30.0,  25.6, 1004.6, 0.138, 0.053,  191,   0.0,   0.0
08-Jan-2000 18:00, 0.641,  29.9,  25.1, 1004.5, 0.122, 0.036,  186,   0.0,   0.0
08-Jan-2000 19:00, 0.721,  30.0,  25.2, 1004.7, 0.129, 0.042,  179,   0.0,   0.0
08-Jan-2000 20:00, 0.785,  29.9,  25.8, 1005.6, 0.135, 0.052,  190,   0.0,   0.0
08-Jan-2000 21:00, 0.875,  29.9,  27.4, 1005.7, 0.189, 0.113,  180,   0.0,   0.0
08-Jan-2000 22:00, 0.896,  30.0,  29.1, 1005.4, 0.186, 0.111,   51,   0.0,   0.0
08-Jan-2000 23:00, 0.879,  30.3,  29.0, 1005.1, 0.147, 0.069,   64,   0.0,   0.0
09-Jan-2000 00:00, 0.909,  30.4,  29.0, 1004.2, 0.145, 0.063,   34,   0.0,   0.0
09-Jan-2000 01:00, 0.956,  30.6,  29.1, 1003.6, 0.152, 0.061,   21,   0.0,   0.0
09-Jan-2000 02:00, 1.010,  30.7,  29.3, 1003.5, 0.159, 0.063,   13,   0.0,   0.0
09-Jan-2000 03:00, 1.077,  30.7,  29.4, 1002.7, 0.168, 0.071,  333,   0.0,   0.0
09-Jan-2000 04:00, 1.151,  30.7,  29.5, 1002.1, 0.182, 0.077,  353,   0.0,   0.0
09-Jan-2000 05:00, 1.196,  30.7,  29.0, 1001.9, 0.177, 0.065,  208,   0.0,   0.0
09-Jan-2000 06:00, 1.167,  30.7,  28.3, 1002.4, 0.130, 0.017,  173,   0.0,   0.0
09-Jan-2000 07:00, 1.113,  30.6,  27.8, 1002.8, 0.103,-0.004,  183,   0.0,   0.0
09-Jan-2000 08:00, 1.053,  30.6,  27.1, 1003.5, 0.119, 0.016,  186,   0.0,   0.0
09-Jan-2000 09:00, 0.956,  30.5,  27.0, 1004.6, 0.148, 0.052,  177,   0.0,   0.0
09-Jan-2000 10:00, 0.841,  30.3,  27.0, 1004.9, 0.184, 0.099,  187,   0.0,   0.0
09-Jan-2000 11:00, 0.674,  29.9,  26.6, 1005.1, 0.164, 0.082,  188,   0.0,   0.0
09-Jan-2000 12:00, 0.505,  30.0,  26.4, 1005.2, 0.115, 0.035,  200,   0.0,   0.0
09-Jan-2000 13:00, 0.413,  29.8,  26.1, 1004.9, 0.108, 0.028,  190,   0.0,   0.0
09-Jan-2000 14:00, 0.389,  29.8,  25.9, 1004.2, 0.130, 0.047,  186,   0.0,   0.0
09-Jan-2000 15:00, 0.434,  30.1,  25.6, 1003.4, 0.167, 0.077,  182,   0.0,   0.0
09-Jan-2000 16:00, 0.495,  30.2,  25.2, 1002.8, 0.170, 0.072,  188,   0.0,   0.0
09-Jan-2000 17:00, 0.580,  30.3,  25.2, 1002.5, 0.168, 0.063,  185,   0.0,   0.0
09-Jan-2000 18:00, 0.660,  30.4,  25.4, 1002.5, 0.156, 0.050,  184,   0.0,   0.0
09-Jan-2000 19:00, 0.711,  30.4,  25.1, 1002.9, 0.129, 0.022,  188,   0.0,   0.0
09-Jan-2000 20:00, 0.770,  30.2,  25.9, 1004.2, 0.122, 0.021,  192,   0.0,   0.0
09-Jan-2000 21:00, 0.852,  30.2,  27.4, 1004.3, 0.161, 0.071,  178,   0.0,   0.0
09-Jan-2000 22:00, 0.914,  30.2,  29.0, 1003.8, 0.202, 0.113,   83,   0.0,   0.0
09-Jan-2000 23:00, 0.902,  30.4,  28.6, 1003.3, 0.176, 0.081,   13,   0.0,   0.0
10-Jan-2000 00:00, 0.878,  30.6,  28.6, 1003.0, 0.129, 0.031,   19,   0.0,   0.0
10-Jan-2000 01:00, 0.914,  30.7,  28.8, 1002.1, 0.129, 0.026,   25,   0.0,   0.0
10-Jan-2000 02:00, 0.967,  30.7,  27.8, 1002.0, 0.138, 0.027,  271,   0.0,   0.0
10-Jan-2000 03:00, 1.012,  30.7,  25.4, 1002.6, 0.134, 0.023,  233,   0.0,   0.0
10-Jan-2000 04:00, 1.082,  30.7,  25.3, 1001.8, 0.148, 0.042,  183,   0.0,   0.0
10-Jan-2000 05:00, 1.150,  30.7,  26.5, 1001.2, 0.163, 0.049,  184,   0.0,   0.0
10-Jan-2000 06:00, 1.168,  30.6,  27.5, 1001.4, 0.152, 0.033,  166,   0.0,   0.0
10-Jan-2000 07:00, 1.130,  30.6,  27.6, 1001.5, 0.123, 0.005,  163,   0.0,   0.0
10-Jan-2000 08:00, 1.055,  30.7,  26.6, 1002.8, 0.102,-0.013,  176,   0.1,   0.0
10-Jan-2000 09:00, 0.956,  30.7,  26.1, 1003.6, 0.103, 0.000,  187,   0.0,   0.0
10-Jan-2000 10:00, 0.847,  30.6,  25.6, 1004.2, 0.133, 0.038,  185,   0.0,   0.0
10-Jan-2000 11:00, 0.726,  30.5,  25.5, 1004.2, 0.157, 0.067,  188,   0.0,   0.0
10-Jan-2000 12:00, 0.596,  30.1,  25.4, 1004.3, 0.152, 0.062,  198,   0.0,   0.0
10-Jan-2000 13:00, 0.481,  30.2,  25.1, 1004.3, 0.126, 0.038,  188,   0.0,   0.0
10-Jan-2000 14:00, 0.429,  30.1,  24.8, 1003.1, 0.128, 0.038,  189,   0.0,   0.0
10-Jan-2000 15:00, 0.418,  30.0,  24.7, 1002.5, 0.130, 0.028,  197,   0.0,   0.0
10-Jan-2000 16:00, 0.456,  30.0,  24.6, 1002.1, 0.132, 0.025,  187,   0.0,   0.0
10-Jan-2000 17:00, 0.541,  30.0,  24.5, 1001.9, 0.142, 0.031,  185,   0.0,   0.0
10-Jan-2000 18:00, 0.642,  29.9,  24.6, 1002.4, 0.150, 0.037,  185,   0.1,   0.0
10-Jan-2000 19:00, 0.703,  29.8,  24.0, 1003.4, 0.127, 0.020,   34,   0.0,   0.0
10-Jan-2000 20:00, 0.759,  29.8,  23.6, 1004.6, 0.112, 0.015,  215,   0.0,   0.0
10-Jan-2000 21:00, 0.819,  29.7,  23.9, 1005.5, 0.119, 0.034,  312,   0.0,   0.0
10-Jan-2000 22:00, 0.876,  29.7,  23.4, 1005.9, 0.151, 0.075,  165,   0.0,   0.0
10-Jan-2000 23:00, 0.893,  29.7,  23.4, 1006.0, 0.159, 0.087,  177,   0.0,   0.0
11-Jan-2000 00:00, 0.902,  29.6,  22.9, 1005.6, 0.158, 0.086,  180,   0.0,   0.0
11-Jan-2000 01:00, 0.920,  29.4,  23.4, 1004.0, 0.149, 0.071,  184,   0.0,   0.0
11-Jan-2000 02:00, 0.965,  29.6,  24.1, 1002.5, 0.154, 0.061,  173,   0.0,   0.0
11-Jan-2000 03:00, 1.045,  29.4,  25.6, 1001.0, 0.191, 0.083,   41,   0.0,   0.0
11-Jan-2000 04:00, 1.087,  29.5,  26.0, 1000.5, 0.187, 0.065,-9999,   0.0,   0.0
11-Jan-2000 05:00, 1.133,  29.6,  26.3, 1000.4, 0.188, 0.061,  287,   0.0,   0.0
11-Jan-2000 06:00, 1.161,  29.7,  27.0, 1001.0, 0.183, 0.055,  249,   0.0,   0.0
11-Jan-2000 07:00, 1.139,  29.7,  26.8, 1002.2, 0.159, 0.038,  232,   0.0,   0.0
11-Jan-2000 08:00, 1.071,  29.7,  26.2, 1003.2, 0.127, 0.018,  165,   0.0,   0.0
11-Jan-2000 09:00, 0.965,  29.7,  25.0, 1004.2, 0.096,-0.002,  157,   0.0,   0.0
11-Jan-2000 10:00, 0.852,  29.8,  25.0, 1004.2, 0.097, 0.007,  177,   0.0,   0.0
11-Jan-2000 11:00, 0.737,  29.8,  24.9, 1004.6, 0.116, 0.027,  133,   0.0,   0.0
11-Jan-2000 12:00, 0.648,  29.9,  24.8, 1004.6, 0.152, 0.066,  180,   0.0,   0.0
11-Jan-2000 13:00, 0.577,  29.8,  24.8, 1004.7, 0.172, 0.087,  188,   0.0,   0.0
11-Jan-2000 14:00, 0.491,  29.6,  24.5, 1004.0, 0.140, 0.055,  200,   0.0,   0.0
11-Jan-2000 15:00, 0.461,  29.7,  24.3, 1002.9, 0.131, 0.038,  185,   0.0,   0.0
11-Jan-2000 16:00, 0.485,  29.8,  24.5, 1002.5, 0.139, 0.036,  188,   0.0,   0.0
11-Jan-2000 17:00, 0.545,  29.8,  24.2, 1002.3, 0.143, 0.036,  188,   0.0,   0.0
11-Jan-2000 18:00, 0.641,  29.7,  24.2, 1002.6, 0.156, 0.048,  188,   0.0,   0.0
11-Jan-2000 19:00, 0.735,  29.8,  24.1, 1003.1, 0.161, 0.055,  195,   0.0,   0.0
11-Jan-2000 20:00, 0.806,  29.9,  24.6, 1004.0, 0.156, 0.056,  192,   0.0,   0.0
11-Jan-2000 21:00, 0.878,  29.8,  26.5, 1004.4, 0.169, 0.078,  191,   0.0,   0.0
11-Jan-2000 22:00, 0.930,  29.8,  28.1, 1004.7, 0.184, 0.097,   12,   0.0,   0.0
11-Jan-2000 23:00, 0.966,  29.9,  28.2, 1004.4, 0.210, 0.125,-9999,   0.0,   0.0
12-Jan-2000 00:00, 0.936,  29.9,  27.5, 1003.9, 0.179, 0.090,  284,   0.0,   0.0
12-Jan-2000 01:00, 0.909,  30.0,  27.6, 1003.3, 0.139, 0.046,  276,   0.0,   0.0
12-Jan-2000 02:00, 0.935,  30.1,  27.9, 1001.8, 0.136, 0.035,  337,   0.0,   0.0
12-Jan-2000 03:00, 0.984,  30.0,  28.1, 1001.3, 0.149, 0.034,  309,   0.0,   0.0
12-Jan-2000 04:00, 1.046,  30.4,  28.3, 1000.9, 0.177, 0.058,  325,   0.0,   0.0
12-Jan-2000 05:00, 1.084,  30.2,  28.7, 1000.0, 0.183, 0.058,  318,   0.0,   0.0
12-Jan-2000 06:00, 1.115,  30.4,  28.6, 1000.3, 0.187, 0.056,  317,   0.0,   0.0
12-Jan-2000 07:00, 1.116,  30.4,  28.7, 1000.7, 0.182, 0.053,  339,   0.0,   0.0
12-Jan-2000 08:00, 1.056,  30.2,  27.9, 1001.8, 0.147, 0.024,  220,   0.0,   0.0
12-Jan-2000 09:00, 0.956,  30.2,  26.3, 1002.4, 0.105,-0.008,  190,   0.0,   0.0
12-Jan-2000 10:00, 0.867,  30.0,  26.0, 1002.8, 0.102,-0.005,  198,   0.0,   0.0
12-Jan-2000 11:00, 0.802,  30.0,  25.8, 1003.8, 0.148, 0.045,  194,   0.0,   0.0
12-Jan-2000 12:00, 0.716,  30.0,  25.8, 1004.5, 0.175, 0.082,  198,   0.0,   0.0
12-Jan-2000 13:00, 0.618,  29.9,  25.6, 1003.8, 0.167, 0.079,  198,   0.0,   0.0
12-Jan-2000 14:00, 0.543,  29.9,  25.4, 1003.1, 0.144, 0.050,  194,   0.0,   0.0
12-Jan-2000 15:00, 0.494,  30.0,  25.6, 1002.6, 0.115, 0.013,  150,   0.0,   0.0
12-Jan-2000 16:00, 0.510,  29.9,  25.1, 1002.5, 0.123, 0.018,  181,   0.0,   0.0
12-Jan-2000 17:00, 0.557,  29.9,  24.6, 1001.9, 0.133, 0.025,  194,   0.0,   0.0
12-Jan-2000 18:00, 0.635,  29.9,  25.1, 1002.6, 0.143, 0.031,  194,   0.0,   0.0
12-Jan-2000 19:00, 0.733,  29.8,  24.9, 1003.0, 0.157, 0.051,  210,   0.0,   0.0
12-Jan-2000 20:00, 0.824,  29.8,  24.9, 1004.1, 0.168, 0.068,  208,   0.0,   0.0
12-Jan-2000 21:00, 0.877,  29.8,  24.3, 1004.4, 0.156, 0.065,  192,   0.0,   0.0
12-Jan-2000 22:00, 0.922,  29.9,  24.9, 1005.4, 0.155, 0.069,  235,   0.0,   0.0
12-Jan-2000 23:00, 0.980,  29.8,  24.7, 1005.4, 0.194, 0.116,  173,   0.0,   0.0
13-Jan-2000 00:00, 0.972,  29.9,  25.8, 1004.8, 0.184, 0.106,  163,   0.0,   0.0
13-Jan-2000 01:00, 0.943,  29.9,  26.3, 1004.0, 0.156, 0.071,  183,   0.0,   0.0
13-Jan-2000 02:00, 0.932,  29.9,  26.8, 1003.7, 0.133, 0.041,   62,   0.0,   0.0
13-Jan-2000 03:00, 0.950,  30.0,  27.0, 1003.0, 0.126, 0.030,   27,   0.0,   0.0
13-Jan-2000 04:00, 0.997,  30.0,  27.1, 1002.4, 0.148, 0.046,  331,   0.0,   0.0
13-Jan-2000 05:00, 1.011,  30.0,  27.4, 1002.2, 0.147, 0.039,-9999,   0.0,   0.0
13-Jan-2000 06:00, 1.029,  29.9,  27.4, 1001.7, 0.156, 0.046,-9999,   0.0,   0.0
13-Jan-2000 07:00, 1.033,  30.0,  27.6, 1002.3, 0.160, 0.046,   76,   0.0,   0.0
13-Jan-2000 08:00, 0.989,  30.0,  26.6, 1003.2, 0.138, 0.030,  170,   0.0,   0.0
13-Jan-2000 09:00, 0.919,  30.0,  26.0, 1003.7, 0.114, 0.015,  185,   0.0,   0.0
13-Jan-2000 10:00, 0.838,  29.9,  25.5, 1004.3, 0.100, 0.006,  188,   0.0,   0.0
13-Jan-2000 11:00, 0.777,  30.0,  25.3, 1004.6, 0.120, 0.032,  188,   0.0,   0.0
13-Jan-2000 12:00, 0.719,  29.9,  25.0, 1004.9, 0.152, 0.066,  187,   0.0,   0.0
13-Jan-2000 13:00, 0.656,  29.9,  24.9, 1004.9, 0.167, 0.084,  191,   0.0,   0.0
13-Jan-2000 14:00, 0.593,  29.9,  25.1, 1003.9, 0.152, 0.068,  184,   0.0,   0.0
13-Jan-2000 15:00, 0.568,  29.9,  24.9, 1002.8, 0.142, 0.048,  186,   0.0,   0.0
13-Jan-2000 16:00, 0.570,  29.9,  24.9, 1002.6, 0.133, 0.029,  189,   0.0,   0.0
13-Jan-2000 17:00, 0.585,  29.8,  25.1, 1002.6, 0.118, 0.012,  180,   0.0,   0.0
13-Jan-2000 18:00, 0.655,  29.8,  24.8, 1002.8, 0.137, 0.032,  192,   0.0,   0.0
13-Jan-2000 19:00, 0.730,  29.8,  24.9, 1003.5, 0.143, 0.040,  186,   0.0,   0.0
13-Jan-2000 20:00, 0.828,  29.8,  25.5, 1004.3, 0.164, 0.067,  187,   0.0,   0.0
13-Jan-2000 21:00, 0.898,  29.8,  27.0, 1005.2, 0.164, 0.077,  188,   0.0,   0.0
13-Jan-2000 22:00, 0.937,  29.8,  28.3, 1005.3, 0.151, 0.071,  110,   0.0,   0.0
13-Jan-2000 23:00, 0.979,  29.8,  26.6, 1005.4, 0.162, 0.084,   96,   0.0,   0.0
14-Jan-2000 00:00, 1.001,  29.8,  27.4, 1004.9, 0.176, 0.098,  105,   0.0,   0.0
14-Jan-2000 01:00, 0.980,  29.9,  28.0, 1004.3, 0.158, 0.075,   65,   0.0,   0.0
14-Jan-2000 02:00, 0.962,  30.0,  28.2, 1003.6, 0.142, 0.053,   38,   0.0,   0.0
14-Jan-2000 03:00, 0.955,  30.1,  28.1, 1002.8, 0.129, 0.032,-9999,   0.0,   0.0
14-Jan-2000 04:00, 0.979,  30.3,  28.7, 1002.0, 0.142, 0.037,  296,   0.0,   0.0
14-Jan-2000 05:00, 0.986,  30.3,  29.0, 1001.9, 0.146, 0.034,   24,   0.0,   0.0
14-Jan-2000 06:00, 0.975,  30.1,  26.6, 1002.3, 0.147, 0.033,   54,   0.0,   0.0
14-Jan-2000 07:00, 0.963,  30.3,  26.4, 1004.3, 0.155, 0.049,  146,   0.0,   0.0
14-Jan-2000 08:00, 0.922,  30.2,  26.4, 1004.9, 0.145, 0.057,  183,   0.0,   0.0
14-Jan-2000 09:00, 0.854,  30.1,  25.8, 1005.7, 0.120, 0.038,  187,   0.0,   0.0
14-Jan-2000 10:00, 0.775,  30.1,  25.0, 1006.0, 0.095, 0.021,  193,   0.0,   0.0
14-Jan-2000 11:00, 0.709,  30.1,  25.1, 1006.0, 0.089, 0.018,  223,   0.0,   0.0
14-Jan-2000 12:00, 0.677,  30.1,  25.1, 1005.5, 0.118, 0.045,  192,   0.0,   0.0
14-Jan-2000 13:00, 0.657,  30.0,  24.7, 1005.3, 0.149, 0.072,  196,   0.0,   0.0
14-Jan-2000 14:00, 0.643,  30.0,  24.9, 1004.8, 0.170, 0.090,  184,   0.0,   0.0
14-Jan-2000 15:00, 0.614,  30.0,  25.0, 1004.8, 0.149, 0.065,  190,   0.0,   0.0
14-Jan-2000 16:00, 0.591,  29.9,  25.1, 1004.7, 0.109, 0.025,  190,   0.0,   0.0
14-Jan-2000 17:00, 0.620,  29.9,  24.9, 1004.2, 0.102, 0.017,  182,   0.0,   0.0
14-Jan-2000 18:00, 0.669,  29.9,  24.8, 1004.6, 0.107, 0.018,  186,   0.0,   0.0
14-Jan-2000 19:00, 0.739,  29.9,  25.0, 1005.3, 0.123, 0.038,  190,   0.0,   0.0
14-Jan-2000 20:00, 0.819,  29.9,  25.4, 1006.0, 0.139, 0.061,  176,   0.0,   0.0
14-Jan-2000 21:00, 0.896,  29.9,  26.7, 1006.7, 0.149, 0.078,  195,   0.0,   0.0
14-Jan-2000 22:00, 0.955,  29.9,  27.5, 1007.2, 0.152, 0.088,-9999,   0.0,   0.0
14-Jan-2000 23:00, 1.001,  29.9,  28.4, 1007.1, 0.158, 0.098,-9999,   0.0,   0.0
15-Jan-2000 00:00, 1.021,  30.0,  29.1, 1006.6, 0.159, 0.098,-9999,   0.0,   0.0
15-Jan-2000 01:00, 1.027,  30.0,  29.1, 1005.9, 0.163, 0.096,  338,   0.0,   0.0
15-Jan-2000 02:00, 1.020,  30.1,  29.0, 1004.6, 0.162, 0.088,  332,   0.0,   0.0
15-Jan-2000 03:00, 0.989,  30.0,  29.2, 1003.5, 0.141, 0.054,   16,   0.0,   0.0
15-Jan-2000 04:00, 0.990,  30.2,  29.3, 1002.6, 0.149, 0.051,    3,   0.0,   0.0
15-Jan-2000 05:00, 0.992,  30.3,  29.4, 1002.4, 0.163, 0.057,  358,   0.0,   0.0
15-Jan-2000 06:00, 0.958,  30.2,  29.5, 1002.8, 0.157, 0.050,  332,   0.0,   0.0
15-Jan-2000 07:00, 0.921,  30.1,  29.5, 1003.7, 0.163, 0.060,  289,   0.0,   0.0
15-Jan-2000 08:00, 0.862,  30.1,  28.7, 1004.8, 0.157, 0.063,  201,   0.0,   0.0
15-Jan-2000 09:00, 0.793,  30.1,  27.2, 1005.8, 0.142, 0.060,  188,   0.0,   0.0
15-Jan-2000 10:00, 0.728,  30.3,  27.0, 1006.5, 0.130, 0.057,  189,   0.0,   0.0
15-Jan-2000 11:00, 0.660,  30.0,  27.3, 1007.3, 0.109, 0.043,  314,   0.0,   0.0
15-Jan-2000 12:00, 0.616,  30.0,  26.6, 1007.4, 0.102, 0.043,  199,   0.0,   0.0
15-Jan-2000 13:00, 0.603,  30.0,  26.1, 1007.0, 0.113, 0.055,  174,   0.0,   0.0
15-Jan-2000 14:00, 0.620,  30.0,  25.9, 1006.6, 0.138, 0.076,  185,   0.0,   0.0
15-Jan-2000 15:00, 0.640,  30.0,  25.6, 1006.0, 0.150, 0.083,  180,   0.0,   0.0
15-Jan-2000 16:00, 0.656,  29.8,  25.4, 1005.7, 0.140, 0.068,  189,   0.0,   0.0
15-Jan-2000 17:00, 0.675,  29.9,  25.0, 1005.5, 0.115, 0.039,  183,   0.0,   0.0
15-Jan-2000 18:00, 0.708,  29.9,  25.0, 1006.0, 0.097, 0.020,  186,   0.0,   0.0
15-Jan-2000 19:00, 0.759,  29.8,  25.0, 1006.6, 0.099, 0.027,  187,   0.0,   0.0
15-Jan-2000 20:00, 0.829,  29.8,  25.4, 1006.9, 0.118, 0.052,  181,   0.0,   0.0
15-Jan-2000 21:00, 0.906,  29.8,  26.7, 1007.5, 0.141, 0.079,  186,   0.0,   0.0
15-Jan-2000 22:00, 0.979,  29.8,  28.8, 1007.5, 0.160, 0.103,   88,   0.0,   0.0
15-Jan-2000 23:00, 1.031,  29.9,  29.6, 1007.1, 0.166, 0.109,   79,   0.0,   0.0
16-Jan-2000 00:00, 1.065,  30.0,  29.1, 1006.4, 0.172, 0.110,   49,   0.0,   0.0
16-Jan-2000 01:00, 1.086,  30.3,  29.1, 1005.4, 0.180, 0.111,   45,   0.0,   0.0
16-Jan-2000 02:00, 1.077,  30.4,  29.3, 1004.7, 0.173, 0.094,   45,   0.0,   0.0
16-Jan-2000 03:00, 1.053,  30.4,  29.5, 1003.8, 0.162, 0.077,   49,   0.0,   0.0
16-Jan-2000 04:00, 1.016,  30.2,  29.6, 1003.3, 0.150, 0.056,   44,   0.0,   0.0
16-Jan-2000 05:00, 0.982,  30.3,  29.7, 1003.1, 0.146, 0.047,   46,   0.0,   0.0
16-Jan-2000 06:00, 0.925,  30.7,  30.0, 1003.7, 0.131, 0.030,   79,   0.0,   0.0
16-Jan-2000 07:00, 0.865,  30.6,  29.0, 1004.9, 0.132, 0.038,  208,   0.0,   0.0
16-Jan-2000 08:00, 0.799,  30.2,  28.0, 1005.5, 0.142, 0.060,  199,   0.0,   0.0
16-Jan-2000 09:00, 0.717,  30.1,  27.2, 1006.0, 0.139, 0.062,  181,   0.0,   0.0
16-Jan-2000 10:00, 0.644,  30.3,  26.7, 1007.1, 0.135, 0.063,  187,   0.0,   0.0
16-Jan-2000 11:00, 0.580,  30.3,  26.2, 1007.9, 0.118, 0.058,  194,   0.0,   0.0
16-Jan-2000 12:00, 0.551,  30.3,  26.1, 1007.8, 0.113, 0.060,  181,   0.0,   0.0
16-Jan-2000 13:00, 0.555,  30.3,  25.5, 1007.4, 0.119, 0.065,  191,   0.0,   0.0
16-Jan-2000 14:00, 0.587,  30.1,  25.3, 1006.7, 0.134, 0.075,  199,   0.0,   0.0
16-Jan-2000 15:00, 0.634,  30.2,  25.3, 1006.5, 0.147, 0.082,  188,   0.0,   0.0
16-Jan-2000 16:00, 0.682,  30.1,  25.1, 1006.1, 0.151, 0.083,  189,   0.0,   0.0
16-Jan-2000 17:00, 0.724,  30.1,  24.7, 1006.0, 0.140, 0.069,  174,   0.0,   0.0
16-Jan-2000 18:00, 0.777,  30.0,  24.8, 1006.0, 0.130, 0.058,  185,   0.0,   0.0
16-Jan-2000 19:00, 0.825,  30.0,  24.7, 1006.4, 0.121, 0.050,  183,   0.0,   0.0
16-Jan-2000 20:00, 0.867,  30.0,  25.1, 1006.6, 0.115, 0.047,  190,   0.0,   0.0
16-Jan-2000 21:00, 0.933,  30.0,  27.2, 1007.0, 0.137, 0.072,  181,   0.0,   0.0
16-Jan-2000 22:00, 0.998,  30.0,  29.4, 1006.9, 0.161, 0.099,  100,   0.0,   0.0
16-Jan-2000 23:00, 1.053,  30.0,  30.3, 1006.6, 0.173, 0.110,  103,   0.0,   0.0
17-Jan-2000 00:00, 1.105,  30.1,  29.7, 1005.8, 0.188, 0.121,   53,   0.0,   0.0
17-Jan-2000 01:00, 1.139,  30.3,  29.7, 1005.4, 0.198, 0.124,   51,   0.0,   0.0
17-Jan-2000 02:00, 1.152,  30.5,  29.9, 1004.6, 0.204, 0.125,   47,   0.0,   0.0
17-Jan-2000 03:00, 1.148,  30.4,  30.5, 1003.8, 0.208, 0.122,   60,   0.0,   0.0
17-Jan-2000 04:00, 1.117,  30.6,  30.5, 1003.2, 0.205, 0.111,   62,   0.0,   0.0
17-Jan-2000 05:00, 1.072,  30.7,  30.2, 1002.7, 0.206, 0.106,   59,   0.0,   0.0
17-Jan-2000 06:00, 0.994,  30.6,  30.3, 1003.2, 0.186, 0.081,   65,   0.0,   0.0
17-Jan-2000 07:00, 0.892,  30.6,  28.2, 1004.3, 0.157, 0.058,  209,   0.0,   0.0
17-Jan-2000 08:00, 0.797,  30.6,  27.2, 1004.9, 0.156, 0.068,  190,   0.0,   0.0
17-Jan-2000 09:00, 0.699,  30.5,  26.8, 1006.1, 0.161, 0.079,  184,   0.0,   0.0
17-Jan-2000 10:00, 0.617,  30.5,  26.0, 1006.9, 0.175, 0.105,  182,   0.0,   0.0
17-Jan-2000 11:00, 0.537,  30.5,  25.9, 1007.5, 0.162, 0.100,  186,   0.0,   0.0
17-Jan-2000 12:00, 0.516,  30.4,  25.9, 1007.9, 0.168, 0.112,  185,   0.0,   0.0
17-Jan-2000 13:00, 0.519,  30.4,  25.6, 1007.4, 0.164, 0.111,  182,   0.0,   0.0
17-Jan-2000 14:00, 0.542,  30.4,  25.3, 1006.9, 0.152, 0.093,  189,   0.0,   0.0
17-Jan-2000 15:00, 0.611,  30.3,  25.0, 1006.2, 0.165, 0.101,  183,   0.0,   0.0
17-Jan-2000 16:00, 0.686,  30.3,  24.9, 1005.7, 0.171, 0.101,  187,   0.0,   0.0
17-Jan-2000 17:00, 0.766,  30.2,  24.5, 1005.6, 0.181, 0.106,  186,   0.0,   0.0
17-Jan-2000 18:00, 0.820,  30.2,  24.0, 1005.9, 0.162, 0.086,  182,   0.0,   0.0
17-Jan-2000 19:00, 0.852,  30.1,  24.1, 1006.6, 0.123, 0.051,  186,   0.0,   0.0
17-Jan-2000 20:00, 0.906,  30.0,  24.8, 1007.1, 0.120, 0.055,  182,   0.0,   0.0
17-Jan-2000 21:00, 0.952,  30.1,  27.2, 1007.4, 0.124, 0.063,  182,   0.0,   0.0
17-Jan-2000 22:00, 0.999,  30.1,  29.2, 1007.6, 0.138, 0.080,  157,   0.0,   0.0
17-Jan-2000 23:00, 1.042,  30.1,  28.5, 1007.4, 0.148, 0.092,   51,   0.0,   0.0
18-Jan-2000 00:00, 1.092,  30.2,  28.6, 1006.9, 0.161, 0.103,   36,   0.0,   0.0
18-Jan-2000 01:00, 1.132,  30.1,  28.6, 1006.1, 0.167, 0.103,  294,   0.0,   0.0
18-Jan-2000 02:00, 1.141,  30.2,  29.5, 1005.2, 0.156, 0.084,   15,   0.0,   0.0
18-Jan-2000 03:00, 1.140,  30.2,  29.6, 1004.3, 0.154, 0.073,   38,   0.0,   0.0
18-Jan-2000 04:00, 1.135,  30.6,  29.7, 1003.6, 0.169, 0.080,   36,   0.0,   0.0
18-Jan-2000 05:00, 1.086,  30.7,  27.1, 1003.0, 0.168, 0.072,  195,   0.0,   0.0
18-Jan-2000 06:00, 1.009,  30.5,  27.5, 1003.7, 0.164, 0.062,  180,   0.0,   0.0
18-Jan-2000 07:00, 0.901,  30.6,  26.2, 1005.5, 0.142, 0.049,  151,   0.0,   0.0
18-Jan-2000 08:00, 0.769,  30.6,  26.0, 1005.6, 0.113, 0.036,  126,   0.0,   0.0
18-Jan-2000 09:00, 0.639,  30.5,  25.6, 1006.3, 0.101, 0.026,  223,   0.0,   0.0
18-Jan-2000 10:00, 0.532,  30.4,  25.3, 1006.1, 0.114, 0.045,  199,   0.0,   0.0
18-Jan-2000 11:00, 0.435,  30.5,  25.2, 1006.7, 0.116, 0.045,  197,   0.0,   0.0
18-Jan-2000 12:00, 0.393,  30.4,  25.2, 1006.9, 0.124, 0.059,  190,   0.0,   0.0
18-Jan-2000 13:00, 0.388,  30.3,  25.3, 1006.7, 0.118, 0.056,  196,   0.0,   0.0
18-Jan-2000 14:00, 0.434,  30.2,  25.1, 1005.9, 0.122, 0.057,  194,   0.0,   0.0
18-Jan-2000 15:00, 0.498,  30.1,  25.0, 1005.0, 0.120, 0.046,  179,   0.0,   0.0
18-Jan-2000 16:00, 0.584,  30.2,  25.2, 1004.5, 0.119, 0.036,  173,   0.0,   0.0
18-Jan-2000 17:00, 0.688,  30.2,  27.1, 1004.3, 0.129, 0.042,  289,   0.0,   0.0
18-Jan-2000 18:00, 0.768,  30.1,  25.7, 1005.1, 0.124, 0.035,  245,   0.0,   0.0
18-Jan-2000 19:00, 0.851,  30.0,  25.2, 1006.1, 0.126, 0.046,  334,   0.0,   0.0
18-Jan-2000 20:00, 0.921,  29.7,  24.5, 1006.1, 0.125, 0.055,-9999,   0.0,   0.0
18-Jan-2000 21:00, 0.950,  29.6,  25.6, 1006.4, 0.103, 0.031,  200,   0.0,   0.0
18-Jan-2000 22:00, 0.991,  29.7,  27.0, 1007.4, 0.108, 0.041,   51,   0.0,   0.0
18-Jan-2000 23:00, 1.021,  29.7,  27.2, 1007.0, 0.112, 0.054,-9999,   0.0,   0.0
19-Jan-2000 00:00, 1.067,  29.8,  27.8, 1007.0, 0.129, 0.067,   11,   0.0,   0.0
19-Jan-2000 01:00, 1.125,  29.8,  26.5, 1006.4, 0.151, 0.089,  308,   0.0,   0.0
19-Jan-2000 02:00, 1.157,  29.8,  26.9, 1005.7, 0.150, 0.081,  276,   0.0,   0.0
19-Jan-2000 03:00, 1.176,  30.0,  27.7, 1004.7, 0.154, 0.078,  271,   0.0,   0.0
19-Jan-2000 04:00, 1.176,  30.0,  28.3, 1003.6, 0.163, 0.076,  278,   0.0,   0.0
19-Jan-2000 05:00, 1.132,  30.0,  28.2, 1003.9, 0.155, 0.059,  269,   0.0,   0.0
19-Jan-2000 06:00, 1.068,  30.1,  27.9, 1004.4, 0.165, 0.073,  265,   0.0,   0.0
19-Jan-2000 07:00, 0.953,  30.0,  27.9, 1005.3, 0.148, 0.061,  301,   0.0,   0.0
19-Jan-2000 08:00, 0.814,  30.0,  26.6, 1005.9, 0.120, 0.041,  252,   0.0,   0.0
19-Jan-2000 09:00, 0.676,  30.0,  26.5, 1006.6, 0.107, 0.035,  278,   0.0,   0.0
19-Jan-2000 10:00, 0.527,  30.0,  26.2, 1006.8, 0.090, 0.024,  265,   0.0,   0.0
19-Jan-2000 11:00, 0.412,  30.0,  26.1, 1006.8, 0.099, 0.035,  268,   0.0,   0.0
19-Jan-2000 12:00, 0.361,  30.0,  26.7, 1006.8, 0.132, 0.068,  197,   0.0,   0.0
19-Jan-2000 13:00, 0.343,  30.0,  26.3, 1006.8, 0.139, 0.075,  136,   0.0,   0.0
19-Jan-2000 14:00, 0.372,  30.1,  25.5, 1006.4, 0.136, 0.072,  215,   0.0,   0.0
19-Jan-2000 15:00, 0.442,  30.1,  25.5, 1005.3, 0.136, 0.067,  182,   0.0,   0.0
19-Jan-2000 16:00, 0.513,  30.0,  25.6, 1004.5, 0.117, 0.037,  176,   0.0,   0.0
19-Jan-2000 17:00, 0.610,  30.0,  25.7, 1004.5, 0.106, 0.019,  184,   0.0,   0.0
19-Jan-2000 18:00, 0.724,  30.0,  25.6, 1005.3, 0.116, 0.030,  187,   0.0,   0.0
19-Jan-2000 19:00, 0.829,  29.9,  25.0, 1005.9, 0.132, 0.053,  183,   0.0,   0.0
19-Jan-2000 20:00, 0.917,  29.9,  25.5, 1006.4, 0.141, 0.069,  181,   0.0,   0.0
19-Jan-2000 21:00, 0.958,  29.9,  26.0, 1006.8, 0.119, 0.051,  186,   0.0,   0.0
19-Jan-2000 22:00, 0.991,  29.9,  27.7, 1007.0, 0.106, 0.042,  183,   0.0,   0.0
19-Jan-2000 23:00, 1.040,  30.0,  28.6, 1006.4, 0.125, 0.063,  333,   0.0,   0.0
20-Jan-2000 00:00, 1.063,  30.2,  28.7, 1005.5, 0.124, 0.055,  343,   0.0,   0.0
20-Jan-2000 01:00, 1.106,  30.4,  28.8, 1004.6, 0.137, 0.059,  323,   0.0,   0.0
20-Jan-2000 02:00, 1.156,  30.4,  29.3, 1003.5, 0.148, 0.061,  336,   0.0,   0.0
20-Jan-2000 03:00, 1.205,  30.7,  29.8, 1002.5, 0.164, 0.066,  327,   9.0,   0.0
20-Jan-2000 04:00, 1.213,  30.3,  31.3, 1001.2, 0.165, 0.056,  287,   0.0,   0.0
20-Jan-2000 05:00, 1.175,  30.7,  32.0, 1000.9, 0.149, 0.029,  244,   0.0,   0.0
20-Jan-2000 06:00, 1.107,  30.6,  29.5, 1001.4, 0.140, 0.017,  124,   0.0,   0.0
20-Jan-2000 07:00, 1.020,  30.3,  28.9, 1002.4, 0.152, 0.036,  139,   0.0,   0.0
20-Jan-2000 08:00, 0.918,  30.1,  28.2, 1003.1, 0.170, 0.063,  157,   0.0,   0.0
20-Jan-2000 09:00, 0.774,  30.2,  26.9, 1003.9, 0.155, 0.055,  169,   0.0,   0.0
20-Jan-2000 10:00, 0.600,  30.2,  26.5, 1004.7, 0.115, 0.023,  209,   0.0,   0.0
20-Jan-2000 11:00, 0.443,  30.0,  25.9, 1005.3, 0.092, 0.008,  233,   0.0,   0.0
20-Jan-2000 12:00, 0.360,  30.1,  26.0, 1005.5, 0.120, 0.041,  200,   0.0,   0.0
20-Jan-2000 13:00, 0.328,  30.1,  25.2, 1005.1, 0.146, 0.069,  178,   0.0,   0.0
20-Jan-2000 14:00, 0.343,  30.1,  25.2, 1004.7, 0.157, 0.076,  188,   0.0,   0.0
20-Jan-2000 15:00, 0.400,  30.1,  24.8, 1004.1, 0.155, 0.070,  175,   0.0,   0.0
20-Jan-2000 16:00, 0.467,  30.1,  24.9, 1003.7, 0.134, 0.043,  188,   0.0,   0.0
20-Jan-2000 17:00, 0.549,  29.9,  24.9, 1003.7, 0.111, 0.016,  191,   0.0,   0.0
20-Jan-2000 18:00, 0.650,  29.9,  24.5, 1004.2, 0.094, 0.000,  187,   0.0,   0.0
20-Jan-2000 19:00, 0.777,  29.8,  24.3, 1004.6, 0.119, 0.030,  190,   0.0,   0.0
20-Jan-2000 20:00, 0.881,  29.8,  24.9, 1004.7, 0.142, 0.056,  192,   0.0,   0.0
20-Jan-2000 21:00, 0.938,  29.6,  27.7, 1005.2, 0.132, 0.048,  298,   0.0,   0.0
20-Jan-2000 22:00, 0.960,  29.7,  28.5, 1005.0, 0.100, 0.020,  292,   0.0,   0.0
20-Jan-2000 23:00, 0.982,  29.8,  28.7, 1004.6, 0.083, 0.001,  325,   0.0,   0.0
21-Jan-2000 00:00, 1.038,  30.0,  28.8, 1003.8, 0.112, 0.025,-9999,   0.0,   0.0
21-Jan-2000 01:00, 1.087,  30.1,  29.2, 1003.2, 0.132, 0.038,  352,   0.0,   0.0
21-Jan-2000 02:00, 1.136,  30.2,  29.5, 1002.0, 0.146, 0.045,   55,   0.0,   0.0
21-Jan-2000 03:00, 1.191,  30.3,  29.9, 1000.5, 0.158, 0.045,   52,   0.0,   0.0
21-Jan-2000 04:00, 1.223,  30.3,  30.4,  999.5, 0.161, 0.033,   46,   0.0,   0.0
21-Jan-2000 05:00, 1.199,  30.4,  31.4,  999.0, 0.142, 0.005,   62,   0.0,   0.0
21-Jan-2000 06:00, 1.133,  30.6,  31.2,  999.3, 0.115,-0.026,  147,   0.0,   0.0
21-Jan-2000 07:00, 1.070,  30.2,  31.6, 1000.0, 0.134,-0.004,  175,   0.0,   0.0
21-Jan-2000 08:00, 0.986,  30.5,  30.0, 1000.8, 0.172, 0.042,  198,   0.0,   0.0
21-Jan-2000 09:00, 0.868,  30.3,  29.5, 1001.6, 0.190, 0.067,  277,   0.0,   0.0
21-Jan-2000 10:00, 0.706,  30.4,  28.8, 1002.4, 0.163, 0.048,  272,   0.0,   0.0
21-Jan-2000 11:00, 0.524,  30.4,  26.7, 1002.9, 0.111, 0.003,  186,   0.0,   0.0
21-Jan-2000 12:00, 0.404,  30.4,  27.4, 1003.3, 0.112, 0.010,  199,   0.0,   0.0
21-Jan-2000 13:00, 0.361,  30.4,  27.1, 1002.6, 0.153, 0.054,  168,   0.0,   0.0
21-Jan-2000 14:00, 0.356,  30.4,  26.9, 1001.8, 0.175, 0.068,  168,   0.0,   0.0
21-Jan-2000 15:00, 0.399,  30.3,  27.7, 1001.4, 0.184, 0.070,   96,   0.0,   0.0
21-Jan-2000 16:00, 0.469,  30.3,  26.2, 1001.2, 0.176, 0.058,  204,   0.0,   0.0
21-Jan-2000 17:00, 0.552,  29.9,  26.0, 1001.3, 0.163, 0.043,  194,   0.0,   0.0
21-Jan-2000 18:00, 0.639,  29.9,  25.5, 1001.7, 0.138, 0.019,  179,   0.0,   0.0
21-Jan-2000 19:00, 0.736,  29.8,  25.6, 1002.3, 0.122, 0.007,  177,   0.0,   0.0
21-Jan-2000 20:00, 0.862,  29.7,  26.1, 1003.0, 0.160, 0.052,  188,   0.0,   0.0
21-Jan-2000 21:00, 0.955,  29.7,  27.5, 1003.5, 0.192, 0.090,  195,   0.0,   0.0
21-Jan-2000 22:00, 0.987,  29.7,  28.2, 1004.2, 0.173, 0.077,   48,   0.0,   0.0
21-Jan-2000 23:00, 0.973,  29.9,  28.9, 1003.7, 0.112, 0.022,   42,   0.0,   0.0
22-Jan-2000 00:00, 1.001,  30.2,  28.9, 1002.9, 0.104, 0.008,   45,   0.0,   0.0
22-Jan-2000 01:00, 1.062,  30.3,  28.9, 1002.5, 0.137, 0.034,   32,   0.0,   0.0
22-Jan-2000 02:00, 1.107,  30.5,  29.2, 1001.2, 0.149, 0.041,   38,   0.0,   0.0
22-Jan-2000 03:00, 1.154,  30.3,  29.6, 1000.3, 0.153, 0.032,   21,   0.0,   0.0
22-Jan-2000 04:00, 1.208,  30.3,  29.9,  999.4, 0.162, 0.032,  342,   0.0,   0.0
22-Jan-2000 05:00, 1.231,  30.2,  28.1,  999.3, 0.168, 0.031,  134,   0.0,   0.0
22-Jan-2000 06:00, 1.189,  30.3,  29.2,  999.7, 0.147, 0.008,  136,   0.0,   0.0
22-Jan-2000 07:00, 1.119,  29.9,  29.9, 1000.2, 0.134, 0.001,  185,   0.0,   0.0
22-Jan-2000 08:00, 1.049,  30.2,  28.4, 1000.6, 0.169, 0.039,   67,   0.0,   0.0
22-Jan-2000 09:00, 0.940,  30.2,  27.8, 1001.9, 0.199, 0.075,  159,   0.0,   0.0
22-Jan-2000 10:00, 0.802,  30.1,  27.0, 1002.6, 0.201, 0.088,  205,   0.0,   0.0
22-Jan-2000 11:00, 0.613,  30.0,  26.5, 1003.4, 0.136, 0.032,  184,   0.0,   0.0
22-Jan-2000 12:00, 0.464,  30.1,  26.7, 1003.3, 0.099, 0.002,  191,   0.0,   0.0
22-Jan-2000 13:00, 0.396,  30.0,  26.3, 1002.9, 0.125, 0.025,  188,   0.0,   0.0
22-Jan-2000 14:00, 0.396,  30.0,  26.0, 1002.5, 0.176, 0.072,  199,   0.0,   0.0
22-Jan-2000 15:00, 0.422,  30.0,  25.5, 1002.0, 0.196, 0.089,  189,   0.0,   0.0
22-Jan-2000 16:00, 0.481,  30.0,  25.4, 1001.8, 0.196, 0.085,  192,   0.0,   0.0
22-Jan-2000 17:00, 0.558,  30.0,  25.6, 1001.7, 0.187, 0.072,  178,   0.0,   0.0
22-Jan-2000 18:00, 0.623,  30.0,  25.1, 1002.3, 0.154, 0.040,  189,   0.0,   0.0
22-Jan-2000 19:00, 0.709,  30.0,  25.1, 1002.9, 0.131, 0.023,  186,   0.0,   0.0
22-Jan-2000 20:00, 0.823,  29.9,  25.7, 1003.7, 0.150, 0.048,  193,   0.0,   0.0
22-Jan-2000 21:00, 0.921,  30.0,  27.0, 1003.8, 0.186, 0.091,  182,   0.0,   0.0
22-Jan-2000 22:00, 0.918,  29.9,  27.8, 1003.7, 0.146, 0.052,  337,   0.0,   0.0
22-Jan-2000 23:00, 0.913,  29.8,  28.3, 1003.6, 0.105, 0.010,  303,   0.0,   0.0
23-Jan-2000 00:00, 0.930,  30.0,  28.2, 1003.2, 0.081,-0.016,  344,   0.0,   0.0
23-Jan-2000 01:00, 0.995,  30.1,  28.5, 1002.6, 0.112, 0.012,  334,   0.0,   0.0
23-Jan-2000 02:00, 1.062,  30.3,  27.8, 1001.7, 0.147, 0.041,  164,   0.0,   0.0
23-Jan-2000 03:00, 1.111,  30.3,  26.6, 1001.0, 0.158, 0.043,  187,   0.0,   0.0
23-Jan-2000 04:00, 1.175,  30.2,  27.7,  999.9, 0.175, 0.052,  184,   0.0,   0.0
23-Jan-2000 05:00, 1.221,  30.2,  28.6,  999.4, 0.183, 0.049,  210,   0.0,   0.0
23-Jan-2000 06:00, 1.196,  30.2,  29.4, 1000.2, 0.156, 0.019,  196,   0.0,   0.0
23-Jan-2000 07:00, 1.108,  30.2,  27.8, 1001.1, 0.107,-0.022,  206,   0.0,   0.0
23-Jan-2000 08:00, 1.035,  30.2,  27.5, 1001.7, 0.113,-0.007,  168,   0.0,   0.0
23-Jan-2000 09:00, 0.971,  30.0,  26.7, 1002.7, 0.171, 0.058,  181,   0.0,   0.0
23-Jan-2000 10:00, 0.860,  30.1,  26.0, 1003.4, 0.204, 0.100,  163,   0.0,   0.0
23-Jan-2000 11:00, 0.710,  30.1,  26.1, 1004.1, 0.184, 0.087,  185,   0.0,   0.0
23-Jan-2000 12:00, 0.545,  30.0,  25.9, 1004.0, 0.118, 0.028,  217,   0.0,   0.0
23-Jan-2000 13:00, 0.450,  30.0,  25.1, 1003.4, 0.105, 0.012,  183,   0.0,   0.0
23-Jan-2000 14:00, 0.427,  29.9,  25.0, 1002.4, 0.138, 0.039,  157,   0.0,   0.0
23-Jan-2000 15:00, 0.438,  29.9,  24.6, 1001.7, 0.165, 0.055,  193,   0.0,   0.0
23-Jan-2000 16:00, 0.472,  29.9,  24.8, 1001.7, 0.164, 0.049,  158,   0.0,   0.0
23-Jan-2000 17:00, 0.537,  29.8,  25.1, 1001.7, 0.153, 0.038,  183,   0.0,   0.0
23-Jan-2000 18:00, 0.622,  29.8,  24.5, 1002.1, 0.150, 0.036,  166,   0.0,   0.0
23-Jan-2000 19:00, 0.675,  29.5,  25.0, 1002.6, 0.111, 0.000,  252,   0.0,   0.0
23-Jan-2000 20:00, 0.760,  29.7,  25.1, 1003.6, 0.102,-0.003,  193,   0.0,   0.0
23-Jan-2000 21:00, 0.890,  29.6,  26.8, 1003.6, 0.166, 0.070,  173,   0.0,   0.0
23-Jan-2000 22:00, 0.950,  29.6,  28.0, 1003.7, 0.196, 0.100,   47,   0.0,   0.0
23-Jan-2000 23:00, 0.933,  29.6,  28.2, 1003.6, 0.165, 0.070,   17,   0.0,   0.0
24-Jan-2000 00:00, 0.881,  29.7,  28.2, 1003.2, 0.086,-0.011,    5,   0.0,   0.0
24-Jan-2000 01:00, 0.898,  30.0,  28.6, 1002.7, 0.066,-0.034,   41,   0.0,   0.0
24-Jan-2000 02:00, 0.984,  30.2,  28.8, 1001.8, 0.119, 0.013,    9,   0.0,   0.0
24-Jan-2000 03:00, 1.037,  30.1,  29.1, 1001.1, 0.138, 0.024,  341,   0.0,   0.0
24-Jan-2000 04:00, 1.084,  30.3,  29.2, 1000.3, 0.144, 0.023,  309,   0.0,   0.0
24-Jan-2000 05:00, 1.145,  30.1,  29.1, 1000.0, 0.161, 0.032,  283,   0.0,   0.0
24-Jan-2000 06:00, 1.156,  29.8,  29.5, 1000.1, 0.149, 0.018,    1,   0.0,   0.0
24-Jan-2000 07:00, 1.102,  29.8,  29.7, 1000.4, 0.115,-0.015,  104,   0.0,   0.0
24-Jan-2000 08:00, 1.019,  29.8,  29.1, 1001.4, 0.090,-0.036,  150,   0.0,   0.0
24-Jan-2000 09:00, 0.933,  30.1,  27.4, 1002.2, 0.102,-0.015,  186,   0.0,   0.0
24-Jan-2000 10:00, 0.848,  30.0,  27.1, 1003.0, 0.147, 0.038,  192,   0.0,   0.0
24-Jan-2000 11:00, 0.745,  29.8,  27.1, 1003.6, 0.177, 0.076,  188,   0.0,   0.0
24-Jan-2000 12:00, 0.608,  29.7,  26.6, 1004.0, 0.141, 0.046,  193,   0.0,   0.0
24-Jan-2000 13:00, 0.484,  29.7,  26.2, 1003.8, 0.081,-0.011,  189,   0.0,   0.0
24-Jan-2000 14:00, 0.441,  30.1,  26.1, 1003.1, 0.081,-0.014,  189,   0.0,   0.0
24-Jan-2000 15:00, 0.448,  30.1,  25.7, 1002.9, 0.106, 0.005,  191,   0.0,   0.0
24-Jan-2000 16:00, 0.496,  29.9,  25.4, 1002.6, 0.136, 0.033,  189,   0.0,   0.0
24-Jan-2000 17:00, 0.566,  29.9,  25.0, 1002.2, 0.147, 0.041,  176,   0.0,   0.0
24-Jan-2000 18:00, 0.644,  29.9,  25.1, 1002.2, 0.143, 0.033,  187,   0.0,   0.0
24-Jan-2000 19:00, 0.735,  29.9,  24.9, 1002.1, 0.152, 0.042,  191,   0.0,   0.0
24-Jan-2000 20:00, 0.798,  29.9,  25.1, 1002.5, 0.135, 0.024,  186,   0.0,   0.0
24-Jan-2000 21:00, 0.857,  29.8,  26.3, 1003.3, 0.128, 0.022,  187,   0.0,   0.0
24-Jan-2000 22:00, 0.933,  29.8,  27.9, 1003.9, 0.172, 0.074,  324,   0.0,   0.0
24-Jan-2000 23:00, 0.945,  29.8,  28.6, 1003.7, 0.183, 0.090,-9999,   0.0,   0.0
25-Jan-2000 00:00, 0.877,  30.0,  28.6, 1003.2, 0.116, 0.021,   32,   0.0,   0.0
25-Jan-2000 01:00, 0.834,  30.1,  28.5, 1002.3, 0.051,-0.050,   19,   0.0,   0.0
25-Jan-2000 02:00, 0.872,  30.2,  29.0, 1001.4, 0.056,-0.053,    9,   0.0,   0.0
25-Jan-2000 03:00, 0.954,  30.7,  29.6, 1000.3, 0.107,-0.012,  354,   0.0,   0.0
25-Jan-2000 04:00, 1.009,  30.6,  29.7,  999.7, 0.130, 0.001,  340,   0.0,   0.0
25-Jan-2000 05:00, 1.054,  30.5,  27.1,  999.4, 0.139, 0.004,  177,   0.0,   0.0
25-Jan-2000 06:00, 1.081,  29.8,  27.3, 1000.0, 0.134,-0.003,  185,   0.0,   0.0
25-Jan-2000 07:00, 1.087,  30.3,  27.3, 1001.0, 0.140, 0.009,  239,   0.1,   0.0
25-Jan-2000 08:00, 1.012,  30.4,  26.1, 1002.1, 0.106,-0.014,  192,   0.0,   0.0
25-Jan-2000 09:00, 0.899,  30.3,  25.8, 1002.6, 0.070,-0.040,  196,   0.0,   0.0
25-Jan-2000 10:00, 0.819,  30.2,  26.1, 1003.6, 0.098,-0.007,  171,   0.0,   0.0
25-Jan-2000 11:00, 0.734,  30.1,  25.9, 1004.1, 0.134, 0.039,  180,   0.0,   0.0
25-Jan-2000 12:00, 0.660,  29.9,  25.7, 1004.2, 0.166, 0.075,  192,   0.0,   0.0
25-Jan-2000 13:00, 0.579,  29.8,  25.6, 1004.3, 0.147, 0.058,  194,   0.0,   0.0
25-Jan-2000 14:00, 0.527,  29.7,  25.6, 1003.5, 0.117, 0.028,  190,   0.0,   0.0
25-Jan-2000 15:00, 0.514,  29.8,  25.3, 1002.9, 0.107, 0.009,  195,   0.0,   0.0
25-Jan-2000 16:00, 0.542,  29.9,  25.0, 1002.4, 0.117, 0.014,  189,   0.0,   0.0
25-Jan-2000 17:00, 0.593,  29.9,  24.8, 1002.4, 0.124, 0.016,  181,   0.0,   0.0
25-Jan-2000 18:00, 0.667,  29.9,  24.8, 1002.7, 0.126, 0.018,  180,   0.0,   0.0
25-Jan-2000 19:00, 0.742,  29.8,  25.0, 1003.6, 0.121, 0.018,  188,   0.0,   0.0
25-Jan-2000 20:00, 0.814,  29.8,  24.9, 1004.1, 0.123, 0.028,  195,   0.0,   0.0
25-Jan-2000 21:00, 0.864,  29.7,  25.8, 1004.7, 0.114, 0.024,  187,   0.0,   0.0
25-Jan-2000 22:00, 0.901,  29.8,  27.0, 1005.0, 0.118, 0.034,  184,   0.0,   0.0
25-Jan-2000 23:00, 0.958,  29.8,  28.5, 1004.8, 0.174, 0.092,  313,   0.0,   0.0
26-Jan-2000 00:00, 0.905,  30.0,  28.6, 1004.3, 0.141, 0.056,   30,   0.0,   0.0
26-Jan-2000 01:00, 0.841,  30.2,  29.2, 1003.5, 0.084,-0.005,   11,   0.0,   0.0
26-Jan-2000 02:00, 0.824,  30.3,  29.6, 1002.6, 0.049,-0.048,   26,   0.0,   0.0
26-Jan-2000 03:00, 0.859,  30.4,  29.3, 1001.4, 0.057,-0.050,   21,   0.0,   0.0
26-Jan-2000 04:00, 0.932,  30.7,  29.4, 1000.7, 0.104,-0.014,   12,   0.0,   0.0
26-Jan-2000 05:00, 0.968,  30.4,  29.6, 1000.3, 0.118,-0.007,  346,   0.0,   0.0
26-Jan-2000 06:00, 0.996,  30.2,  29.9, 1000.7, 0.122,-0.006,  293,   0.0,   0.0
26-Jan-2000 07:00, 1.022,  30.2,  29.9, 1001.1, 0.138, 0.014,  302,   0.0,   0.0
26-Jan-2000 08:00, 0.971,  30.4,  28.7, 1002.1, 0.112,-0.007,  195,   0.0,   0.0
26-Jan-2000 09:00, 0.865,  30.3,  27.2, 1003.0, 0.066,-0.045,  189,   0.0,   0.0
26-Jan-2000 10:00, 0.780,  30.2,  27.0, 1003.6, 0.068,-0.033,  191,   0.0,   0.0
26-Jan-2000 11:00, 0.692,  29.9,  26.9, 1004.1, 0.082,-0.014,  185,   0.0,   0.0
26-Jan-2000 12:00, 0.625,  29.9,  26.6, 1005.0, 0.112, 0.023,  184,   0.0,   0.0
26-Jan-2000 13:00, 0.564,  29.8,  26.2, 1004.6, 0.117, 0.035,  145,   0.0,   0.0
26-Jan-2000 14:00, 0.553,  29.7,  26.0, 1003.7, 0.121, 0.034,  177,   0.0,   0.0
26-Jan-2000 15:00, 0.555,  29.8,  25.9, 1003.3, 0.106, 0.011,  188,   0.0,   0.0
26-Jan-2000 16:00, 0.570,  29.8,  25.7, 1002.8, 0.089,-0.011,  190,   0.0,   0.0
26-Jan-2000 17:00, 0.609,  29.9,  25.5, 1002.9, 0.083,-0.020,  139,   0.0,   0.0
26-Jan-2000 18:00, 0.684,  29.9,  25.0, 1003.3, 0.098,-0.005,  189,   0.0,   0.0
26-Jan-2000 19:00, 0.771,  29.9,  25.0, 1004.2, 0.111, 0.013,  161,   0.0,   0.0
26-Jan-2000 20:00, 0.852,  29.8,  24.9, 1004.6, 0.123, 0.034,  202,   0.0,   0.0
26-Jan-2000 21:00, 0.900,  29.7,  26.2, 1005.5, 0.119, 0.034,  182,   0.0,   0.0
26-Jan-2000 22:00, 0.916,  29.8,  28.9, 1005.9, 0.103, 0.026,  121,   0.0,   0.0
26-Jan-2000 23:00, 0.929,  29.8,  29.0, 1005.2, 0.112, 0.038,-9999,   0.0,   0.0
27-Jan-2000 00:00, 0.935,  29.9,  29.3, 1004.7, 0.139, 0.058,   14,   0.0,   0.0
27-Jan-2000 01:00, 0.890,  30.2,  29.1, 1004.0, 0.121, 0.035,  354,   0.0,   0.0
27-Jan-2000 02:00, 0.843,  30.3,  29.2, 1003.6, 0.084,-0.008,  340,   0.0,   0.0
27-Jan-2000 03:00, 0.821,  30.7,  29.4, 1002.8, 0.051,-0.046,  321,   0.0,   0.0
27-Jan-2000 04:00, 0.850,  31.0,  29.7, 1001.7, 0.062,-0.043,  328,   0.0,   0.0
27-Jan-2000 05:00, 0.885,  30.6,  29.6, 1001.6, 0.084,-0.031,  318,   0.0,   0.0
27-Jan-2000 06:00, 0.908,  30.8,  29.9, 1002.3, 0.100,-0.015,  317,   0.0,   0.0
27-Jan-2000 07:00, 0.932,  30.8,  30.0, 1003.0, 0.121, 0.013,  263,   0.0,   0.0
27-Jan-2000 08:00, 0.907,  30.7,  28.8, 1004.2, 0.113, 0.013,  183,   0.0,   0.0
27-Jan-2000 09:00, 0.834,  30.4,  27.9, 1005.1, 0.085,-0.004,  191,   0.0,   0.0
27-Jan-2000 10:00, 0.747,  30.6,  27.0, 1006.3, 0.067,-0.013,-9999,   8.9,   0.0
27-Jan-2000 11:00, 0.652,  30.4,  26.3, 1006.7, 0.055,-0.014,  153,   0.0,   0.0
27-Jan-2000 12:00, 0.584,  30.4,  26.1, 1006.9, 0.067, 0.003,  137,   0.0,   0.0
27-Jan-2000 13:00, 0.535,  30.4,  25.9, 1006.8, 0.077, 0.014,  206,   0.0,   0.0
27-Jan-2000 14:00, 0.545,  30.3,  25.7, 1005.9, 0.106, 0.041,  236,   0.0,   0.0
27-Jan-2000 15:00, 0.555,  30.2,  25.6, 1005.4, 0.090, 0.016,  195,   0.0,   0.0
27-Jan-2000 16:00, 0.573,  30.2,  24.8, 1005.7, 0.059,-0.018,  202,  10.1,   0.0
27-Jan-2000 17:00, 0.620,  30.2,  24.6, 1005.5, 0.048,-0.027,  182,   0.0,   0.0
27-Jan-2000 18:00, 0.689,  30.0,  24.4, 1006.3, 0.059,-0.017,  167,   0.0,   0.0
27-Jan-2000 19:00, 0.785,  30.1,  24.4, 1006.5, 0.090, 0.021,  194,   1.1,   0.0
27-Jan-2000 20:00, 0.855,  30.0,  24.9, 1007.2, 0.096, 0.029,  192,   0.0,   0.0
27-Jan-2000 21:00, 0.900,  30.0,  25.7, 1008.1, 0.088, 0.029,  304,   0.0,   0.0
27-Jan-2000 22:00, 0.917,  30.0,  26.7, 1008.4, 0.073, 0.023,  272,   0.0,   0.0
27-Jan-2000 23:00, 0.921,  29.9,  28.2, 1007.9, 0.067, 0.019,-9999,   0.0,   0.0
28-Jan-2000 00:00, 0.912,  30.0,  28.3, 1007.2, 0.074, 0.021,-9999,   0.0,   0.0
28-Jan-2000 01:00, 0.900,  30.1,  29.0, 1006.4, 0.093, 0.032,-9999,   0.0,   0.0
28-Jan-2000 02:00, 0.869,  30.2,  28.7, 1005.9, 0.092, 0.023,  322,   0.0,   0.0
28-Jan-2000 03:00, 0.834,  30.1,  28.8, 1005.1, 0.070,-0.004,  282,   0.0,   0.0
28-Jan-2000 04:00, 0.839,  30.3,  28.8, 1004.1, 0.074,-0.008,  327,   0.0,   0.0
28-Jan-2000 05:00, 0.855,  30.2,  28.9, 1003.9, 0.089,-0.002,  303,   0.0,   0.0
28-Jan-2000 06:00, 0.853,  30.0,  29.3, 1004.2, 0.093, 0.000,  324,   0.0,   0.0
28-Jan-2000 07:00, 0.844,  30.1,  29.5, 1004.7, 0.097, 0.008,   78,   0.0,   0.0
28-Jan-2000 08:00, 0.831,  30.2,  28.6, 1005.2, 0.106, 0.022,  189,   0.0,   0.0
28-Jan-2000 09:00, 0.789,  30.3,  27.7, 1006.0, 0.104, 0.024,  195,   0.0,   0.0
28-Jan-2000 10:00, 0.722,  30.1,  27.2, 1006.8, 0.092, 0.021,  201,   0.0,   0.0
28-Jan-2000 11:00, 0.645,  30.1,  26.8, 1007.2, 0.079, 0.015,  188,   0.0,   0.0
28-Jan-2000 12:00, 0.565,  30.1,  25.9, 1008.1, 0.061, 0.002,  299,   6.6,   3.8
28-Jan-2000 13:00, 0.525,  30.0,  25.1, 1007.8, 0.065, 0.015,  141,   4.9,   0.0
28-Jan-2000 14:00, 0.518,  30.0,  25.4, 1006.4, 0.073, 0.018,  170,   0.0,   0.0
28-Jan-2000 15:00, 0.557,  29.9,  25.5, 1005.6, 0.087, 0.018,  324,   0.0,   0.0
28-Jan-2000 16:00, 0.602,  29.9,  25.5, 1005.9, 0.077, 0.001,  184,   0.0,   0.0
28-Jan-2000 17:00, 0.665,  29.8,  25.0, 1006.0, 0.070,-0.003,  188,   0.0,   0.0
28-Jan-2000 18:00, 0.729,  29.8,  25.5, 1006.1, 0.065,-0.007,  184,   0.0,   0.0
28-Jan-2000 19:00, 0.805,  29.8,  25.4, 1006.7, 0.080, 0.009,  204,   0.0,   0.0
28-Jan-2000 20:00, 0.872,  29.8,  25.5, 1007.2, 0.089, 0.025,  192,   0.0,   0.0
28-Jan-2000 21:00, 0.915,  29.8,  26.9, 1007.8, 0.084, 0.025,  172,   0.0,   0.0
28-Jan-2000 22:00, 0.942,  29.8,  28.8, 1007.9, 0.078, 0.024,   98,   0.0,   0.0
28-Jan-2000 23:00, 0.944,  29.8,  28.4, 1007.9, 0.064, 0.012,   59,   0.0,   0.0
29-Jan-2000 00:00, 0.947,  30.0,  28.9, 1007.1, 0.071, 0.017,   55,   0.0,   0.0
29-Jan-2000 01:00, 0.925,  30.0,  29.0, 1006.6, 0.073, 0.012,   33,   0.0,   0.0
29-Jan-2000 02:00, 0.890,  30.1,  29.2, 1005.6, 0.070, 0.003,  358,   0.0,   0.0
29-Jan-2000 03:00, 0.872,  30.5,  28.5, 1005.2, 0.083, 0.006,  345,   0.0,   0.0
29-Jan-2000 04:00, 0.851,  30.6,  28.7, 1004.6, 0.084, 0.004,   22,   0.0,   0.0
29-Jan-2000 05:00, 0.829,  30.5,  28.6, 1004.2, 0.078,-0.009,   34,   0.0,   0.0
29-Jan-2000 06:00, 0.813,  30.5,  28.7, 1005.3, 0.082,-0.006,   73,   0.0,   0.0
29-Jan-2000 07:00, 0.787,  30.4,  26.0, 1005.6, 0.085, 0.006,  183,   4.4,   0.4
29-Jan-2000 08:00, 0.744,  30.4,  25.9, 1007.6, 0.079, 0.005,  301,   5.9,   0.0
29-Jan-2000 09:00, 0.693,  30.4,  25.5, 1008.7, 0.073, 0.018,  313,   0.0,   0.0
29-Jan-2000 10:00, 0.641,  30.4,  24.8, 1009.3, 0.070, 0.026,  159,   0.0,   0.0
29-Jan-2000 11:00, 0.586,  30.3,  25.0, 1009.3, 0.065, 0.026,  178,   0.0,   0.0
29-Jan-2000 12:00, 0.541,  30.0,  24.8, 1009.2, 0.062, 0.023,  188,   0.0,   0.0
29-Jan-2000 13:00, 0.520,  30.2,  25.0, 1008.4, 0.070, 0.029,  197,   0.0,   0.0
29-Jan-2000 14:00, 0.514,  30.1,  24.8, 1007.5, 0.069, 0.020,  170,   0.0,   0.0
29-Jan-2000 15:00, 0.547,  30.1,  24.8, 1006.6, 0.074, 0.016,  185,   0.0,   0.0
29-Jan-2000 16:00, 0.604,  30.0,  24.7, 1005.8, 0.077, 0.010,  168,   0.0,   0.0
29-Jan-2000 17:00, 0.684,  30.0,  24.8, 1005.2, 0.083, 0.009,  187,   0.0,   0.0
29-Jan-2000 18:00, 0.762,  29.9,  24.5, 1004.7, 0.085, 0.004,  185,   1.1,   0.1
29-Jan-2000 19:00, 0.835,  29.9,  24.5, 1005.8, 0.091, 0.007,  182,   0.0,   0.0
29-Jan-2000 20:00, 0.896,  29.9,  24.7, 1007.0, 0.098, 0.025,  189,   0.0,   0.0
29-Jan-2000 21:00, 0.953,  29.9,  26.1, 1007.7, 0.112, 0.051,  179,   0.0,   0.0
29-Jan-2000 22:00, 0.975,  30.0,  28.5, 1008.1, 0.103, 0.049,  124,   0.0,   0.0
29-Jan-2000 23:00, 0.987,  29.9,  27.8, 1008.0, 0.095, 0.044,   29,   0.0,   0.0
30-Jan-2000 00:00, 1.001,  30.2,  27.8, 1007.3, 0.100, 0.048,-9999,   0.0,   0.0
30-Jan-2000 01:00, 0.986,  30.2,  28.2, 1006.5, 0.095, 0.035,  354,   0.0,   0.0
30-Jan-2000 02:00, 0.956,  30.6,  28.7, 1005.4, 0.091, 0.023,   13,   0.0,   0.0
30-Jan-2000 03:00, 0.938,  31.0,  29.0, 1004.2, 0.106, 0.027,  340,   0.0,   0.0
30-Jan-2000 04:00, 0.885,  31.5,  29.6, 1003.4, 0.089,-0.002,  328,   0.0,   0.0
30-Jan-2000 05:00, 0.848,  30.9,  29.6, 1003.5, 0.089,-0.009,  307,   0.0,   0.0
30-Jan-2000 06:00, 0.814,  31.4,  30.1, 1003.7, 0.094,-0.003,  203,   0.0,   0.0
30-Jan-2000 07:00, 0.748,  31.4,  29.8, 1004.4, 0.072,-0.022,   58,   0.0,   0.0
30-Jan-2000 08:00, 0.704,  31.3,  28.1, 1004.8, 0.079,-0.008,  172,   0.0,   0.0
30-Jan-2000 09:00, 0.642,  31.3,  27.5, 1005.9, 0.073,-0.009,  186,   0.0,   0.0
30-Jan-2000 10:00, 0.574,  31.2,  26.7, 1006.8, 0.060,-0.012,   84,   0.0,   0.0
30-Jan-2000 11:00, 0.530,  31.0,  26.0, 1007.2, 0.060,-0.003,  202,   0.0,   0.0
30-Jan-2000 12:00, 0.499,  30.4,  26.0, 1006.9, 0.057,-0.003,  196,   0.0,   0.0
30-Jan-2000 13:00, 0.491,  30.9,  25.8, 1006.4, 0.059,-0.005,  173,   0.0,   0.0
30-Jan-2000 14:00, 0.496,  30.7,  25.7, 1006.0, 0.057,-0.011,  193,   0.0,   0.0
30-Jan-2000 15:00, 0.510,  30.7,  25.3, 1005.7, 0.039,-0.033,  188,   0.0,   0.0
30-Jan-2000 16:00, 0.566,  30.8,  25.4, 1005.8, 0.039,-0.036,  191,   0.0,   0.0
30-Jan-2000 17:00, 0.646,  30.6,  24.9, 1005.6, 0.047,-0.027,  187,   0.0,   0.0
30-Jan-2000 18:00, 0.724,  30.3,  25.0, 1006.0, 0.049,-0.026,  191,   0.3,   0.0
30-Jan-2000 19:00, 0.806,  30.1,  24.6, 1006.2, 0.061,-0.012,  181,   0.7,   0.0
30-Jan-2000 20:00, 0.866,  30.3,  25.1, 1007.0, 0.063,-0.007,  188,   0.0,   0.0
30-Jan-2000 21:00, 0.914,  30.2,  26.5, 1007.5, 0.071, 0.009,  182,   3.3,   0.2
30-Jan-2000 22:00, 0.936,  30.2,  28.4, 1007.6, 0.065, 0.008,   88,   0.0,   0.0
30-Jan-2000 23:00, 0.956,  30.2,  29.3, 1007.4, 0.065, 0.009,   96,   0.0,   0.0
31-Jan-2000 00:00, 0.976,  30.4,  29.1, 1006.8, 0.068, 0.010,   54,   0.0,   0.0
31-Jan-2000 01:00, 0.990,  30.6,  29.3, 1005.4, 0.073, 0.008,   65,   0.0,   0.0
31-Jan-2000 02:00, 0.987,  30.7,  29.0, 1004.6, 0.080, 0.001,   34,   2.8,   0.0
31-Jan-2000 03:00, 0.965,  30.8,  29.3, 1003.9, 0.084,-0.003,   28,   0.0,   0.0
31-Jan-2000 04:00, 0.922,  30.8,  29.3, 1003.1, 0.079,-0.014,  352,   0.0,   0.0
31-Jan-2000 05:00, 0.874,  30.7,  28.6, 1002.8, 0.082,-0.020,  326,   0.0,   0.0
31-Jan-2000 06:00, 0.828,  31.0,  28.8, 1003.1, 0.093,-0.010,  340,   0.0,   0.0
31-Jan-2000 07:00, 0.763,  30.9,  28.6, 1003.7, 0.092,-0.009,  315,   0.0,   0.0
31-Jan-2000 08:00, 0.684,  30.7,  27.8, 1004.8, 0.079,-0.015,  125,   0.0,   0.0
31-Jan-2000 09:00, 0.613,  30.7,  26.8, 1005.7, 0.079,-0.004,  183,   0.0,   0.0
31-Jan-2000 10:00, 0.547,  30.7,  26.6, 1006.4, 0.079, 0.004,  190,   0.0,   0.0
31-Jan-2000 11:00, 0.488,  30.8,  27.1, 1007.5, 0.068, 0.001,  215,   0.0,   0.0
31-Jan-2000 12:00, 0.462,  30.8,  26.2, 1007.7, 0.064, 0.008,  191,   0.0,   0.0
31-Jan-2000 13:00, 0.463,  30.8,  26.1, 1007.5, 0.060, 0.006,  185,   3.1,   0.7
31-Jan-2000 14:00, 0.493,  30.8,  26.1, 1006.9, 0.067, 0.009,  187,   0.0,   0.0
31-Jan-2000 15:00, 0.536,  30.5,  26.0, 1006.5, 0.072, 0.009,  202,   0.0,   0.0
31-Jan-2000 16:00, 0.573,  30.5,  26.0, 1006.4, 0.051,-0.017,  193,   0.0,   0.0
31-Jan-2000 17:00, 0.635,  30.5,  25.1, 1006.7, 0.042,-0.025,  142,   4.7,   0.0
31-Jan-2000 18:00, 0.702,  30.4,  24.8, 1006.8, 0.036,-0.030,  189,   1.1,   0.0
31-Jan-2000 19:00, 0.770,  30.4,  25.1, 1007.5, 0.036,-0.028,  187,   2.8,   0.0
31-Jan-2000 20:00, 0.852,  30.3,  25.4, 1008.4, 0.057, 0.001,  190,   0.0,   0.0
31-Jan-2000 21:00, 0.917,  30.3,  26.8, 1008.3, 0.079, 0.031,  189,   0.0,   0.0
31-Jan-2000 22:00, 0.953,  30.3,  28.0, 1008.9, 0.089, 0.040,  190,   0.0,   0.0
31-Jan-2000 23:00, 0.972,  30.3,  29.2, 1009.1, 0.090, 0.047,-9999,   0.0,   0.0
01-Feb-2000 00:00, 0.992,  30.4,  29.2, 1008.2, 0.091, 0.049,-9999,   0.0,   0.0
01-Feb-2000 01:00, 1.010,  30.4,  29.1, 1007.0, 0.087, 0.035,  338,   0.0,   0.0
01-Feb-2000 02:00, 1.016,  30.5,  28.7, 1006.0, 0.080, 0.018,    4,   0.0,   0.0
01-Feb-2000 03:00, 1.017,  30.6,  28.8, 1005.1, 0.091, 0.018,-9999,   0.0,   0.0
01-Feb-2000 04:00, 0.987,  31.2,  29.0, 1005.2, 0.091, 0.011,  252,   0.0,   0.0
01-Feb-2000 05:00, 0.932,  31.2,  28.4, 1004.8, 0.090, 0.009,  190,   2.8,   0.0
01-Feb-2000 06:00, 0.855,  30.6,  28.1, 1005.0, 0.082,-0.002,  126,   1.7,   0.0
01-Feb-2000 07:00, 0.781,  30.4,  27.8, 1005.9, 0.091, 0.009,  196,   2.3,   0.0
01-Feb-2000 08:00, 0.688,  30.8,  27.2, 1006.8, 0.084, 0.011,  208,   0.0,   0.0
01-Feb-2000 09:00, 0.600,  30.7,  26.6, 1007.7, 0.080, 0.017,  188,   0.7,   0.0
01-Feb-2000 10:00, 0.523,  30.2,  26.7, 1008.3, 0.082, 0.027,  193,   0.0,   0.0
01-Feb-2000 11:00, 0.450,  30.2,  26.5, 1008.7, 0.068, 0.019,  189,   3.0,   0.5
01-Feb-2000 12:00, 0.417,  30.4,  26.4, 1008.6, 0.062, 0.017,  189,   3.1,   0.7
01-Feb-2000 13:00, 0.426,  30.4,  26.0, 1008.3, 0.060, 0.013,  185,   2.8,   0.0
01-Feb-2000 14:00, 0.465,  30.3,  26.0, 1007.7, 0.062, 0.012,  185,   4.0,   0.0
01-Feb-2000 15:00, 0.518,  30.4,  25.8, 1007.5, 0.066, 0.010,  178,   3.0,   0.0
01-Feb-2000 16:00, 0.568,  30.3,  25.2, 1007.8, 0.054,-0.003,  172,   0.7,   0.0
01-Feb-2000 17:00, 0.642,  30.3,  24.7, 1007.6, 0.057, 0.003,  193,   0.0,   0.0
01-Feb-2000 18:00, 0.705,  30.3,  24.9, 1007.6, 0.048,-0.008,  186,   0.0,   0.0
01-Feb-2000 19:00, 0.761,  30.2,  24.7, 1008.0, 0.041,-0.015,  179,   0.0,   0.0
01-Feb-2000 20:00, 0.826,  30.2,  25.1, 1008.9, 0.051,-0.001,  186,   0.0,   0.0
01-Feb-2000 21:00, 0.891,  30.1,  25.4, 1009.2, 0.070, 0.027,  177,   0.0,   0.0
01-Feb-2000 22:00, 0.938,  30.0,  25.4, 1009.0, 0.087, 0.047,  197,   0.0,   0.0
01-Feb-2000 23:00, 0.957,  30.0,  26.4, 1008.6, 0.088, 0.046,  223,   0.0,   0.0
02-Feb-2000 00:00, 0.971,  30.1,  28.2, 1009.0, 0.084, 0.038,-9999,   0.0,   0.0
02-Feb-2000 01:00, 0.983,  30.2,  27.7, 1008.8, 0.068, 0.026,-9999,   0.0,   0.0
02-Feb-2000 02:00, 1.010,  30.3,  28.3, 1007.3, 0.064, 0.018,   63,   0.0,   0.0
02-Feb-2000 03:00, 1.032,  30.3,  28.6, 1006.1, 0.072, 0.012,   49,   0.0,   0.0
02-Feb-2000 04:00, 1.007,  30.4,  27.3, 1005.8, 0.062,-0.009,   15,   4.7,   2.7
02-Feb-2000 05:00, 0.962,  30.4,  27.1, 1005.7, 0.061,-0.013,  250,   1.7,   0.0
02-Feb-2000 06:00, 0.894,  30.4,  26.9, 1005.7, 0.066,-0.009,  195,   0.0,   0.0
02-Feb-2000 07:00, 0.802,  30.3,  27.0, 1006.4, 0.068,-0.006,  176,   2.4,   0.0
02-Feb-2000 08:00, 0.705,  30.2,  26.4, 1007.1, 0.077, 0.009,  190,   0.0,   0.0
02-Feb-2000 09:00, 0.612,  30.3,  26.1, 1007.7, 0.085, 0.025,  180,   1.5,   0.0
02-Feb-2000 10:00, 0.500,  30.1,  26.1, 1008.4, 0.066, 0.012,  187,   0.0,   0.0
02-Feb-2000 11:00, 0.395,  30.1,  25.7, 1009.0, 0.036,-0.011,  187,   2.6,   0.0
02-Feb-2000 12:00, 0.362,  30.1,  25.4, 1008.8, 0.040,-0.002,  184,   2.6,   0.3
02-Feb-2000 13:00, 0.376,  30.1,  25.3, 1008.7, 0.047, 0.003,  191,   0.0,   0.0
02-Feb-2000 14:00, 0.426,  30.1,  24.6, 1008.1, 0.053, 0.007,  256,   0.0,   0.0
02-Feb-2000 15:00, 0.503,  30.1,  24.2, 1007.2, 0.068, 0.017,  205,   0.2,   0.0
02-Feb-2000 16:00, 0.592,  30.1,  24.4, 1006.5, 0.091, 0.030,  201,   0.0,   0.0
02-Feb-2000 17:00, 0.644,  30.1,  24.3, 1006.6, 0.070, 0.002,  189,   0.0,   0.0
02-Feb-2000 18:00, 0.692,  30.1,  24.3, 1007.0, 0.047,-0.019,  186,   0.0,   0.0
02-Feb-2000 19:00, 0.753,  30.1,  24.6, 1007.2, 0.047,-0.016,  186,   0.0,   0.0
02-Feb-2000 20:00, 0.796,  30.1,  24.6, 1008.1, 0.041,-0.018,  178,   0.0,   0.0
02-Feb-2000 21:00, 0.857,  29.9,  25.1, 1008.8, 0.061, 0.010,  211,   0.0,   0.0
02-Feb-2000 22:00, 0.890,  29.8,  24.6, 1009.8, 0.060, 0.018,  172,   3.9,   0.0
02-Feb-2000 23:00, 0.904,  29.9,  25.6, 1009.4, 0.053, 0.019,  187,   1.7,   0.0
03-Feb-2000 00:00, 0.932,  29.9,  26.9, 1008.8, 0.062, 0.023,  189,   0.0,   0.0
03-Feb-2000 01:00, 0.966,  30.0,  27.9, 1007.9, 0.068, 0.023,-9999,   0.0,   0.0
03-Feb-2000 02:00, 1.016,  30.1,  28.7, 1006.7, 0.077, 0.023,-9999,   0.0,   0.0
03-Feb-2000 03:00, 1.058,  30.0,  29.9, 1005.3, 0.083, 0.016,   63,   4.4,   0.0
03-Feb-2000 04:00, 1.068,  30.1,  29.4, 1004.2, 0.085, 0.004,   40,   0.0,   0.0
03-Feb-2000 05:00, 1.035,  30.1,  29.3, 1003.7, 0.078,-0.013,   21,   0.0,   0.0
03-Feb-2000 06:00, 0.953,  30.0,  29.3, 1003.6, 0.060,-0.035,  344,   0.0,   0.0
03-Feb-2000 07:00, 0.854,  30.2,  29.2, 1004.6, 0.059,-0.036,  311,   0.0,   0.0
03-Feb-2000 08:00, 0.760,  29.9,  28.2, 1005.4, 0.082,-0.003,  210,   0.0,   0.0
03-Feb-2000 09:00, 0.643,  30.0,  26.2, 1006.9, 0.086, 0.009,   13,   6.8,   3.6
03-Feb-2000 10:00, 0.511,  30.1,  26.1, 1008.0, 0.063, 0.001,  294,   4.2,   0.1
03-Feb-2000 11:00, 0.391,  30.1,  25.3, 1008.3, 0.034,-0.018,  207,   0.7,   0.0
03-Feb-2000 12:00, 0.339,  30.1,  25.5, 1008.6, 0.037,-0.012,  232,   0.0,   0.0
03-Feb-2000 13:00, 0.333,  30.1,  25.9, 1008.4, 0.036,-0.011,  237,   0.0,   0.0
03-Feb-2000 14:00, 0.363,  30.1,  25.0, 1008.1, 0.025,-0.023,  110,   6.2,   4.0
03-Feb-2000 15:00, 0.444,  30.1,  23.9, 1007.3, 0.035,-0.018,  193,   5.9,   0.0
03-Feb-2000 16:00, 0.517,  30.1,  24.4, 1007.7, 0.033,-0.026,  124,   6.4,   0.0
03-Feb-2000 17:00, 0.578,  29.7,  23.8, 1007.2, 0.017,-0.039,  197,   0.0,   0.0
03-Feb-2000 18:00, 0.650,  29.9,  23.9, 1007.3, 0.016,-0.044,  220,   0.0,   0.0
03-Feb-2000 19:00, 0.710,  29.8,  23.8, 1007.5, 0.016,-0.043,  183,   0.0,   0.0
03-Feb-2000 20:00, 0.760,  29.7,  24.8, 1008.0, 0.021,-0.035,  158,   0.0,   0.0
03-Feb-2000 21:00, 0.829,  29.5,  26.7, 1008.1, 0.056, 0.004,  167,   0.0,   0.0
03-Feb-2000 22:00, 0.878,  29.5,  28.4, 1008.1, 0.075, 0.024,  102,   0.0,   0.0
03-Feb-2000 23:00, 0.871,  29.7,  29.5, 1007.8, 0.043,-0.009,  111,   0.0,   0.0
04-Feb-2000 00:00, 0.892,  29.7,  30.4, 1007.0, 0.042,-0.013,  101,   0.0,   0.0
04-Feb-2000 01:00, 0.922,  29.8,  30.3, 1006.1, 0.045,-0.018,   62,   0.0,   0.0
04-Feb-2000 02:00, 0.969,  29.9,  29.4, 1005.0, 0.049,-0.023,   38,   0.0,   0.0
04-Feb-2000 03:00, 1.034,  29.9,  30.5, 1003.8, 0.064,-0.019,   51,   0.0,   0.0
04-Feb-2000 04:00, 1.060,  29.8,  30.6, 1002.9, 0.058,-0.037,   50,   0.0,   0.0
04-Feb-2000 05:00, 1.041,  29.9,  30.7, 1002.1, 0.042,-0.062,   49,   0.0,   0.0
04-Feb-2000 06:00, 0.982,  30.0,  31.0, 1002.2, 0.028,-0.083,   61,   0.0,   0.0
04-Feb-2000 07:00, 0.887,  30.0,  30.6, 1002.5, 0.022,-0.087,   61,   0.0,   0.0
04-Feb-2000 08:00, 0.776,  29.9,  29.3, 1003.2, 0.034,-0.073,  168,   0.0,   0.0
04-Feb-2000 09:00, 0.678,  30.1,  27.6, 1004.2, 0.069,-0.030,  187,   0.0,   0.0
04-Feb-2000 10:00, 0.572,  29.9,  26.8, 1004.9, 0.088,-0.001,  180,   0.0,   0.0
04-Feb-2000 11:00, 0.411,  30.1,  26.8, 1005.8, 0.034,-0.048,  184,   0.0,   0.0
04-Feb-2000 12:00, 0.317,  30.0,  26.5, 1006.4, 0.014,-0.059,  175,   0.0,   0.0
04-Feb-2000 13:00, 0.312,  29.9,  26.1, 1006.4, 0.032,-0.035,  183,   0.0,   0.0
04-Feb-2000 14:00, 0.343,  29.9,  25.3, 1006.0, 0.033,-0.035,  186,   0.0,   0.0
04-Feb-2000 15:00, 0.446,  29.9,  24.9, 1005.6, 0.065,-0.007,  185,   0.0,   0.0
04-Feb-2000 16:00, 0.548,  29.9,  24.3, 1005.3, 0.083, 0.006,  187,   0.0,   0.0
04-Feb-2000 17:00, 0.625,  29.9,  23.7, 1005.4, 0.079, 0.000,  183,   5.1,   2.8
04-Feb-2000 18:00, 0.686,  29.8,  23.6, 1005.6, 0.062,-0.016,  180,   6.0,   3.9
04-Feb-2000 19:00, 0.722,  29.7,  23.6, 1006.0, 0.035,-0.040,  188,   5.9,   3.4
04-Feb-2000 20:00, 0.771,  29.7,  23.6, 1006.5, 0.043,-0.029,  185,   6.5,   3.5
04-Feb-2000 21:00, 0.834,  29.7,  25.1, 1007.1, 0.078, 0.012,  186,   6.3,   4.1
04-Feb-2000 22:00, 0.860,  29.7,  28.1, 1007.2, 0.081, 0.020,  171,   5.1,   2.0
04-Feb-2000 23:00, 0.841,  29.7,  28.8, 1007.1, 0.038,-0.021,   49,   3.5,   2.1
05-Feb-2000 00:00, 0.855,  30.0,  28.5, 1006.4, 0.030,-0.032,   41,   5.1,   4.3
05-Feb-2000 01:00, 0.900,  30.1,  28.8, 1005.9, 0.048,-0.020,   38,   5.6,   3.9
05-Feb-2000 02:00, 0.959,  30.2,  29.4, 1004.8, 0.066,-0.008,   41,   5.4,   4.3
05-Feb-2000 03:00, 1.034,  30.5,  29.7, 1003.8, 0.087, 0.002,   45,   5.5,   4.0
05-Feb-2000 04:00, 1.102,  30.5,  29.9, 1002.7, 0.104, 0.008,   59,   5.8,   4.7
05-Feb-2000 05:00, 1.105,  30.7,  28.3, 1003.3, 0.086,-0.018,   59,   9.3,   5.9
05-Feb-2000 06:00, 1.041,  30.5,  27.1, 1003.9, 0.042,-0.057,   73,   8.5,   3.3
05-Feb-2000 07:00, 0.956,  30.5,  27.6, 1004.6, 0.026,-0.066,   68,   6.7,   4.2
05-Feb-2000 08:00, 0.891,  30.5,  27.3, 1004.8, 0.078,-0.007,  131,   6.4,   2.5
05-Feb-2000 09:00, 0.781,  30.5,  26.4, 1004.8, 0.107, 0.023,  154,   3.7,   1.3
05-Feb-2000 10:00, 0.648,  30.5,  26.3, 1005.9, 0.112, 0.030,  135,   1.6,   0.0
05-Feb-2000 11:00, 0.486,  30.2,  25.4, 1006.4, 0.069,-0.004,  187,   3.0,   1.4
05-Feb-2000 12:00, 0.370,  30.2,  25.3, 1006.9, 0.045,-0.022,  198,   3.2,   2.3
05-Feb-2000 13:00, 0.339,  30.2,  25.1, 1006.3, 0.059,-0.004,  190,   4.4,   2.6
05-Feb-2000 14:00, 0.369,  30.2,  24.7, 1005.3, 0.076, 0.005,  185,   4.2,   3.1
05-Feb-2000 15:00, 0.453,  30.1,  24.7, 1005.0, 0.098, 0.018,  184,   5.1,   2.9
05-Feb-2000 16:00, 0.544,  30.1,  24.3, 1004.3, 0.100, 0.017,  183,   5.8,   3.8
05-Feb-2000 17:00, 0.623,  30.1,  24.3, 1004.5, 0.091, 0.002,  187,   5.8,   4.4
05-Feb-2000 18:00, 0.680,  30.1,  24.0, 1004.9, 0.065,-0.022,  183,   5.9,   3.3
05-Feb-2000 19:00, 0.721,  30.0,  23.8, 1005.5, 0.036,-0.046,  182,   5.9,   3.8
05-Feb-2000 20:00, 0.789,  30.0,  24.0, 1006.3, 0.061,-0.015,  182,   6.2,   3.5
05-Feb-2000 21:00, 0.858,  29.9,  25.7, 1006.9, 0.109, 0.041,  186,   4.8,   3.3
05-Feb-2000 22:00, 0.886,  29.9,  27.9, 1007.3, 0.124, 0.061,  126,   5.3,   2.2
05-Feb-2000 23:00, 0.853,  29.9,  27.2, 1007.8, 0.074, 0.015,  107,   6.3,   4.8
06-Feb-2000 00:00, 0.854,  30.0,  27.4, 1007.3, 0.055, 0.000,   79,   7.5,   1.9
06-Feb-2000 01:00, 0.890,  30.0,  27.5, 1006.1, 0.066, 0.006,-9999,   2.8,   2.3
06-Feb-2000 02:00, 0.948,  30.2,  28.1, 1005.1, 0.085, 0.013,   26,   3.4,   2.5
06-Feb-2000 03:00, 1.012,  30.3,  28.8, 1004.2, 0.097, 0.015,   33,   3.5,   3.0
06-Feb-2000 04:00, 1.073,  30.4,  28.8, 1003.3, 0.100, 0.009,    8,   4.2,   2.6
06-Feb-2000 05:00, 1.105,  30.3,  28.9, 1003.0, 0.092,-0.007,  332,   3.2,   2.0
06-Feb-2000 06:00, 1.070,  30.3,  29.0, 1003.0, 0.054,-0.048,  320,   3.5,   2.8
06-Feb-2000 07:00, 0.986,  30.3,  28.9, 1003.5, 0.011,-0.091,  310,   4.1,   1.9
06-Feb-2000 08:00, 0.896,  30.0,  28.9, 1004.6, 0.018,-0.077,  329,   2.4,   0.9
06-Feb-2000 09:00, 0.797,  30.4,  28.2, 1005.0, 0.056,-0.029,  208,   2.0,   1.1
06-Feb-2000 10:00, 0.685,  30.1,  27.3, 1005.7, 0.089, 0.008,  192,   3.0,   1.9
06-Feb-2000 11:00, 0.539,  30.3,  26.7, 1006.7, 0.070,-0.004,  154,   3.3,   2.4
06-Feb-2000 12:00, 0.385,  30.1,  24.5, 1007.7, 0.017,-0.047,  166,   6.8,   3.2
06-Feb-2000 13:00, 0.318,  30.1,  24.7, 1007.5, 0.014,-0.041,  256,   4.3,   1.3
06-Feb-2000 14:00, 0.346,  30.1,  24.5, 1006.2, 0.051,-0.007,  231,   2.3,   0.9
06-Feb-2000 15:00, 0.417,  30.1,  24.6, 1005.8, 0.075, 0.004,  196,   3.2,   2.9
06-Feb-2000 16:00, 0.524,  30.0,  24.7, 1005.3, 0.096, 0.021,  180,   3.8,   1.5
06-Feb-2000 17:00, 0.621,  30.1,  25.4, 1005.8, 0.098, 0.020,  217,   2.7,   1.3
06-Feb-2000 18:00, 0.698,  30.1,  24.8, 1005.4, 0.090, 0.015,  196,   3.8,   1.7
06-Feb-2000 19:00, 0.757,  30.0,  24.6, 1005.9, 0.071,-0.006,  197,   3.3,   1.2
06-Feb-2000 20:00, 0.812,  30.1,  24.7, 1006.3, 0.076, 0.003,  190,   3.0,   2.1
06-Feb-2000 21:00, 0.856,  29.8,  26.7, 1007.0, 0.101, 0.033,  164,   2.9,   1.1
06-Feb-2000 22:00, 0.855,  29.6,  28.1, 1007.3, 0.098, 0.037,   70,   2.7,   1.3
06-Feb-2000 23:00, 0.833,  29.8,  28.0, 1006.9, 0.071, 0.011,   21,   3.3,   2.7
07-Feb-2000 00:00, 0.828,  30.0,  28.3, 1006.5, 0.051,-0.012,   29,   4.0,   2.7
07-Feb-2000 01:00, 0.835,  30.3,  28.6, 1005.5, 0.038,-0.030,   27,   3.4,   2.5
07-Feb-2000 02:00, 0.888,  30.4,  28.7, 1004.5, 0.058,-0.020,    8,   3.2,   2.7
07-Feb-2000 03:00, 0.970,  30.3,  28.9, 1003.5, 0.093, 0.005,    8,   3.9,   2.3
07-Feb-2000 04:00, 1.043,  30.3,  28.7, 1002.7, 0.109, 0.011,   30,   3.8,   2.9
07-Feb-2000 05:00, 1.094,  30.4,  28.7, 1002.3, 0.110, 0.005,   11,   3.0,   2.2
07-Feb-2000 06:00, 1.092,  30.3,  28.9, 1002.5, 0.088,-0.021,  274,   2.8,   1.5
07-Feb-2000 07:00, 1.038,  30.3,  28.8, 1003.1, 0.051,-0.056,  310,   2.6,   0.9
07-Feb-2000 08:00, 0.971,  30.5,  26.9, 1004.0, 0.051,-0.049,  203,   4.3,   2.4
07-Feb-2000 09:00, 0.876,  30.1,  26.0, 1005.2, 0.077,-0.013,  186,   4.7,   3.1
07-Feb-2000 10:00, 0.774,  30.0,  25.8, 1005.8, 0.118, 0.039,  182,   5.2,   2.8
07-Feb-2000 11:00, 0.635,  30.0,  25.6, 1006.5, 0.113, 0.040,  211,   4.5,   2.1
07-Feb-2000 12:00, 0.480,  29.9,  25.5, 1006.9, 0.062,-0.004,  190,   5.5,   2.4
07-Feb-2000 13:00, 0.398,  29.9,  25.6, 1006.5, 0.052,-0.011,  189,   5.1,   3.1
07-Feb-2000 14:00, 0.384,  30.0,  25.5, 1005.8, 0.066,-0.002,  181,   6.1,   2.9
07-Feb-2000 15:00, 0.425,  29.9,  25.1, 1005.5, 0.078, 0.004,  147,   4.9,   2.2
07-Feb-2000 16:00, 0.506,  29.9,  25.0, 1004.7, 0.084, 0.006,  186,   5.1,   3.2
07-Feb-2000 17:00, 0.611,  29.9,  25.0, 1004.9, 0.092, 0.007,  199,   4.3,   2.5
07-Feb-2000 18:00, 0.686,  29.9,  25.1, 1005.1, 0.076,-0.007,  186,   4.0,   2.3
07-Feb-2000 19:00, 0.738,  29.9,  24.9, 1005.9, 0.050,-0.030,  188,   4.4,   3.0
07-Feb-2000 20:00, 0.790,  29.8,  25.0, 1006.3, 0.041,-0.032,  192,   4.2,   2.4
07-Feb-2000 21:00, 0.837,  29.8,  26.3, 1006.9, 0.064,-0.004,  182,   3.8,   1.5
07-Feb-2000 22:00, 0.850,  29.8,  27.8, 1007.0, 0.082, 0.020,   62,   2.1,   1.7
07-Feb-2000 23:00, 0.830,  29.9,  28.9, 1007.0, 0.073, 0.011,   85,   4.7,   3.1
08-Feb-2000 00:00, 0.810,  30.1,  27.5, 1006.4, 0.050,-0.012,  119,   6.4,   4.1
08-Feb-2000 01:00, 0.809,  30.2,  28.0, 1005.2, 0.035,-0.035,   76,   6.8,   5.2
08-Feb-2000 02:00, 0.853,  30.3,  27.2, 1004.3, 0.055,-0.025,   94,   6.5,   4.3
08-Feb-2000 03:00, 0.925,  30.3,  28.0, 1002.9, 0.090,-0.001,   58,   4.4,   2.3
08-Feb-2000 04:00, 0.989,  30.4,  27.7, 1002.4, 0.102,-0.001,   20,   3.9,   2.7
08-Feb-2000 05:00, 1.060,  30.5,  28.3, 1001.8, 0.121, 0.013,   16,   3.4,   2.0
08-Feb-2000 06:00, 1.082,  30.2,  28.3, 1001.9, 0.112,-0.002,-9999,   3.1,   1.4
08-Feb-2000 07:00, 1.047,  30.5,  28.3, 1002.9, 0.080,-0.032,  313,   3.5,   1.5
08-Feb-2000 08:00, 0.983,  30.4,  27.8, 1003.8, 0.056,-0.046,  226,   2.5,   0.9
08-Feb-2000 09:00, 0.888,  30.3,  26.6, 1004.7, 0.053,-0.040,  191,   3.3,   2.1
08-Feb-2000 10:00, 0.794,  30.3,  26.5, 1005.7, 0.090, 0.006,  193,   3.5,   1.8
08-Feb-2000 11:00, 0.685,  30.3,  26.3, 1006.4, 0.113, 0.038,  192,   3.8,   2.6
08-Feb-2000 12:00, 0.559,  30.2,  26.3, 1006.9, 0.093, 0.026,  189,   4.0,   2.4
08-Feb-2000 13:00, 0.462,  30.1,  25.9, 1006.7, 0.067, 0.004,  183,   4.4,   2.5
08-Feb-2000 14:00, 0.412,  30.1,  25.6, 1006.3, 0.052,-0.013,  186,   4.3,   2.2
08-Feb-2000 15:00, 0.422,  30.1,  25.4, 1005.7, 0.051,-0.019,  183,   4.3,   2.7
08-Feb-2000 16:00, 0.495,  30.0,  25.4, 1005.4, 0.063,-0.012,  191,   4.4,   2.4
08-Feb-2000 17:00, 0.592,  30.0,  25.3, 1005.5, 0.069,-0.009,  186,   3.9,   2.4
08-Feb-2000 18:00, 0.696,  29.9,  25.0, 1005.6, 0.075,-0.002,  186,   4.6,   2.7
08-Feb-2000 19:00, 0.765,  30.0,  25.4, 1006.1, 0.065,-0.011,  184,   4.3,   2.9
08-Feb-2000 20:00, 0.804,  29.9,  25.5, 1006.7, 0.040,-0.031,  172,   4.0,   1.9
08-Feb-2000 21:00, 0.829,  29.9,  27.6, 1007.5, 0.031,-0.033,  178,   3.8,   1.2
08-Feb-2000 22:00, 0.861,  29.9,  28.9, 1007.5, 0.068, 0.012,   82,   4.3,   2.7
08-Feb-2000 23:00, 0.887,  29.9,  29.4, 1006.9, 0.119, 0.061,   72,   3.9,   1.9
09-Feb-2000 00:00, 0.847,  30.2,  29.2, 1006.1, 0.094, 0.030,   44,   4.7,   3.3
09-Feb-2000 01:00, 0.818,-9999 ,-9999 ,-9999.0, 0.062,-0.010,-9999,-9999 ,-9999
09-Feb-2000 02:00, 0.836,  30.5,  29.6, 1004.0, 0.065,-0.018,   41,   4.5,   3.4
09-Feb-2000 03:00, 0.870,  30.5,  29.6, 1003.3, 0.073,-0.020,   10,   3.4,   1.9
09-Feb-2000 04:00, 0.920,  30.4,  29.5, 1002.6, 0.084,-0.016,-9999,   2.7,   2.2
09-Feb-2000 05:00, 0.976,  30.4,  29.6, 1002.2, 0.094,-0.012,  344,   3.1,   1.6
09-Feb-2000 06:00, 1.034,  30.9,  30.0, 1002.6, 0.116, 0.006,  283,   2.7,   2.0
09-Feb-2000 07:00, 1.024,  30.8,  30.0, 1003.1, 0.099,-0.006,  297,   2.6,   1.8
09-Feb-2000 08:00, 0.951,  30.3,  28.7, 1003.8, 0.052,-0.049,  209,   3.5,   1.0
09-Feb-2000 09:00, 0.885,  30.5,  26.8, 1005.1, 0.048,-0.045,  198,   3.8,   2.2
09-Feb-2000 10:00, 0.800,  30.5,  26.7, 1006.2, 0.067,-0.013,  199,   4.6,   3.2
09-Feb-2000 11:00, 0.693,  30.3,  26.3, 1007.1, 0.081, 0.012,  187,   4.9,   2.9
09-Feb-2000 12:00, 0.580,  29.6,  25.9, 1007.5, 0.074, 0.013,  186,   5.4,   3.9
09-Feb-2000 13:00, 0.482,  29.9,  25.8, 1007.6, 0.042,-0.014,  190,   5.6,   2.9
09-Feb-2000 14:00, 0.431,  29.9,  25.2, 1007.0, 0.022,-0.034,  187,   5.5,   3.7
09-Feb-2000 15:00, 0.451,  29.9,  25.1, 1006.4, 0.038,-0.025,  188,   5.0,   2.8
09-Feb-2000 16:00, 0.513,  30.0,  24.8, 1006.5, 0.055,-0.013,  188,   5.1,   3.4
09-Feb-2000 17:00, 0.606,  30.0,  24.8, 1006.4, 0.067, 0.000,  189,   5.5,   3.4
09-Feb-2000 18:00, 0.710,  30.0,  24.6, 1006.9, 0.075, 0.007,  188,   4.7,   2.7
09-Feb-2000 19:00, 0.800,  29.9,  24.6, 1007.2, 0.079, 0.016,  184,   5.6,   3.4
09-Feb-2000 20:00, 0.827,  29.9,  24.8, 1008.2, 0.043,-0.016,  190,   5.6,   3.8
09-Feb-2000 21:00, 0.840,  29.9,  27.5, 1009.0, 0.016,-0.034,  181,   4.6,   1.7
09-Feb-2000 22:00, 0.877,  29.9,  29.4, 1009.3, 0.050, 0.009,  106,   5.6,   4.2
09-Feb-2000 23:00, 0.870,  29.9,  29.7, 1009.1, 0.072, 0.033,   58,   5.1,   3.5
10-Feb-2000 00:00, 0.828,  30.1,  29.3, 1008.4, 0.063, 0.021,   43,   5.5,   3.9
10-Feb-2000 01:00, 0.781,  30.1,  29.2, 1007.6, 0.033,-0.016,   42,   5.1,   4.2
10-Feb-2000 02:00, 0.765,  30.3,  29.4, 1006.3, 0.013,-0.044,   25,   4.8,   3.8
10-Feb-2000 03:00, 0.799,  30.3,  29.8, 1005.3, 0.033,-0.038,   21,   4.3,   2.6
10-Feb-2000 04:00, 0.833,  30.8,  29.9, 1004.7, 0.044,-0.036,  349,   3.7,   2.1
10-Feb-2000 05:00, 0.888,  30.8,  28.9, 1004.4, 0.067,-0.019,   28,   6.8,   4.9
10-Feb-2000 06:00, 0.929,  30.9,  29.3, 1004.5, 0.077,-0.011,   47,   5.2,   2.1
10-Feb-2000 07:00, 0.934,  30.9,  29.3, 1004.9, 0.069,-0.018,   39,   3.1,   1.5
10-Feb-2000 08:00, 0.902,  30.8,  29.1, 1005.8, 0.055,-0.027,  131,   4.4,   2.7
10-Feb-2000 09:00, 0.841,  30.2,  27.4, 1006.6, 0.038,-0.035,  194,   3.2,   1.7
10-Feb-2000 10:00, 0.774,  29.9,  27.0, 1007.3, 0.045,-0.020,  184,   2.9,   1.5
10-Feb-2000 11:00, 0.708,  30.3,  26.5, 1007.9, 0.077, 0.018,  181,   3.3,   1.7
10-Feb-2000 12:00, 0.631,  30.3,  26.1, 1008.2, 0.092, 0.040,  193,   3.4,   2.3
10-Feb-2000 13:00, 0.571,  30.0,  25.6, 1008.2, 0.096, 0.046,  188,   4.4,   3.0
10-Feb-2000 14:00, 0.527,  30.1,  25.1, 1007.7, 0.076, 0.025,  187,   5.2,   3.8
10-Feb-2000 15:00, 0.520,  30.1,  24.6, 1007.5, 0.059, 0.003,  186,   5.0,   3.3
10-Feb-2000 16:00, 0.559,  30.1,  23.9, 1007.4, 0.059, 0.002,  183,   5.4,   3.4
10-Feb-2000 17:00, 0.655,  30.2,  23.4, 1007.6, 0.088, 0.030,  187,   5.1,   3.3
10-Feb-2000 18:00, 0.742,  30.2,  22.9, 1008.2, 0.087, 0.031,  186,   5.6,   3.9
10-Feb-2000 19:00, 0.817,  30.1,  22.5, 1008.8, 0.072, 0.023,  188,   5.7,   3.9
10-Feb-2000 20:00, 0.875,  30.1,  23.1, 1009.4, 0.063, 0.019,  187,   5.7,   3.3
10-Feb-2000 21:00, 0.905,  30.0,  25.6, 1010.1, 0.054, 0.016,  186,   5.6,   3.2
10-Feb-2000 22:00, 0.937,  30.1,  28.8, 1009.9, 0.075, 0.044,  121,   5.7,   4.2
10-Feb-2000 23:00, 0.947,  30.1,  29.1, 1009.6, 0.109, 0.076,   77,   6.0,   1.6
11-Feb-2000 00:00, 0.899,  30.2,  28.9, 1008.9, 0.103, 0.066,   17,   3.7,   2.1
11-Feb-2000 01:00, 0.819,  30.3,  28.7, 1008.0, 0.058, 0.014,   10,   3.5,   2.4
11-Feb-2000 02:00, 0.784,  30.4,  28.7, 1007.0, 0.039,-0.014,  350,   3.3,   2.2
11-Feb-2000 03:00, 0.795,  30.5,  29.2, 1005.9, 0.048,-0.016,    1,   3.1,   2.3
11-Feb-2000 04:00, 0.837,  30.9,  29.4, 1005.1, 0.081, 0.007,  340,   4.0,   2.2
11-Feb-2000 05:00, 0.846,  31.0,  29.3, 1004.5, 0.078,-0.004,  353,   3.4,   2.3
11-Feb-2000 06:00, 0.874,  30.8,  29.5, 1004.4, 0.091, 0.004,  346,   3.0,   1.3
11-Feb-2000 07:00, 0.899,  30.9,  29.9, 1004.8, 0.109, 0.021,  352,   2.5,   1.1
11-Feb-2000 08:00, 0.866,  30.8,  28.4, 1005.3, 0.088, 0.005,  206,   1.2,   0.6
11-Feb-2000 09:00, 0.814,  30.7,  25.8, 1006.2, 0.072,-0.006,  192,   3.4,   2.7
11-Feb-2000 10:00, 0.778,  30.3,  25.2, 1007.2, 0.089, 0.020,  193,   4.2,   2.7
11-Feb-2000 11:00, 0.731,  30.4,  25.1, 1008.1, 0.110, 0.051,  191,   4.9,   3.3
11-Feb-2000 12:00, 0.681,  30.3,  24.6, 1008.6, 0.129, 0.079,  190,   5.5,   3.8
11-Feb-2000 13:00, 0.617,  30.2,  24.1, 1008.1, 0.117, 0.071,  190,   5.5,   3.7
11-Feb-2000 14:00, 0.570,  30.2,  23.7, 1007.5, 0.087, 0.035,  191,   5.9,   3.9
11-Feb-2000 15:00, 0.594,  30.1,  23.7, 1006.7, 0.092, 0.034,  189,   5.6,   4.3
11-Feb-2000 16:00, 0.620,  30.1,  23.1, 1006.5, 0.073, 0.008,  188,   6.1,   3.8
11-Feb-2000 17:00, 0.678,  30.1,  22.9, 1006.4, 0.071, 0.003,  190,   5.7,   4.2
11-Feb-2000 18:00, 0.761,  30.0,  22.6, 1006.6, 0.078, 0.010,  188,   6.2,   3.9
11-Feb-2000 19:00, 0.849,  30.0,  22.2, 1007.2, 0.084, 0.018,  189,   6.5,   4.3
11-Feb-2000 20:00, 0.903,  29.9,  22.7, 1007.7, 0.067, 0.007,  188,   6.1,   3.8
11-Feb-2000 21:00, 0.930,  29.8,  24.7, 1008.4, 0.050,-0.004,  187,   6.2,   3.5
11-Feb-2000 22:00, 0.960,  29.9,  27.3, 1008.5, 0.066, 0.018,  184,   4.8,   2.7
11-Feb-2000 23:00, 0.974,  29.9,  28.2, 1008.2, 0.095, 0.047,   23,   2.7,   1.5
12-Feb-2000 00:00, 0.954,  29.9,  28.4, 1007.5, 0.112, 0.061,   11,   2.6,   2.3
12-Feb-2000 01:00, 0.894,  30.0,  28.2, 1006.8, 0.097, 0.040,  325,   3.3,   2.0
12-Feb-2000 02:00, 0.829,  30.3,  29.1, 1005.2, 0.068, 0.002,  324,   2.8,   1.9
12-Feb-2000 03:00, 0.804,  30.5,  29.1, 1004.0, 0.059,-0.022,  289,   2.7,   2.0
12-Feb-2000 04:00, 0.824,  30.8,  29.1, 1003.2, 0.084,-0.009,  326,   3.5,   2.5
12-Feb-2000 05:00, 0.835,  30.9,  29.0, 1002.7, 0.100, 0.000,  318,   4.9,   3.6
12-Feb-2000 06:00, 0.831,  31.0,  29.1, 1003.0, 0.104,-0.001,  300,   4.2,   2.3
12-Feb-2000 07:00, 0.841,  31.1,  29.7, 1003.5, 0.124, 0.022,  294,   3.8,   1.9
12-Feb-2000 08:00, 0.826,  30.6,  28.1, 1004.2, 0.129, 0.033,  203,   3.1,   0.7
12-Feb-2000 09:00, 0.775,  31.0,  25.8, 1005.2, 0.111, 0.022,  193,   4.0,   2.7
12-Feb-2000 10:00, 0.721,-9999 ,-9999 ,-9999.0, 0.100, 0.021,-9999,-9999 ,-9999
12-Feb-2000 11:00, 0.683,  30.8,  24.9, 1006.8, 0.107, 0.037,  192,   4.5,   3.1
12-Feb-2000 12:00, 0.646,  30.6,  24.7, 1007.3, 0.111, 0.048,  194,   4.7,   3.3
12-Feb-2000 13:00, 0.611,  30.5,  24.3, 1007.1, 0.103, 0.044,  191,   5.5,   3.7
12-Feb-2000 14:00, 0.576,  30.4,  24.3, 1006.7, 0.073, 0.012,  186,   6.4,   4.9
12-Feb-2000 15:00, 0.592,  30.3,  23.8, 1006.0, 0.062,-0.004,  190,   5.8,   3.5
12-Feb-2000 16:00, 0.633,  30.2,  23.3, 1005.6, 0.049,-0.023,  192,   6.6,   3.7
12-Feb-2000 17:00, 0.704,  30.2,  23.0, 1005.6, 0.055,-0.022,  190,   6.8,   4.4
12-Feb-2000 18:00, 0.763,  30.1,  22.8, 1006.0, 0.045,-0.031,  189,   6.2,   4.3
12-Feb-2000 19:00, 0.848,  30.1,  22.7, 1006.5, 0.058,-0.013,  187,   6.6,   4.4
12-Feb-2000 20:00, 0.921,  30.0,  22.6, 1007.2, 0.067, 0.000,  187,   6.3,   4.6
12-Feb-2000 21:00, 0.956,  30.0,  24.7, 1007.9, 0.054,-0.005,  186,   6.1,   3.9
12-Feb-2000 22:00, 0.984,  30.0,  28.8, 1008.3, 0.061, 0.009,  143,   5.1,   0.6
12-Feb-2000 23:00, 0.989,  30.0,  28.0, 1007.8, 0.073, 0.023,   31,   2.6,   1.9
13-Feb-2000 00:00, 0.994,  30.1,  28.4, 1007.0, 0.106, 0.052,   23,   2.6,   0.8
13-Feb-2000 01:00, 0.966,  30.3,  28.3, 1005.8, 0.118, 0.055,   13,   2.7,   2.0
13-Feb-2000 02:00, 0.910,  30.5,  28.6, 1004.5, 0.107, 0.031,-9999,   4.2,   2.8
13-Feb-2000 03:00, 0.853,  30.6,  28.7, 1003.7, 0.084,-0.003,  344,   4.3,   3.0
13-Feb-2000 04:00, 0.820,  30.8,  29.0, 1002.9, 0.073,-0.022,  340,   4.5,   3.5
13-Feb-2000 05:00, 0.815,  30.8,  29.3, 1002.4, 0.089,-0.015,  325,   5.0,   4.1
13-Feb-2000 06:00, 0.792,  30.8,  29.4, 1002.7, 0.093,-0.015,  312,   5.1,   4.2
13-Feb-2000 07:00, 0.749,  31.1,  29.6, 1003.5, 0.084,-0.020,  326,   4.6,   3.1
13-Feb-2000 08:00, 0.723,  30.9,  29.4, 1004.4, 0.099, 0.003,  331,   4.1,   3.2
13-Feb-2000 09:00, 0.682,  30.7,  27.0, 1005.0, 0.101, 0.014,  188,   5.0,   2.0
13-Feb-2000 10:00, 0.630,  30.9,  26.5, 1005.7, 0.090, 0.009,  203,   3.0,   0.9
13-Feb-2000 11:00, 0.581,  30.8,  25.8, 1006.3, 0.076, 0.002,  197,   3.5,   1.9
13-Feb-2000 12:00, 0.557,  30.6,  25.4, 1006.7, 0.073, 0.004,  185,   3.8,   1.7
13-Feb-2000 13:00, 0.563,  30.5,  25.0, 1006.4, 0.079, 0.014,  194,   4.4,   3.4
13-Feb-2000 14:00, 0.579,  30.5,  24.6, 1005.8, 0.076, 0.008,  190,   4.3,   3.0
13-Feb-2000 15:00, 0.620,  30.4,  24.3, 1005.4, 0.076, 0.001,  192,   5.0,   3.0
13-Feb-2000 16:00, 0.676,  30.2,  23.9, 1005.5, 0.070,-0.008,  191,   4.7,   3.1
13-Feb-2000 17:00, 0.746,  30.2,  23.8, 1005.7, 0.066,-0.011,  191,   5.2,   3.4
13-Feb-2000 18:00, 0.807,  30.1,  23.7, 1005.8, 0.055,-0.020,  189,   5.4,   4.1
13-Feb-2000 19:00, 0.871,  30.1,  23.4, 1006.6, 0.055,-0.018,  188,   5.7,   3.8
13-Feb-2000 20:00, 0.951,  30.1,  23.6, 1007.2, 0.079, 0.014,  191,   5.6,   4.0
13-Feb-2000 21:00, 0.994,  30.0,  25.6, 1007.8, 0.080, 0.021,  189,   5.4,   3.1
13-Feb-2000 22:00, 1.031,  30.1,  28.7, 1007.8, 0.092, 0.038,  183,   3.9,   0.8
13-Feb-2000 23:00, 1.037,  30.1,  28.4, 1007.1, 0.094, 0.039,-9999,   2.2,   0.8
14-Feb-2000 00:00, 1.026,  30.4,  28.3, 1006.3, 0.099, 0.037,-9999,   3.8,   3.2
14-Feb-2000 01:00, 1.007,  30.5,  28.6, 1005.5, 0.111, 0.041,-9999,   4.5,   3.3
14-Feb-2000 02:00, 0.959,  30.6,  28.7, 1004.5, 0.099, 0.021,  331,   4.1,   3.3
14-Feb-2000 03:00, 0.910,  30.7,  28.9, 1003.5, 0.092, 0.004,  337,   5.2,   4.3
14-Feb-2000 04:00, 0.860,  30.8,  29.3, 1002.8, 0.081,-0.017,  318,   5.5,   4.6
14-Feb-2000 05:00, 0.822,  30.9,  29.3, 1002.3, 0.078,-0.027,-9999,   5.5,   4.0
14-Feb-2000 06:00, 0.788,  31.3,  29.5, 1002.6, 0.087,-0.021,  356,   5.9,   3.8
14-Feb-2000 07:00, 0.749,  31.1,  29.5, 1002.9, 0.104,-0.002,-9999,   5.4,   4.4
14-Feb-2000 08:00, 0.689,  31.2,  29.7, 1003.5, 0.106, 0.004,   12,   5.6,   4.6
14-Feb-2000 09:00, 0.636,  30.9,  28.1, 1004.2, 0.121, 0.024,  173,   3.8,   2.0
14-Feb-2000 10:00, 0.576,  30.8,  27.5, 1005.0, 0.116, 0.027,  190,   4.2,   2.5
14-Feb-2000 11:00, 0.526,  30.8,  26.8, 1005.7, 0.101, 0.020,  176,   4.3,   1.8
14-Feb-2000 12:00, 0.512,  30.7,  26.4, 1006.4, 0.098, 0.024,  181,   4.5,   2.7
14-Feb-2000 13:00, 0.532,  30.6,  25.9, 1006.1, 0.102, 0.034,  190,   4.5,   2.0
14-Feb-2000 14:00, 0.575,  30.6,  25.2, 1005.6, 0.103, 0.032,  189,   4.5,   3.7
14-Feb-2000 15:00, 0.636,  30.5,  25.0, 1005.4, 0.102, 0.026,  186,   5.4,   3.4
14-Feb-2000 16:00, 0.697,  30.4,  24.5, 1005.0, 0.089, 0.010,  187,   5.0,   3.6
14-Feb-2000 17:00, 0.773,  30.4,  24.5, 1005.3, 0.082, 0.001,  187,   5.0,   3.6
14-Feb-2000 18:00, 0.846,  30.3,  24.2, 1005.5, 0.076,-0.003,  193,   5.5,   3.7
14-Feb-2000 19:00, 0.914,  30.3,  24.2, 1006.0, 0.078, 0.002,  188,   5.4,   3.4
14-Feb-2000 20:00, 0.976,  30.2,  24.4, 1006.4, 0.088, 0.017,  179,   5.7,   3.1
14-Feb-2000 21:00, 1.018,  30.2,  26.4, 1007.1, 0.095, 0.028,  183,   5.5,   2.9
14-Feb-2000 22:00, 1.046,  30.2,  28.8, 1007.4, 0.103, 0.042,   71,   4.2,   1.5
14-Feb-2000 23:00, 1.054,  30.2,  28.5, 1006.8, 0.100, 0.041,-9999,   2.9,   1.9
15-Feb-2000 00:00, 1.063,  30.4,  28.5, 1005.9, 0.111, 0.046,-9999,   3.3,   2.6
15-Feb-2000 01:00, 1.052,  30.8,  28.8, 1005.2, 0.116, 0.042,-9999,   3.5,   2.8
15-Feb-2000 02:00, 1.028,  31.0,  29.0, 1004.1, 0.115, 0.034,-9999,   3.7,   2.5
15-Feb-2000 03:00, 0.991,  31.2,  29.7, 1003.4, 0.111, 0.019,-9999,   3.8,   2.8
15-Feb-2000 04:00, 0.944,  31.0,  29.9, 1002.8, 0.107, 0.008,  354,   4.0,   2.7
15-Feb-2000 05:00, 0.888,  30.7,  29.9, 1002.6, 0.101,-0.003,  331,   3.7,   2.2
15-Feb-2000 06:00, 0.824,  31.4,  30.0, 1002.7, 0.093,-0.014,  320,   2.9,   1.2
15-Feb-2000 07:00, 0.755,  31.2,  29.9, 1003.2, 0.093,-0.012,  330,   2.3,   1.1
15-Feb-2000 08:00, 0.671,  31.2,  29.6, 1003.9, 0.091,-0.008,   12,   1.9,   0.8
15-Feb-2000 09:00, 0.584,  31.1,  27.3, 1004.9, 0.095, 0.003,  191,   3.3,   2.0
15-Feb-2000 10:00, 0.511,  30.9,  26.6, 1005.8, 0.105, 0.023,  196,   4.0,   2.6
15-Feb-2000 11:00, 0.449,  30.9,  26.3, 1006.5, 0.096, 0.023,  192,   4.3,   2.6
15-Feb-2000 12:00, 0.443,  30.9,  26.2, 1007.1, 0.105, 0.039,  189,   4.6,   2.7
15-Feb-2000 13:00, 0.475,  30.8,  25.7, 1007.1, 0.114, 0.053,  190,   4.8,   3.2
15-Feb-2000 14:00, 0.525,  30.4,  25.2, 1006.8, 0.110, 0.049,  184,   4.8,   3.1
15-Feb-2000 15:00, 0.608,  30.3,  25.1, 1006.5, 0.113, 0.049,  177,   5.5,   2.3
15-Feb-2000 16:00, 0.694,  30.3,  24.7, 1006.1, 0.106, 0.039,  181,   5.2,   3.5
15-Feb-2000 17:00, 0.784,  30.3,  24.6, 1006.1, 0.105, 0.034,  184,   6.0,   3.9
15-Feb-2000 18:00, 0.859,  30.2,  24.5, 1006.6, 0.092, 0.021,  187,   5.5,   3.0
15-Feb-2000 19:00, 0.918,  30.2,  24.3, 1007.1, 0.079, 0.013,  183,   5.8,   4.0
15-Feb-2000 20:00, 0.964,  30.2,  24.4, 1007.7, 0.071, 0.010,  182,   5.1,   3.4
15-Feb-2000 21:00, 1.001,  30.2,  26.3, 1008.1, 0.072, 0.018,  186,   5.5,   3.2
15-Feb-2000 22:00, 1.035,  30.3,  29.1, 1008.2, 0.090, 0.039,  194,   4.4,   1.3
15-Feb-2000 23:00, 1.045,  30.3,  29.3, 1008.0, 0.092, 0.042,   41,   3.7,   3.0
16-Feb-2000 00:00, 1.068,  30.5,  28.8, 1007.4, 0.110, 0.058,   30,   4.3,   3.1
16-Feb-2000 01:00, 1.074,  30.7,  29.3, 1006.2, 0.114, 0.054,   37,   4.7,   2.9
16-Feb-2000 02:00, 1.049,  30.8,  29.1, 1005.1, 0.096, 0.025,   19,   3.5,   2.7
16-Feb-2000 03:00, 1.036,  31.0,  29.5, 1004.0, 0.102, 0.020,   29,   3.2,   2.8
16-Feb-2000 04:00, 1.010,  31.1,  29.8, 1002.8, 0.108, 0.014,   15,   3.9,   2.5
16-Feb-2000 05:00, 0.950,  31.1,  30.2, 1002.0, 0.099,-0.006,    8,   2.3,   1.2
16-Feb-2000 06:00, 0.879,  31.1,  30.4, 1002.0, 0.094,-0.018,   56,   3.5,   2.7
16-Feb-2000 07:00, 0.791,  31.1,  30.6, 1002.7, 0.085,-0.026,   46,   4.0,   1.9
16-Feb-2000 08:00, 0.679,  30.9,  29.7, 1003.7, 0.066,-0.038,  131,   3.7,   1.1
16-Feb-2000 09:00, 0.582,  31.2,  27.4, 1004.5, 0.075,-0.019,  192,   3.3,   2.0
16-Feb-2000 10:00, 0.490,  31.2,  26.7, 1005.8, 0.090, 0.004,  180,   4.0,   2.4
16-Feb-2000 11:00, 0.416,  31.0,  26.6, 1006.7, 0.099, 0.026,  191,   4.0,   2.6
16-Feb-2000 12:00, 0.381,  30.9,  26.4, 1007.2, 0.100, 0.036,  182,   4.8,   2.6
16-Feb-2000 13:00, 0.405,  30.8,  26.1, 1006.6, 0.109, 0.048,  181,   5.2,   2.8
16-Feb-2000 14:00, 0.468,  30.8,  25.8, 1005.5, 0.115, 0.048,  185,   6.0,   3.4
16-Feb-2000 15:00, 0.538,  30.7,  25.0, 1005.1, 0.101, 0.024,  188,   5.1,   3.1
16-Feb-2000 16:00, 0.633,  30.6,  25.2, 1004.8, 0.090, 0.009,  185,   4.5,   2.7
16-Feb-2000 17:00, 0.740,  30.6,  24.8, 1004.8, 0.090, 0.006,  187,   4.2,   2.9
16-Feb-2000 18:00, 0.836,  30.5,  25.1, 1005.7, 0.093, 0.009,  184,   5.1,   3.2
16-Feb-2000 19:00, 0.923,  30.4,  25.2, 1006.1, 0.102, 0.027,  188,   5.4,   3.9
16-Feb-2000 20:00, 0.977,  30.3,  24.3, 1006.4, 0.097, 0.027,  185,   5.0,   3.4
16-Feb-2000 21:00, 1.002,  30.3,  23.7, 1006.9, 0.082, 0.014,  148,   4.8,   2.3
16-Feb-2000 22:00, 1.019,  30.3,  24.3, 1007.9, 0.081, 0.019,  305,   4.6,   1.4
16-Feb-2000 23:00, 1.031,  30.4,  26.0, 1008.0, 0.088, 0.035,-9999,   2.7,   1.1
17-Feb-2000 00:00, 1.043,  30.4,  27.2, 1007.6, 0.095, 0.043,-9999,   3.3,   1.5
17-Feb-2000 01:00, 1.070,  30.6,  28.4, 1006.1, 0.110, 0.053,   49,   3.0,   1.4
17-Feb-2000 02:00, 1.083,  30.7,  29.4, 1004.9, 0.109, 0.036,   79,   4.9,   3.1
17-Feb-2000 03:00, 1.077,  30.6,  30.3, 1004.7, 0.104, 0.021,   91,   6.7,   4.9
17-Feb-2000 04:00, 1.060,  30.7,  29.9, 1003.5, 0.104, 0.017,  105,   7.2,   3.0
17-Feb-2000 05:00, 0.996,  30.8,  29.7, 1003.8, 0.076,-0.020,   82,   5.7,   3.9
17-Feb-2000 06:00, 0.936,  30.7,  29.0, 1004.1, 0.084,-0.009,  105,   5.7,   3.1
17-Feb-2000 07:00, 0.880,  30.4,  28.5, 1004.3, 0.115, 0.024,   93,   5.1,   2.4
17-Feb-2000 08:00, 0.780,  30.5,  27.9, 1005.0, 0.114, 0.026,  105,   4.0,   2.2
17-Feb-2000 09:00, 0.648,  30.4,  27.6, 1005.4, 0.092, 0.011,  157,   3.2,   0.1
17-Feb-2000 10:00, 0.520,  30.5,  26.4, 1006.3, 0.082, 0.005,  172,   1.9,   1.3
17-Feb-2000 11:00, 0.415,  30.4,  25.9, 1007.4, 0.086, 0.018,  181,   2.8,   2.1
17-Feb-2000 12:00, 0.360,  30.4,  26.0, 1007.5, 0.098, 0.040,  188,   4.1,   2.5
17-Feb-2000 13:00, 0.380,  30.4,  25.9, 1006.9, 0.127, 0.069,  196,   3.3,   2.0
17-Feb-2000 14:00, 0.426,  30.4,  25.6, 1006.9, 0.124, 0.061,  175,   4.0,   2.4
17-Feb-2000 15:00, 0.510,  30.3,  25.5, 1006.3, 0.126, 0.062,  193,   4.2,   2.4
17-Feb-2000 16:00, 0.612,  30.3,  25.3, 1005.6, 0.125, 0.055,  179,   5.0,   2.2
17-Feb-2000 17:00, 0.712,  30.3,  25.6, 1005.5, 0.105, 0.029,  195,   3.1,   1.4
17-Feb-2000 18:00, 0.813,  30.3,  25.4, 1005.9, 0.102, 0.025,  194,   4.1,   2.5
17-Feb-2000 19:00, 0.931,  30.3,  25.5, 1006.2, 0.141, 0.068,  174,   4.5,   2.1
17-Feb-2000 20:00, 0.984,  30.3,  26.0, 1007.7, 0.137, 0.068,  108,   9.7,   4.2
17-Feb-2000 21:00, 0.987,  30.2,  23.5, 1008.6, 0.097, 0.043,  178,  10.7,   3.0
17-Feb-2000 22:00, 0.999,  30.3,  24.3, 1008.1, 0.083, 0.037,  208,   3.3,   1.9
17-Feb-2000 23:00, 1.017,  30.3,  25.9, 1008.2, 0.093, 0.043,   37,   2.2,   1.3
18-Feb-2000 00:00, 1.018,  30.3,  26.6, 1008.0, 0.091, 0.041,  300,   2.3,   1.8
18-Feb-2000 01:00, 1.044,  30.3,  27.4, 1007.6, 0.105, 0.053,  286,   2.8,   1.0
18-Feb-2000 02:00, 1.068,  30.3,  27.7, 1006.6, 0.104, 0.047,-9999,   2.9,   2.1
18-Feb-2000 03:00, 1.093,  30.6,  28.0, 1005.3, 0.106, 0.039,  342,   3.7,   2.8
18-Feb-2000 04:00, 1.097,  30.7,  28.3, 1004.1, 0.109, 0.028,  326,   5.2,   3.3
18-Feb-2000 05:00, 1.051,  30.8,  28.5, 1004.0, 0.081,-0.010,  307,   4.7,   2.5
18-Feb-2000 06:00, 1.000,  30.6,  28.5, 1004.1, 0.079,-0.013,  291,   3.4,   2.1
18-Feb-2000 07:00, 0.951,  30.6,  28.8, 1004.7, 0.118, 0.028,  327,   3.1,   1.7
18-Feb-2000 08:00, 0.899,  30.5,  27.4, 1005.5, 0.172, 0.087,  197,   2.8,   1.6
18-Feb-2000 09:00, 0.751,  30.5,  26.8, 1006.6, 0.135, 0.059,  197,   2.6,   1.6
18-Feb-2000 10:00, 0.581,  30.5,  26.8, 1007.5, 0.082, 0.017,-9999,   4.2,   1.3
18-Feb-2000 11:00, 0.449,  30.5,  26.0, 1007.6, 0.068, 0.011,  193,   2.9,   2.2
18-Feb-2000 12:00, 0.372,  30.5,  26.0, 1007.8, 0.082, 0.026,  192,   3.7,   1.0
18-Feb-2000 13:00, 0.365,  30.4,  25.6, 1007.6, 0.114, 0.059,  191,   4.0,   2.8
18-Feb-2000 14:00, 0.405,  30.4,  25.4, 1007.1, 0.128, 0.072,  194,   3.6,   1.9
18-Feb-2000 15:00, 0.496,  30.4,  24.9, 1006.4, 0.145, 0.083,  180,   3.1,   2.0
18-Feb-2000 16:00, 0.588,  30.3,  24.7, 1005.8, 0.141, 0.072,  198,   2.7,   1.9
18-Feb-2000 17:00, 0.671,  30.3,  24.9, 1005.8, 0.111, 0.036,  183,   3.7,   2.0
18-Feb-2000 18:00, 0.783,  30.2,  25.0, 1005.9, 0.108, 0.034,  185,   3.4,   2.4
18-Feb-2000 19:00, 0.900,  30.2,  24.2, 1006.0, 0.141, 0.068,  181,   4.2,   1.9
18-Feb-2000 20:00, 0.974,  30.1,  24.3, 1006.4, 0.162, 0.090,  180,   4.7,   1.8
18-Feb-2000 21:00, 0.971,  30.1,  25.1, 1006.6, 0.122, 0.055,  200,   4.1,   2.7
18-Feb-2000 22:00, 0.948,  30.1,  27.1, 1006.7, 0.071, 0.005,  177,   3.3,   0.0
18-Feb-2000 23:00, 0.959,  30.1,  27.6, 1006.8, 0.069, 0.004,  317,   2.9,   2.0
19-Feb-2000 00:00, 0.993,  30.3,  28.1, 1006.3, 0.098, 0.034,-9999,   3.4,   1.6
19-Feb-2000 01:00, 1.006,  30.4,  29.0, 1005.4, 0.102, 0.032,-9999,   5.8,   4.7
19-Feb-2000 02:00, 1.043,  30.6,  29.3, 1004.4, 0.113, 0.034,-9999,   6.3,   5.4
19-Feb-2000 03:00, 1.096,  30.6,  29.1, 1003.5, 0.127, 0.038,  323,   7.7,   6.1
19-Feb-2000 04:00, 1.108,  30.7,  29.1, 1002.9, 0.113, 0.015,  334,   8.0,   5.8
19-Feb-2000 05:00, 1.067,  30.6,  25.8, 1003.3, 0.074,-0.029,  157,   7.8,   4.4
19-Feb-2000 06:00, 1.014,  30.6,  24.9, 1003.7, 0.047,-0.051,  163,   5.8,   0.9
19-Feb-2000 07:00, 0.982,  30.6,  24.6, 1004.7, 0.084,-0.009,  156,   3.7,   1.7
19-Feb-2000 08:00, 0.920,  30.6,  24.6, 1005.4, 0.130, 0.045,  186,   3.0,   1.4
19-Feb-2000 09:00, 0.820,  30.4,  24.4, 1005.9, 0.146, 0.068,  173,   2.7,   1.8
19-Feb-2000 10:00, 0.655,  30.3,  24.5, 1006.7, 0.094, 0.022,  174,   3.2,   1.4
19-Feb-2000 11:00, 0.499,  30.3,  24.8, 1006.9, 0.047,-0.017,  189,   3.7,   2.1
19-Feb-2000 12:00, 0.418,  30.3,  25.1, 1006.6, 0.066, 0.003,  190,   5.5,   3.7
19-Feb-2000 13:00, 0.397,  30.2,  25.0, 1006.2, 0.105, 0.039,  196,   5.2,   2.5
19-Feb-2000 14:00, 0.410,  30.2,  24.9, 1005.3, 0.122, 0.051,  226,   3.1,   1.7
19-Feb-2000 15:00, 0.487,  30.1,  25.1, 1004.2, 0.142, 0.062,  167,   2.8,   0.7
19-Feb-2000 16:00, 0.577,  30.1,  24.7, 1004.0, 0.143, 0.053,  185,   3.0,   2.4
19-Feb-2000 17:00, 0.678,  30.0,  24.7, 1003.5, 0.145, 0.052,  196,   4.2,   2.0
19-Feb-2000 18:00, 0.776,  30.1,  24.6, 1003.6, 0.131, 0.034,  188,   4.3,   2.8
19-Feb-2000 19:00, 0.880,  29.9,  24.7, 1004.6, 0.140, 0.045,-9999,   3.8,   0.8
19-Feb-2000 20:00, 0.967,  29.8,  24.6, 1005.2, 0.176, 0.091,  174,   2.5,   1.9
19-Feb-2000 21:00, 0.989,  29.8,  26.2, 1005.6, 0.177, 0.098,  181,   3.7,   2.5
19-Feb-2000 22:00, 0.941,  30.0,  27.4, 1006.0, 0.112, 0.036,   34,   3.2,   2.2
19-Feb-2000 23:00, 0.917,  30.1,  27.8, 1005.9, 0.073, 0.001,   45,   4.4,   2.6
20-Feb-2000 00:00, 0.947,  30.2,  27.3, 1005.1, 0.096, 0.022,    6,   5.4,   3.6
20-Feb-2000 01:00, 0.970,  30.3,  28.0, 1004.7, 0.111, 0.030,-9999,   5.2,   3.8
20-Feb-2000 02:00, 0.997,  30.3,  25.7, 1004.0, 0.117, 0.031,  227,   6.3,   2.9
20-Feb-2000 03:00, 1.068,  30.3,  25.6, 1003.3, 0.146, 0.054,  200,   4.7,   2.0
20-Feb-2000 04:00, 1.112,  30.3,  26.7, 1003.0, 0.145, 0.045,  270,   4.2,   0.8
20-Feb-2000 05:00, 1.119,  30.3,  27.0, 1003.0, 0.131, 0.030,  323,   3.8,   3.1
20-Feb-2000 06:00, 1.070,  30.3,  27.1, 1003.0, 0.090,-0.012,  206,   3.2,   0.7
20-Feb-2000 07:00, 1.017,  30.3,  27.1, 1003.8, 0.080,-0.021,  216,   1.8,   0.8
20-Feb-2000 08:00, 0.980,  30.2,  26.5, 1004.2, 0.134, 0.040,  203,   2.6,   0.9
20-Feb-2000 09:00, 0.908,  30.1,  26.2, 1004.9, 0.181, 0.092,  172,   1.9,   0.8
20-Feb-2000 10:00, 0.777,  30.1,  26.2, 1005.9, 0.166, 0.084,  129,   2.4,   1.4
20-Feb-2000 11:00, 0.611,  30.1,  25.7, 1006.4, 0.098, 0.026,  186,   2.7,   1.9
20-Feb-2000 12:00, 0.500,  30.0,  25.7, 1006.7, 0.076, 0.009,  185,   3.1,   1.6
20-Feb-2000 13:00, 0.456,  30.0,  25.2, 1006.2, 0.100, 0.035,  180,   2.6,   0.4
20-Feb-2000 14:00, 0.465,  30.0,  24.9, 1005.8, 0.130, 0.060,  187,   2.0,   1.4
20-Feb-2000 15:00, 0.498,  30.0,  24.9, 1005.0, 0.130, 0.055,  185,   2.9,   2.1
20-Feb-2000 16:00, 0.582,  30.0,  24.5, 1004.1, 0.135, 0.052,  196,   2.6,   1.1
20-Feb-2000 17:00, 0.689,  30.0,  24.4, 1004.0, 0.150, 0.059,  184,   2.8,   2.1
20-Feb-2000 18:00, 0.784,  29.9,  24.5, 1004.0, 0.148, 0.056,  176,   3.3,   1.5
20-Feb-2000 19:00, 0.873,  29.8,  24.7, 1004.2, 0.143, 0.051,  192,   4.2,   2.3
20-Feb-2000 20:00, 0.970,  29.7,  24.9, 1004.9, 0.181, 0.092,  184,   3.6,   2.6
20-Feb-2000 21:00, 0.998,  29.7,  25.7, 1005.8, 0.197, 0.115,  187,   3.5,   2.2
20-Feb-2000 22:00, 0.942,  29.7,  26.5, 1006.5, 0.149, 0.076,   37,   3.8,   2.5
20-Feb-2000 23:00, 0.892,  29.9,  26.8, 1006.2, 0.097, 0.030,   79,   2.2,   1.3
21-Feb-2000 00:00, 0.892,  30.0,  27.1, 1005.7, 0.090, 0.020,  106,   4.0,   2.8
21-Feb-2000 01:00, 0.925,  30.1,  27.4, 1005.1, 0.117, 0.041,   66,   5.0,   3.5
21-Feb-2000 02:00, 0.938,  30.1,  26.6, 1004.5, 0.115, 0.033,   77,   5.4,   2.1
21-Feb-2000 03:00, 0.990,  30.1,  26.9, 1004.0, 0.132, 0.045,   96,   5.2,   2.6
21-Feb-2000 04:00, 1.050,  30.1,  24.5, 1004.0, 0.140, 0.048,  294,   5.7,   5.1
21-Feb-2000 05:00, 1.079,  30.1,  24.6, 1004.0, 0.127, 0.035,  108,   2.2,   1.1
21-Feb-2000 06:00, 1.037,  30.1,  25.5, 1004.6, 0.076,-0.015,   64,   3.4,   1.7
21-Feb-2000 07:00, 1.000,  30.1,  25.2, 1005.3, 0.061,-0.025,  125,   7.3,   1.4
21-Feb-2000 08:00, 0.994,  30.0,  24.7, 1006.5, 0.117, 0.039,-9999,   5.5,   2.5
21-Feb-2000 09:00, 0.946,  29.8,  23.9, 1007.0, 0.177, 0.110,-9999,   7.2,   1.4
21-Feb-2000 10:00, 0.818,  29.8,  24.2, 1007.9, 0.169, 0.108,  110,   2.9,   1.1
21-Feb-2000 11:00, 0.655,  29.8,  24.1, 1008.0, 0.103, 0.050,  176,   3.0,   2.5
21-Feb-2000 12:00, 0.551,  29.9,  24.7, 1008.3, 0.071, 0.019,  183,   4.7,   1.9
21-Feb-2000 13:00, 0.519,  29.9,  24.6, 1008.0, 0.094, 0.045,  202,   4.0,   2.0
21-Feb-2000 14:00, 0.541,  29.8,  24.5, 1007.3, 0.142, 0.089,  191,   3.5,   1.9
21-Feb-2000 15:00, 0.563,  29.7,  24.5, 1007.0, 0.147, 0.087,  188,   3.7,   1.9
21-Feb-2000 16:00, 0.642,  29.7,  24.4, 1006.4, 0.162, 0.099,  190,   4.7,   2.7
21-Feb-2000 17:00, 0.745,  29.7,  24.1, 1006.2, 0.175, 0.107,  181,   7.4,   3.8
21-Feb-2000 18:00, 0.817,  29.7,  24.1, 1006.3, 0.162, 0.092,  190,   6.6,   4.1
21-Feb-2000 19:00, 0.896,  29.7,  24.1, 1006.6, 0.159, 0.090,  195,   5.0,   3.3
21-Feb-2000 20:00, 1.014,  29.6,  24.1, 1007.4, 0.214, 0.149,  213,   4.4,   1.8
21-Feb-2000 21:00, 1.004,  29.6,  24.3, 1008.2, 0.189, 0.132,  169,   2.5,   1.7
21-Feb-2000 22:00, 0.908,  29.6,  25.9, 1008.4, 0.118, 0.068,  199,   4.8,   1.4
21-Feb-2000 23:00, 0.872,  29.8,  28.2, 1007.9, 0.110, 0.062,  172,   4.8,   1.9
22-Feb-2000 00:00, 0.854,  29.9,  29.4, 1006.8, 0.100, 0.046,  114,   3.4,   0.9
22-Feb-2000 01:00, 0.864,  30.1,  29.1, 1005.9, 0.106, 0.041,   23,   3.2,   1.9
22-Feb-2000 02:00, 0.878,  30.4,  29.0, 1004.9, 0.109, 0.035,   52,   4.1,   2.9
22-Feb-2000 03:00, 0.911,  30.4,  29.3, 1004.1, 0.118, 0.034,  351,   3.0,   0.5
22-Feb-2000 04:00, 0.967,  30.5,  29.6, 1003.1, 0.130, 0.037,  334,   2.0,   0.6
22-Feb-2000 05:00, 0.993,  30.8,  29.5, 1002.3, 0.103, 0.001,  350,   1.6,   0.8
22-Feb-2000 06:00, 0.984,  30.5,  29.2, 1002.1, 0.066,-0.044,  281,   2.2,   1.4
22-Feb-2000 07:00, 0.973,  30.3,  29.3, 1002.9, 0.062,-0.048,   42,   1.7,   1.2
22-Feb-2000 08:00, 0.969,  30.0,  28.5, 1003.7, 0.098,-0.004,  192,   1.8,   0.6
22-Feb-2000 09:00, 0.945,  30.1,  27.5, 1004.7, 0.155, 0.061,  181,   2.8,   1.8
22-Feb-2000 10:00, 0.892,  30.2,  27.2, 1005.5, 0.213, 0.129,  195,   3.2,   2.0
22-Feb-2000 11:00, 0.726,  30.1,  26.8, 1006.2, 0.152, 0.076,  185,   3.2,   2.2
22-Feb-2000 12:00, 0.588,  30.0,  26.6, 1006.5, 0.081, 0.011,  180,   3.2,   2.0
22-Feb-2000 13:00, 0.558,  30.0,  26.5, 1006.4, 0.085, 0.018,  188,   3.6,   2.5
22-Feb-2000 14:00, 0.557,  30.0,  26.4, 1006.2, 0.096, 0.028,  190,   3.5,   2.1
22-Feb-2000 15:00, 0.610,  30.1,  26.2, 1005.4, 0.134, 0.063,  187,   4.1,   3.0
22-Feb-2000 16:00, 0.686,  29.9,  25.9, 1005.1, 0.159, 0.081,  178,   4.1,   2.1
22-Feb-2000 17:00, 0.783,  29.6,  25.9, 1005.0, 0.174, 0.093,  190,   4.3,   2.6
22-Feb-2000 18:00, 0.853,  29.5,  26.2, 1005.8, 0.158, 0.077,  178,   4.8,   2.4
22-Feb-2000 19:00, 0.894,  29.8,  25.9, 1006.0, 0.128, 0.055,  183,   4.2,   2.2
22-Feb-2000 20:00, 0.999,  29.7,  25.8, 1006.4, 0.178, 0.107,  186,   4.2,   2.3
22-Feb-2000 21:00, 1.078,  29.6,  27.7, 1006.7, 0.236, 0.168,  186,   4.2,   2.2
22-Feb-2000 22:00, 0.985,  29.7,  29.6, 1006.7, 0.169, 0.104,   24,   2.4,   0.7
22-Feb-2000 23:00, 0.872,  29.9,  29.0, 1006.4, 0.108, 0.042,   41,   2.6,   2.1
23-Feb-2000 00:00, 0.810,  30.1,  29.0, 1005.8, 0.085, 0.016,   34,   3.0,   1.4
23-Feb-2000 01:00, 0.822,  30.5,  29.1, 1004.6, 0.108, 0.032,  337,   2.5,   1.4
23-Feb-2000 02:00, 0.852,  30.5,  29.3, 1003.7, 0.132, 0.045,  339,   2.8,   1.8
23-Feb-2000 03:00, 0.869,  30.8,  29.1, 1002.7, 0.132, 0.036,  323,   4.1,   2.5
23-Feb-2000 04:00, 0.920,  30.9,  28.9, 1002.1, 0.152, 0.046,  296,   5.5,   4.6
23-Feb-2000 05:00, 0.953,  30.5,  29.1, 1002.0, 0.139, 0.028,  274,   5.1,   2.1
23-Feb-2000 06:00, 0.971,  30.4,  29.2, 1002.2, 0.115, 0.003,  272,   3.5,   1.9
23-Feb-2000 07:00, 0.939,  30.5,  28.9, 1003.1, 0.076,-0.033,  217,   3.0,   0.5
23-Feb-2000 08:00, 0.920,  30.6,  28.0, 1004.0, 0.082,-0.019,  194,   2.7,   1.9
23-Feb-2000 09:00, 0.920,  30.5,  27.4, 1004.9, 0.141, 0.050,  184,   2.8,   2.4
23-Feb-2000 10:00, 0.884,  30.5,  27.1, 1005.9, 0.195, 0.113,  191,   3.2,   1.7
23-Feb-2000 11:00, 0.780,  30.5,  26.7, 1006.5, 0.188, 0.116,  187,   3.3,   2.2
23-Feb-2000 12:00, 0.667,  30.4,  26.5, 1006.9, 0.148, 0.081,  185,   3.7,   2.3
23-Feb-2000 13:00, 0.617,  30.3,  26.2, 1006.7, 0.125, 0.062,  185,   3.8,   2.7
23-Feb-2000 14:00, 0.606,  30.3,  26.2, 1006.3, 0.106, 0.040,  188,   4.0,   2.1
23-Feb-2000 15:00, 0.649,  30.3,  25.9, 1005.9, 0.119, 0.050,  187,   3.7,   1.8
23-Feb-2000 16:00, 0.737,  30.3,  25.7, 1005.3, 0.158, 0.085,  183,   3.0,   2.2
23-Feb-2000 17:00, 0.819,  30.3,  25.5, 1005.0, 0.167, 0.088,  185,   3.6,   2.7
23-Feb-2000 18:00, 0.902,  30.3,  25.5, 1005.3, 0.166, 0.084,  187,   4.0,   2.6
23-Feb-2000 19:00, 0.963,  30.2,  25.1, 1005.9, 0.156, 0.078,  183,   4.1,   2.6
23-Feb-2000 20:00, 0.997,  30.2,  25.2, 1006.7, 0.144, 0.071,  188,   5.4,   3.2
23-Feb-2000 21:00, 1.074,  30.2,  27.1, 1007.4, 0.202, 0.137,  190,   4.7,   2.1
23-Feb-2000 22:00, 1.064,  30.1,  29.3, 1007.4, 0.212, 0.154,   85,   3.3,   2.4
23-Feb-2000 23:00, 0.946,  30.2,  29.1, 1007.1, 0.150, 0.091,   37,   4.1,   2.8
24-Feb-2000 00:00, 0.854,  30.4,  28.9, 1006.7, 0.123, 0.061,   34,   4.1,   3.2
24-Feb-2000 01:00, 0.793,  30.3,  29.1, 1005.7, 0.101, 0.036,   25,   4.1,   2.9
24-Feb-2000 02:00, 0.806,  30.4,  29.2, 1004.5, 0.124, 0.048,    6,   3.9,   1.9
24-Feb-2000 03:00, 0.842,  30.5,  29.4, 1003.7, 0.150, 0.062,   11,   3.8,   2.3
24-Feb-2000 04:00, 0.880,  30.6,  29.8, 1002.8, 0.167, 0.071,   36,   4.2,   1.8
24-Feb-2000 05:00, 0.916,  30.6,  29.9, 1002.2, 0.171, 0.067,   12,   2.9,   1.5
24-Feb-2000 06:00, 0.938,  30.3,  30.1, 1001.8, 0.155, 0.045,   40,   3.0,   1.4
24-Feb-2000 07:00, 0.923,  30.6,  30.4, 1002.3, 0.121, 0.007,  309,   2.1,   0.7
24-Feb-2000 08:00, 0.890,  30.3,  28.3, 1003.3, 0.101,-0.007,  181,   2.0,   1.5
24-Feb-2000 09:00, 0.846,  30.3,  27.0, 1004.7, 0.100, 0.003,  196,   3.2,   1.9
24-Feb-2000 10:00, 0.824,  30.2,  26.5, 1005.6, 0.148, 0.064,  195,   3.6,   1.9
24-Feb-2000 11:00, 0.772,  30.3,  26.4, 1006.6, 0.177, 0.102,  183,   4.4,   2.0
24-Feb-2000 12:00, 0.686,  30.3,  26.3, 1006.9, 0.159, 0.093,  185,   4.2,   2.5
24-Feb-2000 13:00, 0.631,  30.3,  25.8, 1006.7, 0.135, 0.072,  192,   4.9,   2.8
24-Feb-2000 14:00, 0.630,  30.2,  25.4, 1006.1, 0.117, 0.051,  189,   5.2,   2.9
24-Feb-2000 15:00, 0.675,  30.2,  25.4, 1005.6, 0.115, 0.044,  183,   4.6,   3.2
24-Feb-2000 16:00, 0.743,  30.2,  24.8, 1005.4, 0.122, 0.046,  177,   5.5,   2.8
24-Feb-2000 17:00, 0.838,  30.2,  24.6, 1005.2, 0.147, 0.068,  187,   4.9,   3.2
24-Feb-2000 18:00, 0.920,  30.2,  24.5, 1005.8, 0.151, 0.071,  177,   5.2,   2.5
24-Feb-2000 19:00, 0.988,  30.1,  24.8, 1006.2, 0.147, 0.073,  187,   4.5,   2.6
24-Feb-2000 20:00, 1.035,  30.2,  24.7, 1006.7, 0.148, 0.078,  199,   4.6,   2.4
24-Feb-2000 21:00, 1.080,  30.1,  25.5, 1007.3, 0.176, 0.111,  196,   4.1,   2.3
24-Feb-2000 22:00, 1.110,  30.1,  27.7, 1007.4, 0.222, 0.163,  341,   3.1,   2.0
24-Feb-2000 23:00, 1.044,  30.1,  27.9, 1006.8, 0.207, 0.149,-9999,   3.0,   2.5
25-Feb-2000 00:00, 0.937,  30.2,  28.1, 1006.2, 0.170, 0.106,   58,   5.0,   3.1
25-Feb-2000 01:00, 0.849,  30.4,  28.1, 1005.4, 0.146, 0.076,   39,   4.6,   3.8
25-Feb-2000 02:00, 0.793,  30.4,  28.6, 1004.3, 0.125, 0.046,   58,   5.9,   4.4
25-Feb-2000 03:00, 0.813,  30.6,  28.2, 1003.7, 0.151, 0.061,  160,   6.1,   1.0
25-Feb-2000 04:00, 0.834,  30.4,  27.9, 1003.4, 0.159, 0.064,  198,   5.2,   3.0
25-Feb-2000 05:00, 0.848,  30.2,  27.4, 1003.0, 0.155, 0.057,  189,   5.0,   2.4
25-Feb-2000 06:00, 0.863,  30.2,  27.0, 1003.4, 0.146, 0.044,  185,   5.5,   2.2
25-Feb-2000 07:00, 0.858,  30.2,  27.0, 1004.1, 0.122, 0.025,  184,   4.1,   2.4
25-Feb-2000 08:00, 0.832,  30.2,  26.7, 1004.9, 0.101, 0.011,  166,   4.2,   1.4
25-Feb-2000 09:00, 0.777,  30.2,  26.2, 1005.5, 0.078,-0.004,  185,   4.5,   2.5
25-Feb-2000 10:00, 0.751,  30.1,  26.0, 1006.2, 0.106, 0.030,  107,   4.2,   1.6
25-Feb-2000 11:00, 0.717,  30.2,  25.0, 1006.3, 0.134, 0.064,  188,   3.2,   2.4
25-Feb-2000 12:00, 0.672,  30.1,  24.9, 1006.5, 0.145, 0.076,  182,   4.4,   2.5
25-Feb-2000 13:00, 0.628,  30.1,  25.1, 1006.5, 0.129, 0.062,  187,   4.6,   3.3
25-Feb-2000 14:00, 0.615,  30.1,  25.0, 1006.3, 0.101, 0.034,  188,   4.5,   3.5
25-Feb-2000 15:00, 0.659,  30.0,  25.0, 1005.3, 0.092, 0.021,  188,   5.0,   2.9
25-Feb-2000 16:00, 0.739,  30.0,  25.2, 1005.0, 0.096, 0.017,  172,   5.1,   3.0
25-Feb-2000 17:00, 0.840,  30.0,  25.2, 1004.7, 0.120, 0.037,  185,   4.5,   3.1
25-Feb-2000 18:00, 0.939,  30.0,  24.7, 1004.7, 0.144, 0.059,  185,   4.9,   3.2
25-Feb-2000 19:00, 1.019,  30.0,  24.5, 1005.1, 0.157, 0.072,  182,   4.5,   2.8
25-Feb-2000 20:00, 1.054,  29.9,  24.7, 1005.9, 0.145, 0.064,  187,   5.1,   2.3
25-Feb-2000 21:00, 1.060,  29.9,  27.1, 1006.8, 0.132, 0.060,  186,   4.5,   2.2
25-Feb-2000 22:00, 1.060,  29.9,  28.7, 1007.1, 0.143, 0.080,  104,   3.1,   1.7
25-Feb-2000 23:00, 1.040,  30.0,  29.1, 1006.4, 0.166, 0.105,   64,   4.5,   2.5
26-Feb-2000 00:00, 0.959,  30.1,  28.8, 1005.8, 0.149, 0.081,   36,   3.9,   3.0
26-Feb-2000 01:00, 0.866,  30.3,  28.7, 1004.9, 0.125, 0.050,    6,   3.8,   2.6
26-Feb-2000 02:00, 0.792,  30.3,  28.6, 1004.0, 0.107, 0.023,  330,   4.0,   2.4
26-Feb-2000 03:00, 0.771,  30.5,  26.4, 1003.2, 0.114, 0.021,  309,  10.2,   6.8
26-Feb-2000 04:00, 0.783,  30.5,  25.1, 1003.6, 0.130, 0.031,  210,   7.5,   2.2
26-Feb-2000 05:00, 0.791,  30.5,  27.1, 1004.5, 0.131, 0.036,-9999,   9.6,   7.3
26-Feb-2000 06:00, 0.800,  30.4,  25.2, 1005.3, 0.130, 0.044,  102,   9.2,   2.6
26-Feb-2000 07:00, 0.811,  30.4,  24.4, 1005.8, 0.133, 0.055,  184,   3.7,   1.8
26-Feb-2000 08:00, 0.787,  30.4,  24.4, 1006.2, 0.115, 0.042,  191,   3.0,   1.5
26-Feb-2000 09:00, 0.758,  30.3,  24.2, 1006.6, 0.112, 0.042,  198,   2.9,   1.8
26-Feb-2000 10:00, 0.720,  30.2,  24.3, 1007.8, 0.115, 0.050,  186,   3.0,   2.1
26-Feb-2000 11:00, 0.682,  30.1,  24.6, 1008.0, 0.124, 0.071,  186,   3.9,   2.7
26-Feb-2000 12:00, 0.674,  30.2,  24.6, 1008.1, 0.156, 0.105,  192,   4.1,   1.8
26-Feb-2000 13:00, 0.666,  30.2,  24.7, 1007.7, 0.167, 0.115,  172,   3.5,   1.6
26-Feb-2000 14:00, 0.676,  30.2,  24.5, 1006.9, 0.162, 0.106,  186,   3.8,   2.5
26-Feb-2000 15:00, 0.704,  30.3,  24.7, 1006.3, 0.138, 0.074,  171,   3.8,   1.8
26-Feb-2000 16:00, 0.761,  30.3,  25.3, 1006.0, 0.116, 0.047,  315,   5.7,   2.5
26-Feb-2000 17:00, 0.857,  30.2,  24.3, 1005.9, 0.127, 0.055,  190,   2.3,   1.5
26-Feb-2000 18:00, 0.936,  30.1,  24.5, 1006.0, 0.128, 0.055,  185,   3.8,   2.7
26-Feb-2000 19:00, 1.021,  30.2,  25.0, 1006.3, 0.149, 0.077,  180,   3.9,   2.0
26-Feb-2000 20:00, 1.069,  30.2,  25.5, 1006.5, 0.152, 0.083,  184,   3.8,   3.0
26-Feb-2000 21:00, 1.088,  30.2,  26.9, 1007.1, 0.150, 0.084,  182,   4.5,   1.5
26-Feb-2000 22:00, 1.084,  30.2,  29.1, 1007.0, 0.152, 0.091,  121,   4.4,   3.1
26-Feb-2000 23:00, 1.062,  30.2,  29.6, 1006.3, 0.161, 0.098,   92,   4.5,   2.6
27-Feb-2000 00:00, 1.035,  30.3,  29.9, 1005.5, 0.186, 0.116,   72,   5.0,   2.0
27-Feb-2000 01:00, 0.971,  30.5,  29.6, 1004.0, 0.183, 0.105,   57,   5.3,   4.3
27-Feb-2000 02:00, 0.888,  30.7,  29.3, 1002.9, 0.159, 0.066,   38,   4.8,   3.3
27-Feb-2000 03:00, 0.849,  30.4,  29.4, 1001.8, 0.165, 0.060,   38,   3.7,   2.5
27-Feb-2000 04:00, 0.814,  30.2,  29.4, 1001.3, 0.156, 0.041,  339,   3.5,   1.9
27-Feb-2000 05:00, 0.817,  31.1,  29.5, 1001.1, 0.170, 0.051,  309,   2.6,   1.6
27-Feb-2000 06:00, 0.822,  30.7,  29.4, 1001.3, 0.179, 0.058,  342,   2.6,   1.7
27-Feb-2000 07:00, 0.817,  30.6,  29.3, 1002.3, 0.181, 0.063,  310,   2.3,   1.0
27-Feb-2000 08:00, 0.795,  30.4,  27.8, 1003.3, 0.174, 0.066,  189,   2.4,   1.9
27-Feb-2000 09:00, 0.759,  30.3,  27.0, 1004.0, 0.165, 0.067,  186,   3.6,   2.0
27-Feb-2000 10:00, 0.703,  30.3,  27.6, 1005.3, 0.144, 0.053,   18,   5.9,   3.6
27-Feb-2000 11:00, 0.659,  30.3,  25.6, 1006.0, 0.134, 0.056,  175,   7.0,   2.7
27-Feb-2000 12:00, 0.645,  30.3,  25.8, 1006.7, 0.145, 0.074,  115,   4.1,   0.0
27-Feb-2000 13:00, 0.655,  30.3,  26.0, 1006.4, 0.162, 0.097,  254,   4.1,   1.2
27-Feb-2000 14:00, 0.674,  30.2,  25.5, 1005.8, 0.160, 0.092,-9999,   4.4,   2.6
27-Feb-2000 15:00, 0.718,  30.2,  25.0, 1005.5, 0.152, 0.078,  159,   5.3,   3.3
27-Feb-2000 16:00, 0.776,  30.2,  24.9, 1005.2, 0.136, 0.059,  184,   5.1,   3.5
27-Feb-2000 17:00, 0.874,  30.2,  25.4, 1004.8, 0.149, 0.068,  188,   4.9,   3.1
27-Feb-2000 18:00, 0.952,  30.1,  25.6, 1005.4, 0.147, 0.063,  184,   5.2,   2.9
27-Feb-2000 19:00, 1.006,  30.1,  25.6, 1005.5, 0.134, 0.056,  200,   4.6,   2.0
27-Feb-2000 20:00, 1.065,  30.0,  25.7, 1006.0, 0.150, 0.074,  187,   4.7,   3.2
27-Feb-2000 21:00, 1.099,  30.2,  26.7, 1006.5, 0.166, 0.094,  179,   5.1,   2.2
27-Feb-2000 22:00, 1.093,  30.1,  28.4, 1006.8, 0.162, 0.096,  245,   4.1,   0.2
27-Feb-2000 23:00, 1.089,  30.2,  29.5, 1006.4, 0.177, 0.113,  306,   2.6,   0.4
28-Feb-2000 00:00, 1.053,  30.2,  28.7, 1005.7, 0.174, 0.106,-9999,   4.4,   1.6
28-Feb-2000 01:00, 1.007,  30.2,  28.3, 1004.8, 0.175, 0.099,  301,   5.6,   4.3
28-Feb-2000 02:00, 0.958,  30.3,  28.6, 1003.5, 0.177, 0.092,  342,   4.2,   3.0
28-Feb-2000 03:00, 0.912,  30.5,  28.6, 1002.8, 0.178, 0.080,-9999,   5.4,   2.5
28-Feb-2000 04:00, 0.859,  30.8,  28.6, 1002.4, 0.166, 0.062,  273,   3.6,   2.2
28-Feb-2000 05:00, 0.821,  30.7,  28.6, 1002.1, 0.160, 0.052,  285,   2.9,   1.6
28-Feb-2000 06:00, 0.801,  30.2,  29.0, 1002.1, 0.166, 0.055,  174,   1.7,   0.7
28-Feb-2000 07:00, 0.771,  30.7,  28.8, 1002.7, 0.157, 0.047,  205,   2.0,   1.0
28-Feb-2000 08:00, 0.729,  30.7,  27.9, 1003.3, 0.143, 0.038,  195,   1.7,   1.1
28-Feb-2000 09:00, 0.686,  30.7,  26.8, 1004.2, 0.135, 0.037,  203,   3.1,   2.3
28-Feb-2000 10:00, 0.650,  30.7,  26.4, 1005.1, 0.136, 0.047,  207,   3.6,   2.1
28-Feb-2000 11:00, 0.608,  30.6,  26.2, 1005.6, 0.122, 0.042,  188,   3.6,   2.2
28-Feb-2000 12:00, 0.601,  30.7,  26.0, 1005.7, 0.127, 0.051,  179,   4.2,   2.5
28-Feb-2000 13:00, 0.625,  30.6,  25.8, 1005.4, 0.144, 0.069,  188,   4.2,   2.6
28-Feb-2000 14:00, 0.673,  30.6,  25.6, 1004.9, 0.163, 0.085,  147,   4.6,   2.0
28-Feb-2000 15:00, 0.720,  30.5,  25.8, 1004.6, 0.156, 0.073,  211,   4.2,   3.1
28-Feb-2000 16:00, 0.793,  30.4,  25.0, 1004.1, 0.156, 0.070,  190,   3.2,   2.0
28-Feb-2000 17:00, 0.870,  30.3,  24.8, 1004.2, 0.154, 0.062,  195,   4.6,   1.5
28-Feb-2000 18:00, 0.940,  30.3,  24.8, 1004.7, 0.149, 0.059,  192,   3.6,   2.4
28-Feb-2000 19:00, 1.001,  30.3,  24.9, 1004.6, 0.143, 0.058,  180,   3.5,   2.2
28-Feb-2000 20:00, 1.062,  30.2,  25.2, 1005.3, 0.160, 0.074,  181,   4.5,   2.4
28-Feb-2000 21:00, 1.090,  30.2,  27.0, 1005.8, 0.168, 0.090,  177,   4.4,   2.5
28-Feb-2000 22:00, 1.080,  30.2,  28.5, 1005.9, 0.160, 0.087,   47,   3.5,   1.1
28-Feb-2000 23:00, 1.076,  30.2,  28.6, 1005.5, 0.168, 0.094,   42,   2.9,   2.1
29-Feb-2000 00:00, 1.060,  30.3,  28.6, 1004.8, 0.169, 0.091,   19,   2.6,   1.9
29-Feb-2000 01:00, 1.026,  30.3,  28.7, 1003.7, 0.159, 0.074,  357,   2.2,   0.9
29-Feb-2000 02:00, 0.986,  30.3,  28.7, 1002.3, 0.154, 0.058,  312,   2.8,   1.7
29-Feb-2000 03:00, 0.956,  30.6,  29.1, 1001.0, 0.164, 0.054,-9999,   3.4,   2.3
29-Feb-2000 04:00, 0.920,  31.7,  29.1, 1000.3, 0.171, 0.048,  325,   3.1,   2.6
29-Feb-2000 05:00, 0.860,  31.6,  29.6, 1000.1, 0.158, 0.029,  339,   4.7,   3.7
29-Feb-2000 06:00, 0.807,-9999 ,-9999 ,-9999.0, 0.153, 0.022,-9999,-9999 ,-9999
29-Feb-2000 07:00, 0.765,  31.8,  29.5, 1001.2, 0.153, 0.027,-9999,   5.5,   4.1
29-Feb-2000 08:00, 0.724,  31.6,  29.4, 1002.0, 0.154, 0.035,-9999,   5.6,   4.9
29-Feb-2000 09:00, 0.683,  31.5,  29.4, 1002.8, 0.161, 0.050,-9999,   6.6,   5.5
29-Feb-2000 10:00, 0.643,  31.5,  29.6, 1003.7, 0.165, 0.062,-9999,   6.8,   4.9
29-Feb-2000 11:00, 0.615,  31.4,  29.4, 1004.3, 0.166, 0.072,   23,   6.3,   4.1
29-Feb-2000 12:00, 0.623,  31.3,  29.4, 1004.2, 0.180, 0.091,   27,   5.7,   4.5
29-Feb-2000 13:00, 0.633,  31.3,  27.4, 1004.1, 0.171, 0.081,  196,   5.1,   0.9
29-Feb-2000 14:00, 0.678,  31.1,  26.7, 1003.7, 0.178, 0.087,  192,   3.3,   2.4
29-Feb-2000 15:00, 0.737,  31.0,  26.1, 1003.2, 0.179, 0.084,  196,   3.7,   2.0
29-Feb-2000 16:00, 0.798,  31.1,  25.8, 1002.7, 0.166, 0.066,  186,   3.8,   2.0
29-Feb-2000 17:00, 0.867,  30.9,  25.4, 1002.5, 0.159, 0.054,  179,   4.0,   2.3
29-Feb-2000 18:00, 0.922,  30.8,  25.6, 1003.2, 0.145, 0.039,  180,   3.9,   2.1
29-Feb-2000 19:00, 0.978,  30.7,  25.6, 1003.8, 0.143, 0.044,  180,   3.9,   2.3
29-Feb-2000 20:00, 1.039,  30.7,  25.6, 1004.1, 0.158, 0.065,  186,   4.4,   2.8
29-Feb-2000 21:00, 1.059,  30.7,  27.7, 1005.0, 0.156, 0.066,  188,   4.4,   2.4
29-Feb-2000 22:00, 1.056,  30.7,  29.3, 1005.4, 0.152, 0.071,   77,   3.0,   1.9
29-Feb-2000 23:00, 1.049,  30.6,  28.7, 1005.1, 0.154, 0.076,  327,   4.0,   1.5
01-Mar-2000 00:00, 1.049,  30.5,  29.1, 1004.3, 0.161, 0.079,   49,   3.0,   1.1
01-Mar-2000 01:00, 1.045,  30.5,  28.9, 1003.3, 0.161, 0.071,   34,   2.7,   2.1
01-Mar-2000 02:00, 1.021,  30.6,  29.1, 1002.3, 0.147, 0.047,  355,   2.8,   2.1
01-Mar-2000 03:00, 1.019,  30.6,  29.4, 1001.3, 0.169, 0.059,  345,   3.5,   1.8
01-Mar-2000 04:00, 1.003,  31.2,  29.6, 1000.7, 0.188, 0.069,  331,   3.8,   2.3
01-Mar-2000 05:00, 0.954,  31.6,  30.3, 1000.4, 0.190, 0.065,  294,   2.8,   0.6
01-Mar-2000 06:00, 0.890,  31.6,  30.2, 1000.2, 0.189, 0.061,  300,   2.6,   1.7
01-Mar-2000 07:00, 0.811,  30.8,  29.8, 1000.7, 0.177, 0.047,  343,   3.0,   2.0
01-Mar-2000 08:00, 0.735,  30.7,  29.1, 1001.8, 0.163, 0.039,  241,   2.5,   0.5
01-Mar-2000 09:00, 0.665,  31.9,  27.3, 1003.0, 0.152, 0.040,  188,   3.7,   2.8
01-Mar-2000 10:00, 0.610,  31.5,  26.9, 1004.4, 0.155, 0.055,  187,   3.8,   1.4
01-Mar-2000 11:00, 0.573,  31.5,  26.8, 1005.4, 0.155, 0.068,  190,   4.1,   2.8
01-Mar-2000 12:00, 0.577,  31.4,  26.6, 1006.1, 0.167, 0.089,  184,   4.2,   3.0
01-Mar-2000 13:00, 0.612,  31.4,  25.1, 1006.4, 0.175, 0.105,  117,   5.7,   3.4
01-Mar-2000 14:00, 0.664,  31.3,  24.7, 1006.1, 0.179, 0.111,  163,   5.5,   2.8
01-Mar-2000 15:00, 0.732,  31.1,  24.8, 1005.6, 0.185, 0.113,  185,   5.7,   3.9
01-Mar-2000 16:00, 0.804,  31.0,  25.0, 1005.4, 0.180, 0.104,  193,   5.1,   2.6
01-Mar-2000 17:00, 0.870,  30.9,  24.7, 1005.4, 0.169, 0.091,  189,   4.8,   2.5
01-Mar-2000 18:00, 0.916,  31.0,  24.5, 1005.4, 0.151, 0.073,  184,   4.9,   3.2
01-Mar-2000 19:00, 0.962,  31.0,  24.7, 1005.8, 0.148, 0.071,  188,   4.9,   2.8
01-Mar-2000 20:00, 1.013,  30.9,  25.0, 1006.4, 0.160, 0.087,  184,   4.5,   2.7
01-Mar-2000 21:00, 1.043,  30.7,  26.1, 1007.2, 0.164, 0.097,  187,   4.6,   3.0
01-Mar-2000 22:00, 1.039,  30.7,  29.0, 1007.4, 0.156, 0.096,  241,   3.8,   0.0
01-Mar-2000 23:00, 1.022,  30.7,  29.1, 1007.0, 0.144, 0.086,   63,   2.6,   1.3
02-Mar-2000 00:00, 1.031,  30.8,  29.2, 1006.3, 0.155, 0.093,-9999,   2.7,   1.6
02-Mar-2000 01:00, 1.044,  30.7,  29.2, 1005.3, 0.159, 0.090,-9999,   2.6,   2.2
02-Mar-2000 02:00, 1.034,  30.9,  29.3, 1004.0, 0.136, 0.055,    3,   3.0,   2.5
02-Mar-2000 03:00, 1.046,  30.9,  29.7, 1003.2, 0.149, 0.056,-9999,   3.3,   2.0
02-Mar-2000 04:00, 1.034,  30.7,  29.8, 1002.4, 0.156, 0.056,-9999,   3.2,   2.3
02-Mar-2000 05:00, 1.005,  30.9,  29.9, 1001.9, 0.170, 0.062,-9999,   4.0,   2.8
02-Mar-2000 06:00, 0.943,  30.8,  29.9, 1001.8, 0.177, 0.064,-9999,   4.4,   3.2
02-Mar-2000 07:00, 0.851,  31.1,  29.8, 1002.8, 0.167, 0.054,-9999,   3.5,   2.5
02-Mar-2000 08:00, 0.757,  31.4,  29.8, 1004.2, 0.159, 0.056,  343,   3.7,   3.0
02-Mar-2000 09:00, 0.672,  31.5,  27.9, 1005.3, 0.152, 0.063,  182,   3.5,   1.6
02-Mar-2000 10:00, 0.589,  31.3,  27.4, 1006.3, 0.140, 0.062,  190,   3.4,   1.9
02-Mar-2000 11:00, 0.527,  31.0,  27.0, 1007.2, 0.129, 0.061,  185,   4.1,   2.7
02-Mar-2000 12:00, 0.524,  31.0,  26.9, 1007.5, 0.141, 0.081,  186,   4.0,   2.3
02-Mar-2000 13:00, 0.557,  30.9,  26.7, 1007.3, 0.149, 0.092,  188,   4.5,   2.6
02-Mar-2000 14:00, 0.615,  30.8,  26.4, 1006.9, 0.151, 0.092,  186,   4.4,   2.9
02-Mar-2000 15:00, 0.683,  30.8,  26.1, 1006.2, 0.149, 0.085,  188,   4.5,   2.7
02-Mar-2000 16:00, 0.762,  30.6,  25.8, 1005.9, 0.150, 0.079,  146,   4.1,   2.5
02-Mar-2000 17:00, 0.847,  30.3,  25.5, 1005.9, 0.154, 0.081,  217,   3.6,   1.4
02-Mar-2000 18:00, 0.899,  30.3,  25.7, 1006.1, 0.143, 0.070,  204,   4.2,   1.6
02-Mar-2000 19:00, 0.931,  30.3,  25.2, 1006.7, 0.131, 0.060,  191,   4.6,   3.2
02-Mar-2000 20:00, 0.957,  30.3,  25.4, 1007.6, 0.129, 0.064,  185,   5.2,   2.7
02-Mar-2000 21:00, 0.981,  30.3,  27.5, 1008.5, 0.131, 0.076,  176,   4.8,   2.5
02-Mar-2000 22:00, 0.995,  30.3,  29.2, 1009.1, 0.136, 0.090,  164,   3.5,   2.0
02-Mar-2000 23:00, 0.988,  30.4,  29.0, 1008.6, 0.132, 0.091,-9999,   2.6,   2.2
03-Mar-2000 00:00, 0.996,  30.6,  29.5, 1007.9, 0.139, 0.092,   44,   5.5,   4.2
03-Mar-2000 01:00, 1.016,  31.0,  29.3, 1006.8, 0.145, 0.090,   31,   5.6,   3.4
03-Mar-2000 02:00, 1.031,  31.0,  29.3, 1005.7, 0.131, 0.065,   31,   5.2,   4.0
03-Mar-2000 03:00, 1.051,  31.3,  29.5, 1004.7, 0.127, 0.051,   39,   5.0,   2.9
03-Mar-2000 04:00, 1.057,  31.0,  29.9, 1003.9, 0.130, 0.044,    9,   3.3,   2.0
03-Mar-2000 05:00, 1.045,  31.1,  30.0, 1003.5, 0.143, 0.050,   20,   3.7,   2.5
03-Mar-2000 06:00, 1.008,  31.3,  30.3, 1003.3, 0.168, 0.071,   24,   3.5,   2.1
03-Mar-2000 07:00, 0.935,  30.9,  30.2, 1003.6, 0.185, 0.086,   56,   4.2,   3.0
03-Mar-2000 08:00, 0.819,  31.4,  28.9, 1004.6, 0.171, 0.076,  208,   4.8,   0.9
03-Mar-2000 09:00, 0.703,  31.2,  27.9, 1005.6, 0.153, 0.068,  182,   3.7,   1.9
03-Mar-2000 10:00, 0.601,  30.9,  27.4, 1006.6, 0.137, 0.062,  194,   4.0,   2.5
03-Mar-2000 11:00, 0.527,  31.0,  27.2, 1007.6, 0.131, 0.066,  186,   4.5,   2.9
03-Mar-2000 12:00, 0.507,  30.9,  26.5, 1008.2, 0.140, 0.085,  187,   4.9,   3.3
03-Mar-2000 13:00, 0.544,  30.8,  26.2, 1008.1, 0.160, 0.110,  181,   4.7,   2.2
03-Mar-2000 14:00, 0.611,  30.8,  26.0, 1007.7, 0.169, 0.118,  183,   4.6,   2.6
03-Mar-2000 15:00, 0.673,  30.7,  25.6, 1007.0, 0.154, 0.098,  186,   4.7,   2.9
03-Mar-2000 16:00, 0.738,  30.7,  25.5, 1006.6, 0.137, 0.075,  190,   5.0,   2.6
03-Mar-2000 17:00, 0.825,  30.6,  25.2, 1006.8, 0.141, 0.075,  186,   5.1,   3.0
03-Mar-2000 18:00, 0.911,  30.6,  25.2, 1007.4, 0.159, 0.096,  186,   4.8,   3.2
03-Mar-2000 19:00, 0.954,  30.6,  24.8, 1007.4, 0.162, 0.103,  177,   5.4,   3.5
03-Mar-2000 20:00, 0.964,  30.5,  25.4, 1008.2, 0.151, 0.094,  183,   5.4,   3.4
03-Mar-2000 21:00, 0.963,  30.4,  26.0, 1008.6, 0.138, 0.088,  182,   5.2,   3.0
03-Mar-2000 22:00, 0.963,  30.4,  28.3, 1008.9, 0.131, 0.086,  188,   4.7,   0.7
03-Mar-2000 23:00, 0.960,  30.4,  30.7, 1008.0, 0.130, 0.085,   99,   5.1,   2.9
04-Mar-2000 00:00, 0.978,  30.6,  30.0, 1007.0, 0.146, 0.093,   56,   7.7,   5.5
04-Mar-2000 01:00, 1.005,  30.8,  29.8, 1005.9, 0.158, 0.096,   54,   8.6,   5.0
04-Mar-2000 02:00, 1.036,  30.9,  30.1, 1004.4, 0.154, 0.080,   55,   7.9,   5.8
04-Mar-2000 03:00, 1.084,  30.9,  30.2, 1002.9, 0.161, 0.071,   64,   8.6,   6.1
04-Mar-2000 04:00, 1.096,  30.9,  30.5, 1002.0, 0.147, 0.042,   63,   8.6,   5.6
04-Mar-2000 05:00, 1.071,  31.0,  28.4, 1002.4, 0.123, 0.012,  109,  10.0,   6.2
04-Mar-2000 06:00, 1.067,  30.9,  26.5, 1003.2, 0.160, 0.053,  257,   4.5,   1.6
04-Mar-2000 07:00, 1.050,  30.9,  26.7, 1004.0, 0.228, 0.129,  190,   4.3,   2.6
04-Mar-2000 08:00, 0.941,  30.9,  26.6, 1004.8, 0.228, 0.137,  185,   5.0,   2.5
04-Mar-2000 09:00, 0.777,  30.7,  26.3, 1006.0, 0.176, 0.094,  187,   5.2,   3.5
04-Mar-2000 10:00, 0.648,  30.8,  26.2, 1006.6, 0.149, 0.077,  182,   4.9,   3.6
04-Mar-2000 11:00, 0.558,  30.7,  26.1, 1007.5, 0.141, 0.076,  172,   5.7,   2.9
04-Mar-2000 12:00, 0.513,  30.6,  25.8, 1007.8, 0.145, 0.089,  180,   4.9,   3.1
04-Mar-2000 13:00, 0.525,  30.6,  25.7, 1007.7, 0.154, 0.100,  184,   4.7,   2.0
04-Mar-2000 14:00, 0.595,  30.5,  25.6, 1007.2, 0.173, 0.118,  189,   4.2,   1.8
04-Mar-2000 15:00, 0.668,  30.5,  25.0, 1006.2, 0.164, 0.103,  173,   4.4,   2.3
04-Mar-2000 16:00, 0.732,  30.5,  24.8, 1005.7, 0.141, 0.071,  190,   4.2,   2.9
04-Mar-2000 17:00, 0.795,  30.5,  25.2, 1005.0, 0.119, 0.043,  187,   4.8,   3.3
04-Mar-2000 18:00, 0.886,  30.5,  25.0, 1005.6, 0.135, 0.053,  195,   4.5,   1.9
04-Mar-2000 19:00, 0.957,  30.5,  24.6, 1005.9, 0.163, 0.087,  212,   3.8,   1.9
04-Mar-2000 20:00, 0.972,  30.5,  24.8, 1006.4, 0.163, 0.090,  189,   3.8,   2.0
04-Mar-2000 21:00, 0.945,  30.4,  26.0, 1007.9, 0.135, 0.069,  184,   3.7,   2.5
04-Mar-2000 22:00, 0.921,  30.4,  28.1, 1008.1, 0.113, 0.060,-9999,   3.6,   0.7
04-Mar-2000 23:00, 0.917,  30.5,  28.4, 1007.7, 0.112, 0.061,  318,   2.2,   1.3
05-Mar-2000 00:00, 0.914,  30.6,  28.5, 1006.4, 0.111, 0.055,-9999,   3.5,   2.2
05-Mar-2000 01:00, 0.937,  30.8,  28.9, 1005.1, 0.121, 0.053,-9999,   3.3,   2.3
05-Mar-2000 02:00, 0.985,  30.7,  29.3, 1003.4, 0.137, 0.053,    8,   3.0,   1.9
05-Mar-2000 03:00, 1.050,  30.7,  28.9, 1002.9, 0.152, 0.054,  222,   5.2,   3.1
05-Mar-2000 04:00, 1.081,  30.8,  26.8, 1002.3, 0.138, 0.034,  191,   6.5,   2.9
05-Mar-2000 05:00, 1.068,  30.6,  25.5, 1002.7, 0.104,-0.004,  182,   5.8,   3.1
05-Mar-2000 06:00, 1.075,  30.5,  26.1, 1002.5, 0.124, 0.019,  205,   5.2,   2.3
05-Mar-2000 07:00, 1.065,  30.5,  25.9, 1003.6, 0.177, 0.071,  183,   4.2,   2.7
05-Mar-2000 08:00, 0.993,  30.4,  25.8, 1005.1, 0.213, 0.118,  197,   4.4,   3.2
05-Mar-2000 09:00, 0.854,  30.3,  25.8, 1005.8, 0.193, 0.113,  191,   4.6,   2.4
05-Mar-2000 10:00, 0.691,  30.4,  25.5, 1006.1, 0.141, 0.068,  194,   4.2,   2.6
05-Mar-2000 11:00, 0.564,  30.4,  25.4, 1006.6, 0.108, 0.037,  206,   4.2,   2.3
05-Mar-2000 12:00, 0.520,  30.5,  25.4, 1007.2, 0.130, 0.065,  189,   3.7,   2.2
05-Mar-2000 13:00, 0.531,  30.6,  25.2, 1006.6, 0.157, 0.096,  181,   4.5,   2.5
05-Mar-2000 14:00, 0.579,  30.6,  25.2, 1006.4, 0.166, 0.100,  182,   4.6,   2.4
05-Mar-2000 15:00, 0.684,  30.5,  25.0, 1005.3, 0.191, 0.121,  188,   5.0,   3.0
05-Mar-2000 16:00, 0.763,  30.4,  24.7, 1004.6, 0.177, 0.097,  185,   4.5,   3.0
05-Mar-2000 17:00, 0.809,  30.4,  24.7, 1004.5, 0.137, 0.051,  184,   4.6,   2.5
05-Mar-2000 18:00, 0.888,  30.3,  25.1, 1004.6, 0.136, 0.048,  188,   3.8,   2.5
05-Mar-2000 19:00, 0.979,  30.3,  24.8, 1005.3, 0.174, 0.089,  194,   3.9,   2.8
05-Mar-2000 20:00, 1.021,  30.3,  25.1, 1005.8, 0.204, 0.125,  178,   4.3,   2.2
05-Mar-2000 21:00, 0.972,  30.3,  25.7, 1007.1, 0.166, 0.093,  188,   4.6,   0.3
05-Mar-2000 22:00, 0.910,  30.3,  26.1, 1007.6, 0.118, 0.058,  264,   3.1,   1.4
05-Mar-2000 23:00, 0.907,  30.4,  27.6, 1007.8, 0.126, 0.071,   83,   3.0,   0.2
06-Mar-2000 00:00, 0.912,  30.5,  28.0, 1007.3, 0.139, 0.085,   69,   3.3,   2.6
06-Mar-2000 01:00, 0.918,  30.6,  28.1, 1005.7, 0.140, 0.080,   33,   3.7,   2.4
06-Mar-2000 02:00, 0.948,  30.7,  27.7, 1004.8, 0.143, 0.067,   45,   6.2,   4.1
06-Mar-2000 03:00, 1.001,  30.6,  27.2, 1004.2, 0.148, 0.063,-9999,   6.8,   4.7
06-Mar-2000 04:00, 1.059,  30.7,  27.3, 1003.8, 0.150, 0.060,-9999,   5.6,   3.2
06-Mar-2000 05:00, 1.066,  30.7,  26.9, 1003.9, 0.120, 0.026,  245,   4.1,   1.1
06-Mar-2000 06:00, 1.052,  30.6,  25.7, 1004.1, 0.094, 0.002,  193,   4.4,   2.2
06-Mar-2000 07:00, 1.057,  30.7,  26.1, 1004.3, 0.131, 0.040,  191,   2.7,   1.0
06-Mar-2000 08:00, 1.028,  30.6,  25.9, 1005.1, 0.190, 0.101,  185,   2.7,   1.6
06-Mar-2000 09:00, 0.914,  30.5,  25.6, 1006.0, 0.193, 0.113,  201,   3.2,   1.6
06-Mar-2000 10:00, 0.744,  30.5,  25.5, 1006.5, 0.139, 0.067,  183,   3.2,   2.2
06-Mar-2000 11:00, 0.609,  30.4,  25.4, 1006.9, 0.102, 0.035,  192,   3.4,   2.3
06-Mar-2000 12:00, 0.545,  30.4,  25.4, 1007.3, 0.111, 0.049,  192,   4.1,   2.5
06-Mar-2000 13:00, 0.519,  30.4,  25.1, 1007.1, 0.119, 0.060,  199,   3.8,   1.6
06-Mar-2000 14:00, 0.565,  30.4,  25.1, 1006.3, 0.143, 0.081,  185,   3.5,   2.5
06-Mar-2000 15:00, 0.651,  30.4,  25.1, 1005.7, 0.158, 0.088,  187,-9999 ,   1.6
06-Mar-2000 16:00, 0.749,  30.3,  24.9, 1004.9, 0.161, 0.085,  188,   3.4,   2.2
06-Mar-2000 17:00, 0.819,  30.3,  25.0, 1004.7, 0.139, 0.056,  186,   3.5,   2.4
06-Mar-2000 18:00, 0.860,  30.3,  24.9, 1005.0, 0.102, 0.017,  188,   4.0,   2.9
06-Mar-2000 19:00, 0.923,  30.2,  25.0, 1005.2, 0.104, 0.022,  193,   3.8,   2.1
06-Mar-2000 20:00, 0.987,  30.2,  25.0, 1005.7, 0.150, 0.070,  202,   4.0,   2.4
06-Mar-2000 21:00, 0.987,  30.1,  27.5, 1006.7, 0.169, 0.094,  177,   3.7,   1.1
06-Mar-2000 22:00, 0.907,  30.1,  27.8, 1007.6, 0.120, 0.056,-9999,   5.8,   2.4
06-Mar-2000 23:00, 0.857,  30.2,  28.5, 1006.8, 0.095, 0.038,  303,   3.4,   2.3
07-Mar-2000 00:00, 0.857,  30.4,  28.5, 1006.0, 0.111, 0.046,  321,   6.4,   5.1
07-Mar-2000 01:00, 0.850,  30.6,  28.4, 1005.3, 0.110, 0.037,  274,   7.9,   6.1
07-Mar-2000 02:00, 0.856,  30.6,  25.2, 1004.6, 0.101, 0.021,  273,  10.0,   5.9
07-Mar-2000 03:00, 0.927,  30.5,  26.7, 1003.8, 0.130, 0.043,  208,   4.6,   2.2
07-Mar-2000 04:00, 0.991,  30.5,  26.4, 1003.9, 0.138, 0.044,  230,   3.9,   0.9
07-Mar-2000 05:00, 1.034,  30.6,  26.7, 1003.7, 0.131, 0.038,  177,   3.8,   2.6
07-Mar-2000 06:00, 1.021,  30.4,  26.4, 1004.2, 0.093,-0.002,-9999,   5.9,   3.0
07-Mar-2000 07:00, 1.000,  30.4,  26.0, 1005.1, 0.074,-0.015,  212,   3.1,   1.1
07-Mar-2000 08:00, 0.969,  30.3,  25.8, 1005.8, 0.097, 0.017,  163,   2.3,   1.2
07-Mar-2000 09:00, 0.933,  30.3,  25.7, 1006.0, 0.164, 0.090,  169,   2.8,   0.9
07-Mar-2000 10:00, 0.838,  30.0,  25.3, 1006.1, 0.182, 0.110,  189,   3.0,   2.2
07-Mar-2000 11:00, 0.669,  30.2,  25.4, 1006.9, 0.112, 0.042,  186,   3.1,   1.9
07-Mar-2000 12:00, 0.568,  30.2,  25.2, 1006.5, 0.083, 0.020,  191,   3.4,   2.1
07-Mar-2000 13:00, 0.538,  30.2,  25.1, 1006.1, 0.095, 0.028,  212,   3.0,   1.5
07-Mar-2000 14:00, 0.573,  30.3,  25.0, 1005.3, 0.124, 0.052,  194,   3.2,   1.6
07-Mar-2000 15:00, 0.648,  30.3,  25.0, 1004.9, 0.140, 0.061,  195,   3.9,   2.1
07-Mar-2000 16:00, 0.749,  30.2,  24.7, 1004.3, 0.149, 0.065,  182,   4.2,   2.3
07-Mar-2000 17:00, 0.850,  30.1,  24.5, 1004.1, 0.153, 0.063,  190,   3.1,   2.1
07-Mar-2000 18:00, 0.931,  30.1,  24.8, 1004.3, 0.156, 0.065,  200,   4.2,   1.9
07-Mar-2000 19:00, 0.969,  30.1,  24.7, 1004.7, 0.133, 0.044,  197,   3.8,   1.8
07-Mar-2000 20:00, 1.031,  30.0,  24.8, 1005.1, 0.167, 0.082,  199,   3.1,   2.0
07-Mar-2000 21:00, 1.040,  30.0,  27.1, 1006.1, 0.196, 0.116,  181,   2.6,   0.7
07-Mar-2000 22:00, 0.962,  30.0,  27.8, 1006.3, 0.164, 0.093,-9999,   3.8,   2.6
07-Mar-2000 23:00, 0.862,  30.1,  27.0, 1006.2, 0.107, 0.038,-9999,   6.7,   2.9
08-Mar-2000 00:00, 0.838,  30.3,  28.1, 1005.3, 0.114, 0.043,  308,   4.4,   2.7
08-Mar-2000 01:00, 0.850,  30.4,  29.3, 1003.9, 0.143, 0.062,  301,   6.8,   5.7
08-Mar-2000 02:00, 0.875,  30.6,  28.7, 1002.9, 0.166, 0.072,  327,   7.9,   7.2
08-Mar-2000 03:00, 0.914,  30.6,  29.1, 1002.0, 0.178, 0.075,  326,   8.2,   6.9
08-Mar-2000 04:00, 0.974,  30.8,  29.1, 1001.5, 0.188, 0.076,  323,  10.8,   9.6
08-Mar-2000 05:00, 1.013,  30.9,  26.9, 1002.1, 0.173, 0.056,  299,   9.9,   6.5
08-Mar-2000 06:00, 1.010,  30.6,  27.4, 1002.8, 0.134, 0.024,-9999,   8.4,   2.5
08-Mar-2000 07:00, 0.992,  30.7,  26.1, 1003.6, 0.105, 0.002,  136,   6.8,   1.9
08-Mar-2000 08:00, 0.991,  30.6,  25.8, 1004.3, 0.126, 0.031,  146,   3.1,   0.6
08-Mar-2000 09:00, 0.960,  30.5,  25.8, 1004.9, 0.166, 0.077,  196,   2.4,   1.5
08-Mar-2000 10:00, 0.876,  30.4,  25.5, 1006.1, 0.184, 0.102,  173,   2.8,   1.2
08-Mar-2000 11:00, 0.737,  30.4,  25.6, 1006.3, 0.138, 0.067,  159,   4.2,   1.7
08-Mar-2000 12:00, 0.637,  30.3,  25.6, 1006.4, 0.107, 0.038,  222,   3.0,   1.1
08-Mar-2000 13:00, 0.599,  30.3,  25.4, 1006.0, 0.106, 0.037,  163,   3.1,   0.3
08-Mar-2000 14:00, 0.617,  30.3,  25.0, 1005.6, 0.123, 0.051,  117,   2.2,   1.3
08-Mar-2000 15:00, 0.688,  30.2,  25.1, 1004.2, 0.150, 0.073,  203,   3.3,   1.8
08-Mar-2000 16:00, 0.763,-9999 ,-9999 ,-9999.0, 0.141, 0.050,-9999,-9999 ,-9999
08-Mar-2000 17:00, 0.879,  30.3,  25.0, 1003.9, 0.158, 0.062,  195,   2.5,   1.3
08-Mar-2000 18:00, 0.944,  30.2,  25.2, 1004.4, 0.139, 0.047,  263,   2.9,   1.8
08-Mar-2000 19:00, 0.975,  30.1,  25.1, 1004.5, 0.113, 0.025,  192,   3.8,   0.6
08-Mar-2000 20:00, 1.027,  30.1,  25.0, 1005.1, 0.134, 0.048,  214,   2.2,   1.2
08-Mar-2000 21:00, 1.078,  30.1,  25.8, 1006.2, 0.199, 0.119,  193,   2.6,   0.7
08-Mar-2000 22:00, 1.023,  30.1,  27.1, 1006.3, 0.197, 0.128,  280,   6.2,   5.6
08-Mar-2000 23:00, 0.889,  30.1,  28.1, 1005.8, 0.126, 0.057,  267,   7.9,   4.1
09-Mar-2000 00:00, 0.825,  30.1,  28.4, 1005.5, 0.113, 0.038,  277,   5.6,   4.5
09-Mar-2000 01:00, 0.805,  30.1,  27.7, 1004.8, 0.122, 0.045,  290,   7.6,   5.5
09-Mar-2000 02:00, 0.816,  30.2,  28.2, 1003.8, 0.145, 0.061,  285,  10.1,   7.7
09-Mar-2000 03:00, 0.845,  30.3,  28.5, 1002.8, 0.164, 0.069,  271,  10.5,   7.8
09-Mar-2000 04:00, 0.867,  30.3,  26.4, 1003.0, 0.150, 0.047,  282,  10.2,   6.7
09-Mar-2000 05:00, 0.930,  30.2,  25.0, 1002.7, 0.164, 0.061,  238,   6.0,   0.3
09-Mar-2000 06:00, 0.946,  30.1,  25.1, 1003.3, 0.138, 0.034,  261,   3.5,   1.7
09-Mar-2000 07:00, 0.914,  30.1,  24.8, 1003.9, 0.089,-0.010,  176,   2.1,   1.1
09-Mar-2000 08:00, 0.910,  30.1,  24.6, 1005.3, 0.089,-0.002,  274,   4.8,   3.8
09-Mar-2000 09:00, 0.916,  30.1,  24.4, 1006.0, 0.133, 0.055,  238,   4.5,   1.3
09-Mar-2000 10:00, 0.882,  30.0,  24.0, 1006.7, 0.174, 0.103,  184,   2.9,   0.2
09-Mar-2000 11:00, 0.766,  30.1,  24.2, 1007.2, 0.140, 0.076,  260,   2.1,   1.1
09-Mar-2000 12:00, 0.642,  30.1,  24.1, 1007.7, 0.079, 0.019,  194,   1.9,   0.0
09-Mar-2000 13:00, 0.600,  29.9,  23.8, 1007.4, 0.064, 0.009,  206,   1.7,   0.5
09-Mar-2000 14:00, 0.619,  29.8,  23.8, 1006.7, 0.079, 0.021,  256,   3.6,   1.9
09-Mar-2000 15:00, 0.702,  29.9,  23.7, 1005.4, 0.123, 0.057,  236,   3.5,   0.4
09-Mar-2000 16:00, 0.795,  29.8,  24.2, 1004.7, 0.143, 0.064,  216,   5.5,   1.2
09-Mar-2000 17:00, 0.904,  29.9,  24.9, 1004.1, 0.156, 0.071,  196,   3.4,   2.1
09-Mar-2000 18:00, 0.994,  29.8,  24.3, 1004.2, 0.156, 0.065,  195,   3.7,   0.8
09-Mar-2000 19:00, 1.023,  29.9,  24.2, 1004.8, 0.126, 0.037,  189,   2.6,   1.0
09-Mar-2000 20:00, 1.072,  29.7,  24.6, 1005.4, 0.147, 0.063,  172,   3.4,   1.6
09-Mar-2000 21:00, 1.105,  29.8,  25.5, 1006.8, 0.188, 0.112,  179,   4.1,   2.3
09-Mar-2000 22:00, 1.038,  29.8,  25.6, 1006.3, 0.173, 0.108,  179,   4.2,   2.3
09-Mar-2000 23:00, 0.925,  29.8,  26.7, 1006.1, 0.134, 0.066,-9999,   3.0,   2.0
10-Mar-2000 00:00, 0.822,  29.8,  27.6, 1005.5, 0.102, 0.030,  311,   5.0,   4.1
10-Mar-2000 01:00, 0.771,  29.8,  27.8, 1004.9, 0.099, 0.021,  279,   7.0,   5.2
10-Mar-2000 02:00, 0.773,  29.9,  28.1, 1003.8, 0.127, 0.043,  273,   6.5,   4.3
10-Mar-2000 03:00, 0.782,  29.9,  28.6, 1002.7, 0.142, 0.047,  285,   8.2,   5.8
10-Mar-2000 04:00, 0.797,  29.9,  28.6, 1002.2, 0.140, 0.034,  237,   6.2,   0.9
10-Mar-2000 05:00, 0.822,  29.9,  28.4, 1001.8, 0.129, 0.019,  205,   4.0,   1.6
10-Mar-2000 06:00, 0.835,  29.9,  28.3, 1001.5, 0.103,-0.012,  240,   4.2,   2.4
10-Mar-2000 07:00, 0.813,  29.9,  26.9, 1002.3, 0.059,-0.057,  229,   4.1,   0.6
10-Mar-2000 08:00, 0.821,  29.9,  26.7, 1002.9, 0.066,-0.042,  267,   3.5,   2.7
10-Mar-2000 09:00, 0.854,  29.8,  26.0, 1003.6, 0.118, 0.016,  214,   3.2,   0.9
10-Mar-2000 10:00, 0.870,  29.9,  26.3, 1004.3, 0.179, 0.084,  217,   4.1,   0.8
10-Mar-2000 11:00, 0.800,  29.9,  25.9, 1004.6, 0.169, 0.080,-9999,-9999 ,-9999
10-Mar-2000 12:00, 0.681,  29.9,  25.4, 1004.9, 0.098, 0.013,  205,   2.5,   1.7
10-Mar-2000 13:00, 0.650,  29.8,  25.8, 1004.4, 0.086, 0.003,  185,   2.1,   1.6
10-Mar-2000 14:00, 0.683,  29.7,  25.5, 1004.0, 0.105, 0.017,  194,   1.6,   1.2
10-Mar-2000 15:00, 0.739,  29.7,  26.1, 1002.9, 0.118, 0.025,  275,   2.3,   1.1
10-Mar-2000 16:00, 0.816,  29.7,  25.1, 1002.3, 0.127, 0.024,  210,   2.3,   1.3
10-Mar-2000 17:00, 0.922,  29.8,  25.1, 1002.1, 0.147, 0.038,  230,   4.3,   0.7
10-Mar-2000 18:00, 1.012,  29.8,  24.7, 1002.3, 0.148, 0.037,  224,   3.0,   1.6
10-Mar-2000 19:00, 1.053,  29.7,  24.6, 1003.0, 0.122, 0.013,  224,   2.5,   1.8
10-Mar-2000 20:00, 1.067,  29.7,  24.7, 1003.6, 0.107, 0.006,  239,   2.5,   1.7
10-Mar-2000 21:00, 1.113,  29.7,  24.8, 1003.9, 0.159, 0.064,  252,   3.0,   1.2
10-Mar-2000 22:00, 1.117,  29.6,  25.6, 1004.2, 0.208, 0.116,  276,   2.5,   1.3
10-Mar-2000 23:00, 1.011,  29.7,  26.8, 1003.7, 0.178, 0.088,  294,   5.4,   4.0
11-Mar-2000 00:00, 0.870,  29.7,  27.9, 1003.4, 0.119, 0.024,  300,   4.9,   2.6
11-Mar-2000 01:00, 0.773,  29.8,  29.2, 1002.8, 0.090,-0.008,  299,   6.2,   5.1
11-Mar-2000 02:00, 0.746,  29.8,  29.3, 1002.0, 0.104, 0.000,  298,   6.9,   5.6
11-Mar-2000 03:00, 0.770,  29.8,  29.2, 1000.7, 0.148, 0.035,  297,   6.9,   6.3
11-Mar-2000 04:00, 0.776,  30.1,  29.5,  999.7, 0.156, 0.030,  298,   9.2,   6.1
11-Mar-2000 05:00, 0.795,  30.0,  28.9,  999.7, 0.161, 0.026,  308,   9.7,   8.7
11-Mar-2000 06:00, 0.806,  30.0,  27.1, 1000.6, 0.148, 0.014,  246,  10.2,   0.2
11-Mar-2000 07:00, 0.809,  30.0,  27.1, 1001.0, 0.131, 0.005,  232,   1.7,   1.1
11-Mar-2000 08:00, 0.788,  29.9,  26.5, 1001.8, 0.108,-0.013,  271,   2.4,   1.1
11-Mar-2000 09:00, 0.805,  29.9,  26.5, 1002.3, 0.137, 0.024,  225,   3.1,   0.9
11-Mar-2000 10:00, 0.837,  29.9,  25.8, 1002.8, 0.194, 0.085,  225,   3.1,   1.3
11-Mar-2000 11:00, 0.803,  29.9,  25.4, 1004.2, 0.194, 0.091,  194,   2.1,   1.3
11-Mar-2000 12:00, 0.710,  29.8,  25.6, 1004.2, 0.128, 0.038,  207,   3.3,   1.2
11-Mar-2000 13:00, 0.674,  29.8,  25.9, 1003.5, 0.098, 0.008,  212,   2.8,   1.3
11-Mar-2000 14:00, 0.698,  29.8,  26.1, 1003.0, 0.098, 0.001,  184,   3.0,   0.1
11-Mar-2000 15:00, 0.773,  29.7,  25.7, 1002.1, 0.121, 0.018,  211,   3.3,   1.8
11-Mar-2000 16:00, 0.867,  29.7,  25.8, 1000.9, 0.145, 0.033,  280,   2.3,   1.6
11-Mar-2000 17:00, 0.960,  29.7,  25.5, 1000.9, 0.158, 0.035,  238,   3.3,   1.4
11-Mar-2000 18:00, 1.047,  29.7,  25.3, 1002.0, 0.163, 0.041,  154,   2.4,   0.2
11-Mar-2000 19:00, 1.102,  29.6,  25.5, 1002.8, 0.149, 0.038,  210,   2.5,   1.4
11-Mar-2000 20:00, 1.140,  29.6,  26.1, 1002.5, 0.150, 0.046,  195,   4.3,   2.0
11-Mar-2000 21:00, 1.154,  29.7,  26.8, 1002.9, 0.166, 0.060,  177,   2.8,   1.5
11-Mar-2000 22:00, 1.146,  29.7,  26.0, 1003.9, 0.197, 0.095,  203,   5.2,   1.5
11-Mar-2000 23:00, 1.069,  29.7,  27.3, 1003.9, 0.188, 0.096,-9999,   2.2,   1.5
12-Mar-2000 00:00, 0.935,  29.7,  28.0, 1002.9, 0.136, 0.042,  107,   3.5,   1.4
12-Mar-2000 01:00, 0.839,  29.7,  26.4, 1002.5, 0.118, 0.015,  160,   3.0,   0.4
12-Mar-2000 02:00, 0.781,  29.8,  27.0, 1001.4, 0.118, 0.010,  259,   7.4,   1.7
12-Mar-2000 03:00, 0.785,  29.9,  29.9, 1000.2, 0.156, 0.037,  284,   8.3,   7.5
12-Mar-2000 04:00, 0.780,  29.9,  28.9,  999.4, 0.168, 0.037,  305,  11.0,   8.5
12-Mar-2000 05:00, 0.763,  30.2,  27.3,  999.6, 0.159, 0.021,  290,  11.3,   6.7
12-Mar-2000 06:00, 0.769,  30.1,  27.9,  999.9, 0.163, 0.028,  303,   6.9,   4.8
12-Mar-2000 07:00, 0.770,  30.2,  27.0, 1001.1, 0.160, 0.028,  295,   8.5,   7.7
12-Mar-2000 08:00, 0.745,  30.1,  25.7, 1002.5, 0.138, 0.019,  273,   7.3,   4.0
12-Mar-2000 09:00, 0.731,  30.1,  25.2, 1002.9, 0.138, 0.032,  281,   6.9,   3.7
12-Mar-2000 10:00, 0.749,  30.0,  25.0, 1003.6, 0.173, 0.071,  207,   2.7,   0.2
12-Mar-2000 11:00, 0.755,  30.0,  25.4, 1003.9, 0.195, 0.099,  174,   2.3,   1.0
12-Mar-2000 12:00, 0.722,  30.0,  25.4, 1003.7, 0.165, 0.072,  268,   2.6,   1.0
12-Mar-2000 13:00, 0.707,  30.0,  25.0, 1003.4, 0.137, 0.042,  187,   2.4,   0.4
12-Mar-2000 14:00, 0.734,  30.0,  25.5, 1003.1, 0.128, 0.030,-9999,   1.9,   1.5
12-Mar-2000 15:00, 0.811,  29.9,  25.1, 1002.0, 0.144, 0.042,  181,   3.0,   1.5
12-Mar-2000 16:00, 0.888,  29.9,  25.0, 1001.9, 0.143, 0.031,  252,   3.2,   1.8
12-Mar-2000 17:00, 0.965,  29.9,  25.5, 1001.8, 0.142, 0.029,  272,   5.5,   3.3
12-Mar-2000 18:00, 1.049,  29.8,  24.7, 1002.2, 0.151, 0.038,  223,   6.3,   1.0
12-Mar-2000 19:00, 1.110,-9999 ,  24.5,-9999.0, 0.149, 0.039,  234,   2.5,   1.6
12-Mar-2000 20:00, 1.166,  29.9,  24.3, 1003.0, 0.165, 0.058,  153,   2.4,   1.3
12-Mar-2000 21:00, 1.165,  29.9,  25.5, 1004.1, 0.157, 0.056,-9999,   2.8,   1.6
12-Mar-2000 22:00, 1.156,  29.8,  24.7, 1004.5, 0.176, 0.086,  186,   2.5,   0.3
12-Mar-2000 23:00, 1.118,  29.8,  26.3, 1004.8, 0.195, 0.109,  255,   2.7,   1.8
13-Mar-2000 00:00, 1.006,  29.9,  27.9, 1004.8, 0.155, 0.071,-9999,   2.8,   0.9
13-Mar-2000 01:00, 0.892,  29.9,  27.8, 1003.5, 0.114, 0.029,-9999,   4.3,   2.0
13-Mar-2000 02:00, 0.811,  30.1,  27.4, 1002.7, 0.099, 0.001,-9999,   9.6,   8.7
13-Mar-2000 03:00, 0.777,  30.1,  25.3, 1002.6, 0.112, 0.007,  277,  10.1,   3.5
13-Mar-2000 04:00, 0.772,  30.0,  25.5, 1002.4, 0.137, 0.031,  300,   6.5,   3.7
13-Mar-2000 05:00, 0.753,  30.0,  25.1, 1002.9, 0.142, 0.035,  294,   6.7,   4.2
13-Mar-2000 06:00, 0.730,  29.9,  24.6, 1003.3, 0.141, 0.038,  140,   4.3,   0.5
13-Mar-2000 07:00, 0.708,  29.8,  25.1, 1004.3, 0.139, 0.041,  102,   2.5,   0.3
13-Mar-2000 08:00, 0.664,  29.8,  24.8, 1005.1, 0.117, 0.028,  218,   2.6,   0.7
13-Mar-2000 09:00, 0.627,  29.8,  24.7, 1005.8, 0.103, 0.024,  219,   1.9,   1.3
13-Mar-2000 10:00, 0.636,  29.8,  24.3, 1005.3, 0.131, 0.056,  228,   2.6,   1.1
13-Mar-2000 11:00, 0.648,  29.8,  24.3, 1006.3, 0.152, 0.074,  177,   1.6,   1.3
13-Mar-2000 12:00, 0.661,  29.8,  24.3, 1006.3, 0.155, 0.086,  198,   2.8,   1.7
13-Mar-2000 13:00, 0.676,  29.7,  24.2, 1005.7, 0.135, 0.066,  160,   2.6,   0.5
13-Mar-2000 14:00, 0.708,  29.7,  24.2, 1005.3, 0.113, 0.038,  201,   2.3,   1.4
13-Mar-2000 15:00, 0.764,  29.7,  23.8, 1004.5, 0.098, 0.018,  201,   3.5,   2.1
13-Mar-2000 16:00, 0.852,  29.8,  24.0, 1004.1, 0.102, 0.014,  181,   4.4,   2.4
13-Mar-2000 17:00, 0.933,  29.7,  24.3, 1004.3, 0.101, 0.010,  285,   4.0,   1.6
13-Mar-2000 18:00, 0.999,  29.5,  24.3, 1005.0, 0.095, 0.007,  245,   5.1,   1.7
13-Mar-2000 19:00, 1.069,  29.6,  23.8, 1005.8, 0.107, 0.027,    9,   2.2,   1.0
13-Mar-2000 20:00, 1.121,  29.7,  23.9, 1005.7, 0.123, 0.049,  180,   2.2,   1.6
13-Mar-2000 21:00, 1.123,  29.7,  25.1, 1006.8, 0.115, 0.041,  184,   3.9,   2.6
13-Mar-2000 22:00, 1.107,  29.7,  25.8, 1007.5, 0.114, 0.051,   86,   2.8,   2.1
13-Mar-2000 23:00, 1.091,  29.6,  25.6, 1007.3, 0.139, 0.082,  146,   3.0,   1.9
14-Mar-2000 00:00, 1.055,  29.7,  27.0, 1006.6, 0.160, 0.100,  113,   3.4,   2.9
14-Mar-2000 01:00, 0.970,  29.8,  27.7, 1005.5, 0.136, 0.069,   72,   3.2,   1.5
14-Mar-2000 02:00, 0.882,  29.9,  25.5, 1005.0, 0.105, 0.027,-9999,  10.9,   8.4
14-Mar-2000 03:00, 0.824,  29.7,  27.2, 1005.1, 0.098, 0.016,-9999,  10.6,   8.3
14-Mar-2000 04:00, 0.791,  29.7,  27.3, 1005.0, 0.106, 0.025,-9999,   8.7,   5.7
14-Mar-2000 05:00, 0.758,  29.7,  26.7, 1004.8, 0.110, 0.028,-9999,   6.3,   2.8
14-Mar-2000 06:00, 0.728,  29.6,  27.4, 1005.1, 0.118, 0.034,-9999,   8.8,   3.9
14-Mar-2000 07:00, 0.694,  29.5,  27.6, 1005.9, 0.126, 0.046,-9999,   5.4,   2.2
14-Mar-2000 08:00, 0.656,  29.4,  27.1, 1006.5, 0.134, 0.061,   31,  10.6,   5.6
14-Mar-2000 09:00, 0.604,  29.5,  27.5, 1007.3, 0.128, 0.062,   55,   6.7,   4.2
14-Mar-2000 10:00, 0.556,  29.3,  26.5, 1007.8, 0.112, 0.054,   35,   8.5,   4.6
14-Mar-2000 11:00, 0.548,  29.2,  25.2, 1007.7, 0.116, 0.061,  165,   3.8,   1.2
14-Mar-2000 12:00, 0.587,  29.3,  25.0, 1007.9, 0.139, 0.085,  170,   2.9,   1.2
14-Mar-2000 13:00, 0.634,  29.7,  24.7, 1007.0, 0.143, 0.089,  185,   3.5,   2.5
14-Mar-2000 14:00, 0.687,  29.7,  24.3, 1006.5, 0.125, 0.062,  181,   3.3,   2.6
14-Mar-2000 15:00, 0.756,  29.7,  24.3, 1005.9, 0.107, 0.040,  184,   3.5,   2.4
14-Mar-2000 16:00, 0.838,  29.5,  24.7, 1005.6, 0.098, 0.025,  184,   4.1,   2.1
14-Mar-2000 17:00, 0.932,  29.7,  24.2, 1005.5, 0.106, 0.030,  184,   3.8,   2.2
14-Mar-2000 18:00, 1.009,  29.7,  24.1, 1005.6, 0.111, 0.034,  182,   4.0,   1.9
14-Mar-2000 19:00, 1.065,  29.7,  23.9, 1006.1, 0.114, 0.038,  184,   3.5,   2.4
14-Mar-2000 20:00, 1.122,  29.7,  23.9, 1006.8, 0.137, 0.067,  183,   3.9,   2.8
14-Mar-2000 21:00, 1.121,  29.7,  26.4, 1007.0, 0.128, 0.064,  168,   3.6,   1.5
14-Mar-2000 22:00, 1.103,  29.7,  28.6, 1007.3, 0.121, 0.059,  133,   3.3,   2.5
14-Mar-2000 23:00, 1.079,  29.8,  29.1, 1007.3, 0.122, 0.063,   84,   4.0,   2.3
15-Mar-2000 00:00, 1.052,  29.8,  29.1, 1006.7, 0.130, 0.071,   59,   4.7,   2.4
15-Mar-2000 01:00, 1.010,  29.9,  28.8, 1005.9, 0.132, 0.066,   11,   4.1,   2.4
15-Mar-2000 02:00, 0.958,  29.9,  29.4, 1004.7, 0.122, 0.048,   41,   3.2,   2.7
15-Mar-2000 03:00, 0.913,  29.9,  29.3, 1003.4, 0.117, 0.031,   39,   3.9,   2.9
15-Mar-2000 04:00, 0.860,  30.3,  29.4, 1002.5, 0.107, 0.008,   22,   3.4,   1.0
15-Mar-2000 05:00, 0.801,  30.2,  29.3, 1001.8, 0.093,-0.015,-9999,   2.2,   1.8
15-Mar-2000 06:00, 0.757,  30.0,  29.5, 1002.1, 0.097,-0.016,  324,   1.9,   1.1
15-Mar-2000 07:00, 0.708,  30.3,  29.5, 1002.6, 0.105,-0.005,    5,   1.8,   1.0
15-Mar-2000 08:00, 0.658,  30.2,  27.5, 1003.6, 0.119, 0.014,  179,   1.6,   1.2
15-Mar-2000 09:00, 0.596,  30.1,  26.5, 1005.2, 0.126, 0.032,  195,   2.9,   1.4
15-Mar-2000 10:00, 0.545,  30.0,  26.0, 1006.2, 0.134, 0.055,  191,   3.1,   1.7
15-Mar-2000 11:00, 0.518,  30.0,  25.8, 1007.2, 0.135, 0.066,  190,   3.9,   2.5
15-Mar-2000 12:00, 0.524,  29.9,  25.7, 1007.4, 0.130, 0.070,  189,   4.8,   3.2
15-Mar-2000 13:00, 0.581,  29.9,  25.4, 1007.1, 0.142, 0.084,  193,   4.5,   2.7
15-Mar-2000 14:00, 0.662,  29.8,  25.3, 1006.5, 0.147, 0.085,  184,   4.9,   3.0
15-Mar-2000 15:00, 0.747,  29.8,  25.4, 1006.1, 0.134, 0.066,  192,   4.6,   2.4
15-Mar-2000 16:00, 0.842,  29.8,  25.1, 1005.7, 0.124, 0.053,  187,   4.8,   2.9
15-Mar-2000 17:00, 0.924,  29.8,  24.7, 1005.9, 0.117, 0.042,  191,   4.6,   2.7
15-Mar-2000 18:00, 0.976,  29.8,  24.9, 1006.3, 0.097, 0.024,  184,   4.2,   2.1
15-Mar-2000 19:00, 1.037,  29.8,  23.8, 1006.7, 0.107, 0.038,  196,   3.3,   0.6
15-Mar-2000 20:00, 1.079,  29.7,  23.7, 1007.3, 0.117, 0.052,  192,   2.4,   1.5
15-Mar-2000 21:00, 1.092,  29.7,  24.1, 1007.9, 0.121, 0.063,  172,   4.2,   2.1
15-Mar-2000 22:00, 1.099,  29.8,  25.4, 1008.0, 0.140, 0.087,  185,   3.7,   1.7
15-Mar-2000 23:00, 1.099,  29.8,  27.4, 1007.5, 0.160, 0.108,   35,   2.2,   1.3
16-Mar-2000 00:00, 1.088,  29.8,  28.8, 1006.4, 0.168, 0.110,   35,   3.6,   2.6
16-Mar-2000 01:00, 1.070,  29.9,  29.5, 1005.2, 0.168, 0.099,   80,   6.8,   4.4
16-Mar-2000 02:00, 1.043,  29.9,  29.4, 1003.8, 0.165, 0.084,   80,   6.6,   4.6
16-Mar-2000 03:00, 1.018,  30.0,  29.0, 1002.2, 0.166, 0.071,   61,   7.0,   5.6
16-Mar-2000 04:00, 0.985,  30.1,  30.2, 1001.3, 0.161, 0.050,  117,   5.9,   3.6
16-Mar-2000 05:00, 0.939,  29.9,  30.1, 1000.9, 0.158, 0.039,   87,   9.0,   5.6
16-Mar-2000 06:00, 0.869,  30.0,  29.8, 1000.9, 0.144, 0.021,   99,   9.5,   4.6
16-Mar-2000 07:00, 0.793,  30.0,  29.1, 1001.7, 0.133, 0.011,  113,   7.0,   3.4
16-Mar-2000 08:00, 0.722,  29.7,  28.1, 1002.4, 0.136, 0.021,  124,   5.5,   1.8
16-Mar-2000 09:00, 0.650,  29.8,  27.5, 1003.5, 0.146, 0.039,  135,   3.8,   2.1
16-Mar-2000 10:00, 0.578,  29.8,  26.2, 1004.6, 0.155, 0.060,  193,   1.6,   0.7
16-Mar-2000 11:00, 0.532,  29.9,  25.7, 1005.3, 0.164, 0.079,-9999,   2.2,-9999
16-Mar-2000 12:00, 0.528,  29.9,  25.3, 1005.7, 0.168, 0.090,  204,   2.4,   1.0
16-Mar-2000 13:00, 0.566,  29.9,  25.3, 1005.7, 0.166, 0.091,  193,   3.3,   2.0
16-Mar-2000 14:00, 0.646,  29.9,  25.6, 1005.2, 0.172, 0.097,  196,   3.5,   2.0
16-Mar-2000 15:00, 0.740,  29.8,  25.4, 1004.1, 0.170, 0.089,  187,   3.4,   2.3
16-Mar-2000 16:00, 0.854,  29.8,  25.2, 1003.9, 0.171, 0.079,  194,   3.4,   2.2
16-Mar-2000 17:00, 0.952,  29.8,  25.1, 1004.1, 0.169, 0.077,  184,   4.7,   2.0
16-Mar-2000 18:00, 1.025,  29.8,  24.9, 1004.3, 0.171, 0.080,  191,   4.3,   2.2
16-Mar-2000 19:00, 1.045,  29.7,  24.6, 1005.1, 0.144, 0.056,  177,   4.1,   2.1
16-Mar-2000 20:00, 1.064,  29.7,  24.7, 1005.8, 0.135, 0.055,  182,   5.0,   2.6
16-Mar-2000 21:00, 1.083,  29.7,  25.1, 1006.1, 0.144, 0.070,  170,   4.0,   2.2
16-Mar-2000 22:00, 1.078,  29.6,  27.2, 1006.3, 0.150, 0.079,  273,   4.0,   0.9
16-Mar-2000 23:00, 1.063,  29.7,  28.3, 1006.0, 0.155, 0.086,   38,   2.4,   0.8
17-Mar-2000 00:00, 1.059,  29.7,  28.3, 1005.3, 0.165, 0.093,-9999,   2.9,   2.4
17-Mar-2000 01:00, 1.064,  29.8,  29.8, 1004.0, 0.172, 0.092,-9999,   8.1,   5.2
17-Mar-2000 02:00, 1.065,  29.8,  29.3, 1002.5, 0.171, 0.078,  111,   7.6,   3.7
17-Mar-2000 03:00, 1.058,  29.8,  29.7, 1000.9, 0.172, 0.063,   36,   5.1,   2.1
17-Mar-2000 04:00, 1.035,  29.9,  29.0, 1000.1, 0.161, 0.038,   46,   6.8,   3.6
17-Mar-2000 05:00, 1.021,  30.1,  29.8,  999.5, 0.175, 0.043,   60,   8.2,   6.6
17-Mar-2000 06:00, 0.984,  30.1,  28.9, 1000.0, 0.191, 0.054,   67,   9.0,   4.4
17-Mar-2000 07:00, 0.903,  30.0,  26.8, 1001.0, 0.179, 0.049,  184,   6.6,   2.3
17-Mar-2000 08:00, 0.784,  29.8,  26.4, 1002.1, 0.137, 0.016,  174,   3.2,   2.7
17-Mar-2000 09:00, 0.687,  29.9,  26.5, 1003.3, 0.125, 0.016,  168,   4.2,   1.7
17-Mar-2000 10:00, 0.629,  29.9,  27.2, 1003.8, 0.157, 0.059,  166,   4.5,   1.7
17-Mar-2000 11:00, 0.570,  29.8,  25.9, 1004.5, 0.175, 0.081,  178,   3.3,   1.9
17-Mar-2000 12:00, 0.546,  29.8,  25.8, 1005.0, 0.185, 0.099,  187,   3.5,   2.6
17-Mar-2000 13:00, 0.582,  29.8,  25.8, 1004.7, 0.200, 0.118,  182,   3.9,   2.3
17-Mar-2000 14:00, 0.639,  29.8,  25.5, 1004.2, 0.189, 0.103,  181,   3.9,   1.7
17-Mar-2000 15:00, 0.728,  29.8,  25.3, 1003.6, 0.187, 0.096,  180,   3.3,   1.9
17-Mar-2000 16:00, 0.814,  29.8,  25.3, 1003.5, 0.166, 0.070,  172,   3.1,   2.1
17-Mar-2000 17:00, 0.928,  29.7,  25.1, 1003.4, 0.172, 0.075,  193,   3.8,   2.0
17-Mar-2000 18:00, 1.035,  29.7,  25.2, 1003.7, 0.202, 0.104,  176,   4.0,   2.5
17-Mar-2000 19:00, 1.070,  29.7,  25.1, 1004.3, 0.197, 0.103,  144,   4.0,   3.1
17-Mar-2000 20:00, 1.047,  29.6,  26.0, 1004.8, 0.156, 0.067,  180,   4.8,   0.4
17-Mar-2000 21:00, 1.013,  29.6,  27.2, 1006.0, 0.115, 0.032,  281,   2.8,   2.2
17-Mar-2000 22:00, 1.009,  29.7,  25.2, 1006.4, 0.119, 0.047,  314,   7.3,   5.6
17-Mar-2000 23:00, 1.015,  29.7,  26.6, 1006.1, 0.145, 0.077,  227,   6.0,   1.8
18-Mar-2000 00:00, 1.010,  29.7,  28.0, 1005.3, 0.156, 0.084,  328,   2.6,   1.3
18-Mar-2000 01:00, 1.019,  29.8,  27.8, 1004.1, 0.163, 0.083,  284,   4.5,   3.5
18-Mar-2000 02:00, 1.039,  29.9,  28.6, 1002.8, 0.163, 0.070,  303,   4.0,   2.1
18-Mar-2000 03:00, 1.041,  29.9,  26.5, 1002.2, 0.147, 0.042,  335,  10.6,   9.1
18-Mar-2000 04:00, 1.016,  30.0,  26.0, 1002.7, 0.120, 0.011,-9999,  11.0,   4.7
18-Mar-2000 05:00, 0.999,  30.0,  25.3, 1002.9, 0.111, 0.006,  201,   6.7,   2.0
18-Mar-2000 06:00, 0.999,  29.9,  24.5, 1003.0, 0.148, 0.045,  186,   4.5,   2.9
18-Mar-2000 07:00, 0.986,  29.9,  24.4, 1004.2, 0.203, 0.102,  188,   4.7,   2.0
18-Mar-2000 08:00, 0.872,  29.9,  24.5, 1005.2, 0.169, 0.080,  182,   3.2,   1.9
18-Mar-2000 09:00, 0.714,  29.8,  24.6, 1005.3, 0.093, 0.013,  198,   3.9,   2.0
18-Mar-2000 10:00, 0.629,  29.8,  24.6, 1005.6, 0.093, 0.014,  186,   4.2,   2.6
18-Mar-2000 11:00, 0.582,  29.7,  25.0, 1006.3, 0.129, 0.054,  183,   4.0,   2.5
18-Mar-2000 12:00, 0.571,  29.7,  25.0, 1006.3, 0.172, 0.102,  194,   4.3,   2.4
18-Mar-2000 13:00, 0.572,  29.7,  25.1, 1006.5, 0.176, 0.107,  193,   4.2,   2.1
18-Mar-2000 14:00, 0.628,  29.7,  24.6, 1005.5, 0.178, 0.111,  191,   3.4,   1.8
18-Mar-2000 15:00, 0.721,  29.7,  24.5, 1004.6, 0.184, 0.106,  191,   3.3,   2.6
18-Mar-2000 16:00, 0.780,  29.7,  24.5, 1004.2, 0.149, 0.062,  186,   2.9,   1.9
18-Mar-2000 17:00, 0.852,  29.7,  25.0, 1004.3, 0.117, 0.027,  227,   3.7,   1.1
18-Mar-2000 18:00, 0.972,  29.6,  24.2, 1004.7, 0.151, 0.063,   50,   8.8,   3.0
18-Mar-2000 19:00, 1.044,  29.6,  23.7, 1004.5, 0.186, 0.100,  201,   3.1,   1.7
18-Mar-2000 20:00, 1.010,  29.6,  23.7, 1005.8, 0.147, 0.061,  201,   2.5,   2.0
18-Mar-2000 21:00, 0.932,  29.5,  24.4, 1007.0, 0.075, 0.003,  196,   4.3,   2.2
18-Mar-2000 22:00, 0.908,  29.6,  26.4, 1007.3, 0.064, 0.003,  197,   4.2,   1.9
18-Mar-2000 23:00, 0.947,  29.6,  27.3, 1006.9, 0.123, 0.063,  170,   3.3,   2.2
19-Mar-2000 00:00, 0.944,  29.6,  28.6, 1006.3, 0.138, 0.074,  327,   2.4,   0.7
19-Mar-2000 01:00, 0.946,  29.7,  28.0, 1005.1, 0.143, 0.073,-9999,   3.0,   2.0
19-Mar-2000 02:00, 0.981,  29.7,  28.2, 1004.0, 0.154, 0.072,-9999,   2.4,   1.8
19-Mar-2000 03:00, 1.012,  29.7,  28.1, 1003.2, 0.146, 0.053,-9999,   2.7,   2.0
19-Mar-2000 04:00, 1.013,  29.7,  28.3, 1002.4, 0.123, 0.022,-9999,   3.3,   2.1
19-Mar-2000 05:00, 0.987,  30.0,  27.9, 1002.6, 0.090,-0.019,-9999,   3.7,   3.1
19-Mar-2000 06:00, 0.983,  29.8,  23.7, 1004.0, 0.098,-0.006,  208,  13.3,   2.2
19-Mar-2000 07:00, 1.018,  29.8,  24.3, 1004.6, 0.187, 0.095,  196,   5.1,   2.0
19-Mar-2000 08:00, 0.970,  29.7,  24.4, 1005.7, 0.219, 0.134,  178,   4.0,   2.2
19-Mar-2000 09:00, 0.813,  29.7,  24.4, 1006.5, 0.144, 0.069,  183,   3.7,   2.2
19-Mar-2000 10:00, 0.668,  29.7,  24.3, 1007.4, 0.074, 0.009,  197,   3.5,   1.8
19-Mar-2000 11:00, 0.613,  29.6,  24.2, 1007.6, 0.095, 0.038,  179,   4.1,   2.3
19-Mar-2000 12:00, 0.598,  29.6,  24.3, 1007.7, 0.140, 0.084,  191,   4.1,   2.2
19-Mar-2000 13:00, 0.599,  29.5,  24.3, 1007.6, 0.159, 0.104,  195,   3.3,   2.6
19-Mar-2000 14:00, 0.642,  29.5,  24.3, 1006.7, 0.169, 0.112,  183,   3.9,   2.0
19-Mar-2000 15:00, 0.746,  29.5,  24.2, 1005.7, 0.194, 0.128,  183,   4.1,   2.4
19-Mar-2000 16:00, 0.822,  29.5,  23.9, 1005.2, 0.180, 0.104,  185,   4.0,   2.2
19-Mar-2000 17:00, 0.891,  29.5,  24.3, 1005.4, 0.158, 0.078,  182,   5.0,   3.0
19-Mar-2000 18:00, 0.995,  29.4,  23.9, 1005.7, 0.177, 0.100,  181,   4.5,   2.3
19-Mar-2000 19:00, 1.093,  29.4,  23.8, 1005.7, 0.231, 0.155,  189,   5.4,   3.4
19-Mar-2000 20:00, 1.051,  29.4,  24.0, 1006.6, 0.194, 0.120,  186,   4.8,   3.5
19-Mar-2000 21:00, 0.945,  29.4,  25.2, 1007.3, 0.117, 0.052,  188,   5.2,   2.7
19-Mar-2000 22:00, 0.872,  29.4,  29.0, 1007.6, 0.071, 0.012,  173,   4.3,   0.5
19-Mar-2000 23:00, 0.883,  29.5,  28.1, 1007.5, 0.106, 0.050,   36,   3.0,   2.5
20-Mar-2000 00:00, 0.919,  29.7,  28.6, 1006.9, 0.166, 0.109,   41,   4.9,   3.9
20-Mar-2000 01:00, 0.906,  29.9,  28.5, 1005.6, 0.161, 0.097,   29,   4.7,   4.1
20-Mar-2000 02:00, 0.932,  30.0,  29.1, 1004.3, 0.169, 0.092,   53,   5.2,   3.9
20-Mar-2000 03:00, 0.958,  29.9,  28.9, 1002.9, 0.151, 0.061,   30,   4.7,   3.4
20-Mar-2000 04:00, 0.993,  30.2,  29.3, 1001.9, 0.139, 0.036,   43,   4.4,   3.1
20-Mar-2000 05:00, 0.990,  30.4,  29.7, 1001.1, 0.112,-0.001,   59,   5.9,   4.9
20-Mar-2000 06:00, 1.012,  30.4,  29.4, 1000.7, 0.128, 0.007,   55,   6.3,   3.9
20-Mar-2000 07:00, 1.070,  30.4,  29.1, 1001.4, 0.213, 0.089,   28,   5.1,   3.5
20-Mar-2000 08:00, 1.014,  30.4,  29.1, 1002.5, 0.226, 0.109,   79,   4.7,   2.4
20-Mar-2000 09:00, 0.862,  30.3,  28.0, 1003.7, 0.158, 0.052,  152,   2.8,   1.0
20-Mar-2000 10:00, 0.741,  30.1,  27.3, 1005.0, 0.110, 0.017,  209,   1.9,   0.5
20-Mar-2000 11:00, 0.684,  30.0,  26.8, 1006.0, 0.113, 0.032,  189,   3.3,   2.3
20-Mar-2000 12:00, 0.673,  30.1,  26.5, 1006.6, 0.152, 0.081,  302,   7.2,   6.1
20-Mar-2000 13:00, 0.680,  30.0,  26.0, 1006.4, 0.182, 0.116,  217,   6.2,   0.7
20-Mar-2000 14:00, 0.707,  29.9,  25.5, 1005.8, 0.191, 0.122,  205,   3.1,   1.8
20-Mar-2000 15:00, 0.788,  29.9,  25.5, 1005.7, 0.207, 0.132,  195,   3.8,   1.9
20-Mar-2000 16:00, 0.862,  29.9,  25.5, 1005.5, 0.190, 0.115,  186,   4.4,   2.9
20-Mar-2000 17:00, 0.918,  29.8,  25.4, 1005.3, 0.163, 0.086,  186,   3.9,   1.1
20-Mar-2000 18:00, 1.021,  29.8,  25.0, 1005.4, 0.193, 0.114,  195,   4.0,   1.2
20-Mar-2000 19:00, 1.107,  29.8,  24.7, 1005.5, 0.229, 0.150,  184,   4.0,   2.1
20-Mar-2000 20:00, 1.077,  29.7,  24.9, 1006.6, 0.202, 0.127,  178,   3.6,   1.8
20-Mar-2000 21:00, 0.973,  29.7,  25.9, 1006.9, 0.145, 0.079,  160,   2.8,   1.3
20-Mar-2000 22:00, 0.873,  29.7,  28.0, 1007.0, 0.099, 0.036,   57,   2.9,   2.3
20-Mar-2000 23:00, 0.848,  29.8,  29.6, 1006.8, 0.115, 0.053,   99,   5.9,   3.2
21-Mar-2000 00:00, 0.859,  29.9,  29.0, 1005.9, 0.156, 0.091,   58,   6.8,   5.7
21-Mar-2000 01:00, 0.844,  30.0,  29.0, 1004.7, 0.158, 0.084,   60,   7.1,   5.5
21-Mar-2000 02:00, 0.844,  30.0,  29.4, 1003.1, 0.150, 0.063,   58,   6.9,   4.4
21-Mar-2000 03:00, 0.895,  30.0,  29.3, 1001.7, 0.163, 0.061,   49,   6.5,   4.7
21-Mar-2000 04:00, 0.938,  30.0,  29.2, 1000.4, 0.149, 0.032,   44,   5.9,   4.0
21-Mar-2000 05:00, 0.946,  30.1,  29.6,  999.6, 0.112,-0.016,   53,   5.1,   3.7
21-Mar-2000 06:00, 0.988,  30.0,  29.9,  999.2, 0.135,-0.001,   71,   5.7,   3.1
21-Mar-2000 07:00, 1.068,  30.2,  29.6,  999.5, 0.218, 0.079,   70,   4.2,   2.8
21-Mar-2000 08:00, 1.056,  30.0,  28.1, 1000.8, 0.251, 0.115,  191,   5.5,   0.5
21-Mar-2000 09:00, 0.906,  30.0,  27.1, 1002.7, 0.177, 0.055,  179,   3.6,   2.0
21-Mar-2000 10:00, 0.755,  30.0,  26.6, 1003.9, 0.102,-0.001,  181,   4.1,   2.6
21-Mar-2000 11:00, 0.701,  29.9,  26.0, 1004.9, 0.102, 0.010,  187,   4.2,   2.9
21-Mar-2000 12:00, 0.695,  29.9,  25.8, 1005.9, 0.129, 0.047,  189,   4.5,   2.3
21-Mar-2000 13:00, 0.697,  29.9,  25.5, 1005.9, 0.146, 0.073,  187,   5.1,   3.1
21-Mar-2000 14:00, 0.731,  29.9,  25.1, 1005.7, 0.163, 0.090,  189,   4.8,   2.9
21-Mar-2000 15:00, 0.812,  29.9,  25.1, 1005.2, 0.190, 0.115,  187,   5.1,   2.5
21-Mar-2000 16:00, 0.889,  29.8,  24.8, 1004.8, 0.182, 0.102,  177,   4.6,   2.2
21-Mar-2000 17:00, 0.935,  29.8,  24.8, 1004.9, 0.144, 0.060,  183,   5.0,   2.5
21-Mar-2000 18:00, 1.015,  29.8,  24.4, 1005.3, 0.159, 0.077,  182,   4.4,   2.9
21-Mar-2000 19:00, 1.145,  29.8,  24.5, 1005.6, 0.243, 0.164,  187,   4.8,   3.5
21-Mar-2000 20:00, 1.132,  29.7,  24.7, 1006.2, 0.227, 0.152,  186,   4.9,   3.1
21-Mar-2000 21:00, 1.027,  29.7,  26.4, 1006.7, 0.172, 0.103,  183,   3.6,   1.7
21-Mar-2000 22:00, 0.914,  29.7,  28.4, 1007.1, 0.137, 0.072,  110,   3.4,   2.1
21-Mar-2000 23:00, 0.834,  29.6,  28.9, 1006.5, 0.126, 0.065,   89,   4.3,   1.9
22-Mar-2000 00:00, 0.826,  29.7,  29.2, 1005.6, 0.163, 0.095,   58,   6.2,   4.6
22-Mar-2000 01:00, 0.780,  30.0,  28.0, 1004.7, 0.144, 0.068,   25,   6.4,   3.7
22-Mar-2000 02:00, 0.781,  30.3,  27.2, 1003.6, 0.148, 0.062,-9999,   5.1,   2.5
22-Mar-2000 03:00, 0.823,  30.2,  27.2, 1003.7, 0.165, 0.069,  321,   3.6,   3.2
22-Mar-2000 04:00, 0.854,  30.0,  26.5, 1003.3, 0.142, 0.047,  188,   3.0,   1.1
22-Mar-2000 05:00, 0.862,  29.9,  25.5, 1003.7, 0.091,-0.007,  182,   4.0,   1.1
22-Mar-2000 06:00, 0.869,  29.9,  25.4, 1005.1, 0.064,-0.031,   88,   3.8,   2.6
22-Mar-2000 07:00, 0.915,  29.8,  24.1, 1006.4, 0.100, 0.021,  129,   5.7,   3.6
22-Mar-2000 08:00, 0.965,  29.8,  23.8, 1006.6, 0.169, 0.101,  196,   4.4,   2.1
22-Mar-2000 09:00, 0.937,  29.8,  23.9, 1007.2, 0.198, 0.133,  199,   4.1,   2.4
22-Mar-2000 10:00, 0.819,  29.8,  23.9, 1007.2, 0.152, 0.091,  197,   4.7,   3.5
22-Mar-2000 11:00, 0.726,  29.8,  24.2, 1007.7, 0.116, 0.057,  191,   4.3,   2.6
22-Mar-2000 12:00, 0.689,  29.8,  24.2, 1007.6, 0.103, 0.048,  195,   5.5,   2.8
22-Mar-2000 13:00, 0.692,  29.7,  24.0, 1007.4, 0.104, 0.048,  192,   5.2,   3.2
22-Mar-2000 14:00, 0.752,  29.7,  24.1, 1007.0, 0.140, 0.081,  197,   4.4,   2.5
22-Mar-2000 15:00, 0.856,  29.6,  24.2, 1006.2, 0.192, 0.129,  198,   4.8,   3.0
22-Mar-2000 16:00, 0.952,  29.7,  24.4, 1005.3, 0.210, 0.139,  192,   4.9,   3.3
22-Mar-2000 17:00, 1.006,  29.6,  23.9, 1005.6, 0.178, 0.099,  192,   4.3,   2.3
22-Mar-2000 18:00, 1.038,  29.6,  23.9, 1005.8, 0.144, 0.068,  194,   4.1,   2.6
22-Mar-2000 19:00, 1.111,  29.6,  24.1, 1005.9, 0.179, 0.105,  193,   4.6,   2.8
22-Mar-2000 20:00, 1.191,  29.5,  24.0, 1006.7, 0.254, 0.182,  196,   4.3,   2.8
22-Mar-2000 21:00, 1.139,  29.5,  25.0, 1007.7, 0.246, 0.182,  194,   4.4,   2.4
22-Mar-2000 22:00, 1.000,  29.5,  26.8, 1008.2, 0.193, 0.138,  187,   3.4,   1.7
22-Mar-2000 23:00, 0.857,  29.6,  27.9, 1008.4, 0.145, 0.095,  318,   1.8,   0.6
23-Mar-2000 00:00, 0.769,  29.7,  28.0, 1007.5, 0.130, 0.081,  291,   2.1,   0.6
23-Mar-2000 01:00, 0.767,  29.9,  28.3, 1006.3, 0.169, 0.111,  306,   2.4,   1.7
23-Mar-2000 02:00, 0.761,  30.4,  28.5, 1004.5, 0.177, 0.106,  344,   2.6,   1.6
23-Mar-2000 03:00, 0.786,  30.2,  28.6, 1003.6, 0.189, 0.101,-9999,   3.4,   1.6
23-Mar-2000 04:00, 0.835,  30.6,  28.7, 1003.1, 0.196, 0.100,  347,   2.8,   2.1
23-Mar-2000 05:00, 0.867,  30.7,  29.0, 1002.7, 0.168, 0.067,  332,   3.2,   2.0
23-Mar-2000 06:00, 0.871,  30.3,  28.9, 1002.9, 0.124, 0.019,  358,   3.2,   2.4
23-Mar-2000 07:00, 0.875,  30.3,  28.9, 1003.8, 0.107, 0.005,    3,   2.8,   1.3
23-Mar-2000 08:00, 0.929,  30.4,  27.0, 1004.8, 0.166, 0.073,  343,  10.8,   8.6
23-Mar-2000 09:00, 0.938,  30.3,  25.1, 1006.7, 0.211, 0.129,  263,  12.6,   3.2
23-Mar-2000 10:00, 0.861,  30.0,  25.2, 1008.1, 0.191, 0.128,  194,   4.3,   2.5
23-Mar-2000 11:00, 0.767,  30.0,  25.1, 1009.2, 0.152, 0.102,  135,   4.0,   0.9
23-Mar-2000 12:00, 0.718,  29.9,  25.1, 1009.4, 0.130, 0.090,  197,   3.7,   0.5
23-Mar-2000 13:00, 0.737,  29.9,  25.1, 1009.2, 0.138, 0.100,  192,   2.4,   0.6
23-Mar-2000 14:00, 0.792,  29.9,  25.0,-9999.0, 0.153, 0.113,  192,   2.9,   2.1
23-Mar-2000 15:00, 0.875,  29.9,  24.8, 1007.6, 0.178, 0.130,  165,   3.8,   0.3
23-Mar-2000 16:00, 0.971,  29.8,  24.7, 1006.9, 0.200, 0.143,  190,   2.3,   1.3
23-Mar-2000 17:00, 1.043,  29.7,  24.6, 1006.6, 0.187, 0.123,  199,   4.0,   1.9
23-Mar-2000 18:00, 1.089,  29.7,  24.4, 1007.1, 0.162, 0.096,  197,   4.5,   3.4
23-Mar-2000 19:00, 1.116,  29.7,  24.2, 1007.2, 0.152, 0.091,  191,   4.8,   2.6
23-Mar-2000 20:00, 1.156,  29.7,  24.8, 1007.7, 0.189, 0.130,  177,   4.5,   2.1
23-Mar-2000 21:00, 1.170,  29.6,  26.0, 1008.3, 0.242, 0.187,  186,   4.4,   1.9
23-Mar-2000 22:00, 1.059,  29.6,  28.0, 1008.7, 0.212, 0.164,  209,   3.8,   1.4
23-Mar-2000 23:00, 0.899,  29.7,  27.8, 1008.6, 0.157, 0.112,-9999,   2.4,   2.0
24-Mar-2000 00:00, 0.752,  30.0,  27.9, 1008.0, 0.106, 0.059,-9999,   2.6,   1.6
24-Mar-2000 01:00, 0.720,  30.0,  28.2, 1007.1, 0.139, 0.086,-9999,   2.8,   2.2
24-Mar-2000 02:00, 0.728,  30.3,  28.4, 1005.6, 0.176, 0.114,  281,   4.2,   3.4
24-Mar-2000 03:00, 0.721,  30.3,  27.8, 1004.8, 0.167, 0.090,  279,   7.7,   6.7
24-Mar-2000 04:00, 0.733,  30.0,  27.9, 1004.1, 0.151, 0.066,  207,   7.3,   2.4
24-Mar-2000 05:00, 0.775,  30.2,  28.4, 1004.2, 0.143, 0.053,  167,   4.7,   1.8
24-Mar-2000 06:00, 0.811,  30.2,  28.3, 1004.2, 0.127, 0.037,  129,   4.5,   1.5
24-Mar-2000 07:00, 0.809,  30.2,  27.6, 1004.8, 0.094, 0.005,  175,   3.6,   0.9
24-Mar-2000 08:00, 0.820,  30.2,  26.3, 1005.4, 0.100, 0.017,  249,   2.7,   0.6
24-Mar-2000 09:00, 0.853,  30.0,  25.8, 1006.4, 0.154, 0.077,  185,   3.9,   2.5
24-Mar-2000 10:00, 0.840,  29.8,  25.4, 1007.6, 0.182, 0.115,  176,   4.2,   2.2
24-Mar-2000 11:00, 0.764,  29.7,  25.3, 1008.1, 0.150, 0.095,  179,   3.9,   1.7
24-Mar-2000 12:00, 0.695,  29.6,  25.2, 1008.3, 0.107, 0.056,  188,   4.1,   3.1
24-Mar-2000 13:00, 0.699,  29.6,  25.2, 1008.0, 0.103, 0.054,  192,   4.5,   3.3
24-Mar-2000 14:00, 0.757,  29.6,  24.5, 1007.4, 0.114, 0.061,  186,   4.5,   3.4
24-Mar-2000 15:00, 0.835,  29.6,  24.4, 1007.4, 0.123, 0.065,  190,   4.5,   3.4
24-Mar-2000 16:00, 0.944,  29.6,  23.9, 1006.9, 0.152, 0.094,  188,   4.9,   3.8
24-Mar-2000 17:00, 1.051,  29.6,  24.1, 1006.7, 0.179, 0.115,  188,   5.2,   3.0
24-Mar-2000 18:00, 1.125,  29.5,  23.9, 1006.8, 0.180, 0.114,  186,   5.3,   3.5
24-Mar-2000 19:00, 1.157,  29.5,  23.6, 1007.2, 0.169, 0.105,  183,   4.8,   2.6
24-Mar-2000 20:00, 1.155,  29.5,  23.9, 1007.5, 0.163, 0.103,  184,   5.5,   3.2
24-Mar-2000 21:00, 1.161,  29.5,  26.2, 1007.9, 0.204, 0.147,  183,   5.9,   2.7
24-Mar-2000 22:00, 1.102,  29.5,  28.6, 1008.4, 0.219, 0.167,  190,   4.2,   1.0
24-Mar-2000 23:00, 0.939,  29.6,  28.5, 1007.9, 0.157, 0.108,   28,   2.7,   1.6
25-Mar-2000 00:00, 0.799,  29.8,  29.0, 1007.0, 0.120, 0.067,  318,   2.1,   1.5
25-Mar-2000 01:00, 0.720,  29.8,  29.1, 1005.7, 0.127, 0.064,  307,   3.2,   2.3
25-Mar-2000 02:00, 0.719,  29.9,  29.3, 1004.2, 0.175, 0.098,    0,   3.2,   2.1
25-Mar-2000 03:00, 0.721,  30.6,  29.4, 1003.0, 0.191, 0.100,-9999,   2.7,   1.9
25-Mar-2000 04:00, 0.731,  30.5,  29.5, 1001.4, 0.185, 0.081,  328,   3.1,   2.1
25-Mar-2000 05:00, 0.761,  30.4,  29.7, 1001.1, 0.179, 0.060,  351,   3.4,   2.4
25-Mar-2000 06:00, 0.787,  30.0,  30.4, 1001.3, 0.160, 0.039,   59,   2.3,   0.4
25-Mar-2000 07:00, 0.788,  30.4,  29.4, 1001.6, 0.125, 0.007,  267,   2.7,   0.6
25-Mar-2000 08:00, 0.788,  30.1,  28.0, 1002.6, 0.114,-0.001,  195,   4.4,   2.5
25-Mar-2000 09:00, 0.817,  30.1,  27.6, 1003.9, 0.155, 0.050,  189,   4.3,   2.8
25-Mar-2000 10:00, 0.816,  30.1,  26.3, 1005.0, 0.182, 0.090,   25,   8.9,   4.6
25-Mar-2000 11:00, 0.769,  30.0,  26.6, 1006.0, 0.167, 0.086,-9999,   5.9,   1.6
25-Mar-2000 12:00, 0.708,  29.9,  26.0, 1006.5, 0.124, 0.052,  188,   3.0,   1.2
25-Mar-2000 13:00, 0.723,  29.9,  25.9, 1006.7, 0.130, 0.064,  196,   3.4,   2.4
25-Mar-2000 14:00, 0.783,  29.9,  25.5, 1006.2, 0.146, 0.080,  192,   3.9,   2.4
25-Mar-2000 15:00, 0.849,  29.9,  25.1, 1005.8, 0.140, 0.069,  187,   3.8,   2.4
25-Mar-2000 16:00, 0.928,  29.8,  25.1, 1005.5, 0.134, 0.059,  180,   4.1,   2.5
25-Mar-2000 17:00, 1.013,  29.8,  24.8, 1005.7, 0.135, 0.059,  188,   4.0,   2.7
25-Mar-2000 18:00, 1.101,  29.9,  24.7, 1004.9, 0.152, 0.076,  193,   4.1,   2.0
25-Mar-2000 19:00, 1.130,  29.8,  24.5, 1005.2, 0.135, 0.052,  194,   4.1,   2.8
25-Mar-2000 20:00, 1.136,  29.8,  24.7, 1005.8, 0.132, 0.052,  196,   4.3,   2.8
25-Mar-2000 21:00, 1.116,  29.7,  25.7, 1006.7, 0.139, 0.066,  187,   4.8,   2.9
25-Mar-2000 22:00, 1.076,  29.7,  27.7, 1007.4, 0.164, 0.100,  327,   2.7,   0.8
25-Mar-2000 23:00, 1.014,  29.7,  27.9, 1006.7, 0.193, 0.135,-9999,   2.1,   0.9
26-Mar-2000 00:00, 0.871,  30.0,  27.9, 1005.3, 0.149, 0.083,-9999,   3.0,   2.6
26-Mar-2000 01:00, 0.764,  30.2,  28.1, 1004.1, 0.133, 0.052,-9999,   3.6,   2.8
26-Mar-2000 02:00, 0.711,  30.2,  28.4, 1003.0, 0.146, 0.054,-9999,   4.5,   3.9
26-Mar-2000 03:00, 0.696,  30.5,  28.6, 1002.0, 0.163, 0.061,-9999,   4.8,   2.7
26-Mar-2000 04:00, 0.704,  30.4,  28.3, 1001.3, 0.173, 0.059,  326,   5.5,   4.3
26-Mar-2000 05:00, 0.702,  30.5,  24.4, 1002.9, 0.149, 0.032,  190,   7.7,   3.7
26-Mar-2000 06:00, 0.736,  30.3,  24.1, 1003.5, 0.150, 0.048,  188,   7.3,   2.5
26-Mar-2000 07:00, 0.777,  30.1,  24.3, 1003.9, 0.161, 0.064,  183,   4.8,   3.0
26-Mar-2000 08:00, 0.761,-9999 ,  24.8, 1004.7, 0.131, 0.039,  186,   5.6,   3.4
26-Mar-2000 09:00, 0.743,  30.0,  24.9, 1005.3, 0.119, 0.035,  193,   4.9,   3.1
26-Mar-2000 10:00, 0.739,  29.9,  24.7, 1006.0, 0.133, 0.054,  193,   4.6,   2.4
26-Mar-2000 11:00, 0.731,  29.9,  24.4, 1006.8, 0.146, 0.075,  187,-9999 ,   3.0
26-Mar-2000 12:00, 0.725,  29.9,  24.4, 1006.4, 0.150, 0.086,  181,   4.7,   2.8
26-Mar-2000 13:00, 0.733,  29.9,  24.2, 1006.0, 0.144, 0.076,  180,   4.8,   2.8
26-Mar-2000 14:00, 0.773,  29.8,  24.0, 1005.4, 0.141, 0.068,  186,   4.6,   2.6
26-Mar-2000 15:00, 0.848,  29.8,  24.1, 1004.7, 0.148, 0.069,  178,   4.4,   2.2
26-Mar-2000 16:00, 0.949,  29.8,  24.2, 1003.9, 0.165, 0.078,  189,   4.7,   2.8
26-Mar-2000 17:00, 1.034,  29.8,  23.9, 1004.1, 0.165, 0.072,  193,   4.4,   2.5
26-Mar-2000 18:00, 1.114,  29.8,  24.0, 1004.3, 0.173, 0.082,  186,   3.8,   2.5
26-Mar-2000 19:00, 1.176,  29.8,  23.6, 1004.7, 0.189, 0.100,  192,   3.8,   2.6
26-Mar-2000 20:00, 1.182,  29.8,  24.1, 1005.1, 0.180, 0.095,  188,   4.2,   2.4
26-Mar-2000 21:00, 1.138,  29.7,  26.1, 1005.9, 0.157, 0.077,  165,   3.8,   2.3
26-Mar-2000 22:00, 1.090,  29.8,  27.6, 1006.1, 0.160, 0.088,-9999,   3.9,   0.6
26-Mar-2000 23:00, 1.049,  29.9,  27.7, 1005.7, 0.195, 0.124,   16,   2.3,   1.7
27-Mar-2000 00:00, 0.967,  29.9,  27.8, 1004.7, 0.200, 0.125,-9999,   2.8,   1.2
27-Mar-2000 01:00, 0.874,  30.0,  28.1, 1003.5, 0.192, 0.106,-9999,   3.4,   2.9
27-Mar-2000 02:00, 0.782,  30.2,  27.0, 1002.3, 0.169, 0.071,  276,   4.6,   2.1
27-Mar-2000 03:00, 0.744,  30.1,  26.7, 1001.9, 0.179, 0.070,  286,   6.4,   5.2
27-Mar-2000 04:00, 0.736,  30.4,  26.7, 1001.7, 0.193, 0.080,  219,   5.6,   1.1
27-Mar-2000 05:00, 0.732,  30.4,  25.7, 1002.3, 0.188, 0.074,  205,   4.0,   1.6
27-Mar-2000 06:00, 0.751,  30.1,  25.7, 1002.7, 0.190, 0.081,  237,   3.2,   0.8
27-Mar-2000 07:00, 0.775,  30.1,  25.6, 1003.5, 0.194, 0.090,  177,   2.2,   0.6
27-Mar-2000 08:00, 0.761,  30.1,  25.5, 1004.9, 0.171, 0.075,  119,   2.7,   1.6
27-Mar-2000 09:00, 0.741,  30.1,  25.4, 1005.7, 0.155, 0.073,  149,   2.7,   1.1
27-Mar-2000 10:00, 0.727,  30.0,  25.1, 1006.0, 0.153, 0.078,  177,   3.4,   1.6
27-Mar-2000 11:00, 0.736,  30.0,  24.9, 1006.7, 0.173, 0.102,  193,   2.6,   1.0
27-Mar-2000 12:00, 0.744,  29.9,  25.2, 1006.7, 0.182, 0.117,  139,   2.7,   1.3
27-Mar-2000 13:00, 0.749,  29.9,  24.8, 1006.5, 0.166, 0.101,-9999,   9.9,   6.4
27-Mar-2000 14:00, 0.800,  29.8,  24.1, 1006.1, 0.172, 0.105,-9999,   8.5,   1.7
27-Mar-2000 15:00, 0.869,  29.8,  23.8, 1005.5, 0.175, 0.103,  188,   2.6,   0.9
27-Mar-2000 16:00, 0.956,  29.8,  24.0, 1005.3, 0.184, 0.106,  172,   2.1,   0.8
27-Mar-2000 17:00, 1.039,  29.6,  24.2, 1005.4, 0.188, 0.109,  171,   3.3,   1.4
27-Mar-2000 18:00, 1.091,  29.7,  24.3, 1005.5, 0.170, 0.092,  193,   2.4,   1.3
27-Mar-2000 19:00, 1.133,  29.6,  24.4, 1006.4, 0.164, 0.088,   26,   2.1,   0.1
27-Mar-2000 20:00, 1.145,  29.5,  24.3, 1006.8, 0.158, 0.091,-9999,   7.9,   6.1
27-Mar-2000 21:00, 1.109,  29.4,  24.4, 1007.3, 0.137, 0.073,  205,   5.8,   1.0
27-Mar-2000 22:00, 1.071,  29.5,  26.1, 1007.5, 0.138, 0.079,  204,   2.9,   1.1
27-Mar-2000 23:00, 1.028,  29.5,  27.2, 1007.2, 0.154, 0.097,-9999,   2.6,   0.8
28-Mar-2000 00:00, 0.986,  29.5,  27.6, 1006.3, 0.180, 0.119,-9999,   1.7,   1.1
28-Mar-2000 01:00, 0.921,  29.7,  27.2, 1004.7, 0.184, 0.114,-9999,   2.8,   2.2
28-Mar-2000 02:00, 0.847,  30.0,  27.4, 1003.5, 0.173, 0.087,-9999,   3.4,   2.7
28-Mar-2000 03:00, 0.783,  29.9,  27.8, 1002.3, 0.160, 0.062,  336,   3.3,   1.4
28-Mar-2000 04:00, 0.749,  29.7,  28.1, 1001.6, 0.164, 0.054,  299,   4.7,   3.7
28-Mar-2000 05:00, 0.735,  29.9,  28.6, 1001.6, 0.172, 0.056,  318,   6.5,   5.8
28-Mar-2000 06:00, 0.716,  30.5,  27.7, 1002.4, 0.160, 0.044,  280,  10.5,   5.9
28-Mar-2000 07:00, 0.715,  30.1,  27.7, 1003.2, 0.154, 0.048,  249,   6.4,   1.1
28-Mar-2000 08:00, 0.714,  30.1,  27.0, 1003.9, 0.154, 0.055,  195,   2.6,   0.9
28-Mar-2000 09:00, 0.695,  29.9,  26.3, 1004.8, 0.142, 0.050,  205,   2.7,   1.1
28-Mar-2000 10:00, 0.675,  30.0,  26.0, 1005.2, 0.134, 0.051,  183,   3.2,   1.9
28-Mar-2000 11:00, 0.667,  29.9,  25.6, 1005.6, 0.131, 0.051,  192,   4.4,   2.7
28-Mar-2000 12:00, 0.689,  29.8,  24.9, 1006.5, 0.145, 0.070,-9999,   7.7,   4.6
28-Mar-2000 13:00, 0.725,  29.8,  24.8, 1006.4, 0.152, 0.086,  128,   3.7,   1.9
28-Mar-2000 14:00, 0.776,  29.8,  24.1, 1006.0, 0.155, 0.086,  119,   3.5,   1.7
28-Mar-2000 15:00, 0.839,  29.8,  24.0, 1005.9, 0.149, 0.077,  186,   2.9,   1.7
28-Mar-2000 16:00, 0.906,  29.8,  23.8, 1005.6, 0.141, 0.068,  169,   3.2,   0.9
28-Mar-2000 17:00, 0.976,  29.7,  23.8, 1006.1, 0.141, 0.066,  192,   3.5,   1.8
28-Mar-2000 18:00, 1.027,  29.8,  23.6, 1006.4, 0.131, 0.060,  249,   3.0,   1.2
28-Mar-2000 19:00, 1.073,  29.7,  24.5, 1006.9, 0.131, 0.063,   15,   5.6,   3.9
28-Mar-2000 20:00, 1.081,  29.8,  24.8, 1007.7, 0.120, 0.057,  293,   4.2,   0.5
28-Mar-2000 21:00, 1.055,  29.7,  23.9, 1008.5, 0.102, 0.047,-9999,   2.7,   1.1
28-Mar-2000 22:00, 1.012,  29.7,  24.1, 1008.8, 0.089, 0.042,  158,   2.6,   1.2
28-Mar-2000 23:00, 0.981,  29.7,  24.6, 1008.6, 0.100, 0.056,  185,   2.1,   0.5
29-Mar-2000 00:00, 0.955,  29.7,  26.2, 1008.0, 0.121, 0.074,  277,   2.6,   1.4
29-Mar-2000 01:00, 0.914,  29.8,  26.3, 1007.4, 0.129, 0.076,  303,   2.8,   1.7
29-Mar-2000 02:00, 0.867,  29.8,  26.4, 1006.2, 0.130, 0.071,  289,   3.2,   2.0
29-Mar-2000 03:00, 0.829,  29.9,  26.3, 1004.9, 0.137, 0.066,  326,   3.1,   2.1
29-Mar-2000 04:00, 0.784,  29.9,  25.6, 1004.0, 0.135, 0.051,  265,   7.6,   1.6
29-Mar-2000 05:00, 0.756,  29.8,  26.5, 1003.2, 0.147, 0.054,  250,   3.4,   0.5
29-Mar-2000 06:00, 0.731,  29.9,  27.4, 1003.2, 0.154, 0.054,  292,   2.5,   1.0
29-Mar-2000 07:00, 0.708,  29.9,  27.0, 1003.7, 0.150, 0.050,-9999,   3.0,   1.5
29-Mar-2000 08:00, 0.682,  29.9,  25.7, 1004.6, 0.139, 0.045,-9999,   2.9,   1.6
29-Mar-2000 09:00, 0.652,  29.8,  25.6, 1005.3, 0.127, 0.041,  197,   3.0,   1.3
29-Mar-2000 10:00, 0.624,  29.8,  25.0, 1006.1, 0.113, 0.035,  178,   2.7,   1.5
29-Mar-2000 11:00, 0.626,  29.8,  25.0, 1006.5, 0.117, 0.047,  193,   3.6,   2.1
29-Mar-2000 12:00, 0.655,  29.9,  25.1, 1006.8, 0.131, 0.064,  187,   3.7,   2.1
29-Mar-2000 13:00, 0.688,  29.8,  25.1, 1006.3, 0.128, 0.064,  209,   3.9,   1.4
29-Mar-2000 14:00, 0.751,  29.8,  24.9, 1005.5, 0.137, 0.067,  187,   3.6,   2.5
29-Mar-2000 15:00, 0.831,  29.7,  24.9, 1005.0, 0.146, 0.069,  195,   3.8,   2.3
29-Mar-2000 16:00, 0.898,  29.8,  25.1, 1004.6, 0.138, 0.055,  185,   4.7,   2.8
29-Mar-2000 17:00, 0.967,  29.7,  25.1, 1004.3, 0.142, 0.056,  183,   4.2,   2.6
29-Mar-2000 18:00, 1.022,  29.7,  25.2, 1004.3, 0.148, 0.059,  175,   4.0,   1.6
29-Mar-2000 19:00, 1.055,  29.7,  25.5, 1004.8, 0.144, 0.055,  173,   3.8,   2.0
29-Mar-2000 20:00, 1.060,  29.7,  25.8, 1005.3, 0.128, 0.044,  180,   3.5,   2.2
29-Mar-2000 21:00, 1.036,  29.7,  28.6, 1005.5, 0.109, 0.030,  128,   3.4,   1.9
29-Mar-2000 22:00, 1.020,  29.7,  28.3, 1005.8, 0.116, 0.039,  116,   3.8,   2.0
29-Mar-2000 23:00, 0.989,  29.7,  26.8, 1005.9, 0.115, 0.041,  176,   4.0,   0.1
30-Mar-2000 00:00, 0.975,  29.7,  28.8, 1005.2, 0.130, 0.057,  113,   3.1,   0.9
30-Mar-2000 01:00, 0.957,  29.8,  28.3, 1004.3, 0.138, 0.057,   71,   8.7,   2.1
30-Mar-2000 02:00, 0.935,  29.9,  26.3, 1003.6, 0.143, 0.053,  208,   8.4,   0.7
30-Mar-2000 03:00, 0.915,  30.0,  28.2, 1003.0, 0.153, 0.057,   95,   3.9,   1.2
30-Mar-2000 04:00, 0.883,  30.0,  28.5, 1001.6, 0.159, 0.055,   51,   3.1,   2.4
30-Mar-2000 05:00, 0.844,  30.0,  29.1, 1000.7, 0.167, 0.050,   33,   2.9,   1.4
30-Mar-2000 06:00, 0.783,  30.0,  30.2, 1000.3, 0.158, 0.033,  289,   1.5,   0.7
30-Mar-2000 07:00, 0.734,  30.0,  29.2, 1000.2, 0.155, 0.025,  105,   1.9,   1.1
30-Mar-2000 08:00, 0.678,  30.0,  27.9, 1001.4, 0.135, 0.007,  176,   1.9,   1.0
30-Mar-2000 09:00, 0.624,  30.0,  27.0, 1002.7, 0.114,-0.003,  196,   3.4,   2.5
30-Mar-2000 10:00, 0.596,  29.9,  26.0, 1004.1, 0.109, 0.006,  209,   6.4,   1.3
30-Mar-2000 11:00, 0.594,  29.9,  25.5, 1005.0, 0.112, 0.022,  166,   4.1,   1.8
30-Mar-2000 12:00, 0.627,  29.9,  25.3, 1005.9, 0.126, 0.045,  120,   3.5,   2.1
30-Mar-2000 13:00, 0.687,  29.9,  24.6, 1005.8, 0.142, 0.070,  159,   3.2,   2.1
30-Mar-2000 14:00, 0.752,  29.9,  24.8, 1004.9, 0.147, 0.073,  120,   4.4,   1.5
30-Mar-2000 15:00, 0.827,  29.8,  25.1, 1004.7, 0.148, 0.064,  189,   4.7,   2.6
30-Mar-2000 16:00, 0.902,  29.9,  25.1, 1004.7, 0.145, 0.061,-9999,   8.2,   2.6
30-Mar-2000 17:00, 0.963,  29.8,  24.6, 1003.7, 0.142, 0.056,  191,   4.4,   2.6
30-Mar-2000 18:00, 1.002,  29.8,  24.5, 1004.6, 0.139, 0.045,  208,   3.8,   2.0
30-Mar-2000 19:00, 1.029,  29.6,  24.5, 1004.8, 0.141, 0.056,  197,   3.2,   2.4
30-Mar-2000 20:00, 1.030,  29.7,  24.5, 1005.3, 0.130, 0.046,  191,   3.8,   1.9
30-Mar-2000 21:00, 1.022,  29.8,  25.3, 1005.7, 0.125, 0.047,  189,   3.7,   2.5
30-Mar-2000 22:00, 1.004,  29.8,  27.4, 1005.7, 0.127, 0.052,  161,   3.9,   2.3
30-Mar-2000 23:00, 0.972,  29.7,  25.1, 1006.5, 0.118, 0.044,   54,   8.6,   5.5
31-Mar-2000 00:00, 0.973,  29.7,  24.8, 1006.0, 0.136, 0.069,  109,   5.5,   2.7
31-Mar-2000 01:00, 0.988,  29.7,  25.5, 1005.0, 0.157, 0.084,  159,   4.2,   2.1
31-Mar-2000 02:00, 0.993,  29.7,  27.7, 1003.7, 0.165, 0.082,  167,   3.0,   1.6
31-Mar-2000 03:00, 0.987,  29.8,  29.0, 1002.3, 0.169, 0.073,  289,   2.6,   0.9
31-Mar-2000 04:00, 0.977,  29.8,  29.6, 1000.9, 0.183, 0.072,-9999,   1.7,   1.2
31-Mar-2000 05:00, 0.941,  29.9,  29.6, 1000.0, 0.189, 0.065,  299,   2.5,   1.2
31-Mar-2000 06:00, 0.885,  29.9,  29.4,  999.9, 0.194, 0.062,  305,   3.5,   2.6
31-Mar-2000 07:00, 0.805,  30.2,  29.2, 1000.8, 0.180, 0.047,  323,   3.1,   1.4
31-Mar-2000 08:00, 0.732,  30.2,  27.5, 1002.3, 0.166, 0.044,  179,   3.0,   2.1
31-Mar-2000 09:00, 0.673,  30.0,  26.8, 1003.6, 0.157, 0.049,  187,   3.7,   2.2
31-Mar-2000 10:00, 0.619,  30.0,  26.3, 1004.8, 0.143, 0.048,  186,   3.8,   3.0
31-Mar-2000 11:00, 0.603,  30.0,  26.2, 1005.5, 0.141, 0.058,  191,   4.0,   2.2
31-Mar-2000 12:00, 0.626,  29.9,  26.0, 1005.7, 0.145, 0.069,  197,   4.1,   2.7
31-Mar-2000 13:00, 0.674,  29.9,  25.7, 1005.5, 0.145, 0.071,  187,   4.8,   3.1
31-Mar-2000 14:00, 0.754,  29.9,  25.5, 1004.9, 0.158, 0.081,  177,   4.8,   1.9
31-Mar-2000 15:00, 0.828,  29.9,  26.3, 1005.0, 0.156, 0.073,    8,   6.3,   5.4
31-Mar-2000 16:00, 0.904,  29.9,-9999 , 1004.7, 0.151, 0.069,  180,   3.1,   1.1
31-Mar-2000 17:00, 0.971,  29.9,  25.0, 1004.4, 0.150, 0.064,  176,   2.9,   1.6
31-Mar-2000 18:00, 1.007,  29.9,  25.1, 1004.7, 0.147, 0.059,  185,   2.9,   1.8
31-Mar-2000 19:00, 1.017,  29.9,  25.0, 1005.3, 0.142, 0.057,  185,   2.9,   2.0
31-Mar-2000 20:00, 0.992,  29.8,  25.1, 1006.4, 0.116, 0.039,  168,   2.3,   1.2
31-Mar-2000 21:00, 0.979,  29.8,  27.1, 1006.7, 0.112, 0.044,  148,   2.4,   1.7
31-Mar-2000 22:00, 0.968,  29.8,  28.8, 1006.9, 0.121, 0.056,  129,   3.9,   2.8
31-Mar-2000 23:00, 0.948,  29.9,  29.3, 1006.3, 0.124, 0.060,   90,   5.2,   2.1
01-Apr-2000 00:00, 0.950,  29.9,  29.6, 1004.7, 0.137, 0.066,   87,   5.0,   2.7
01-Apr-2000 01:00, 0.970,  30.2,  29.3, 1003.4, 0.151, 0.064,   57,   6.1,   4.7
01-Apr-2000 02:00, 0.986,  30.2,  29.0, 1002.0, 0.150, 0.051,   27,   4.5,   2.9
01-Apr-2000 03:00, 0.991,  30.0,  29.1, 1000.7, 0.144, 0.031,   21,   4.0,   2.5
01-Apr-2000 04:00, 0.998,  30.0,  29.5, 1000.0, 0.152, 0.027,  338,   2.6,   1.4
01-Apr-2000 05:00, 0.974,  30.1,  29.4, 1000.0, 0.153, 0.022,-9999,   3.5,   2.5
01-Apr-2000 06:00, 0.916,  31.1,  29.0, 1000.3, 0.153, 0.022,  318,   3.0,   1.8
01-Apr-2000 07:00, 0.843,  31.0,  27.7, 1001.1, 0.157, 0.028,  189,   4.5,   1.5
01-Apr-2000 08:00, 0.749,  30.9,  26.8, 1002.4, 0.138, 0.018,  185,   3.0,   2.0
01-Apr-2000 09:00, 0.659,  30.8,  26.6, 1004.0, 0.115, 0.008,  182,   4.0,   2.6
01-Apr-2000 10:00, 0.600,  30.6,  26.4, 1005.1, 0.111, 0.021,  183,   3.7,   3.0
01-Apr-2000 11:00, 0.574,  30.5,  26.4, 1005.7, 0.117, 0.036,  180,   4.4,   2.3
01-Apr-2000 12:00, 0.587,  30.4,  26.0, 1006.0, 0.121, 0.046,  197,   3.5,   1.3
01-Apr-2000 13:00, 0.647,  30.3,  25.8, 1005.7, 0.133, 0.060,  186,   4.6,   2.2
01-Apr-2000 14:00, 0.733,  30.4,  25.7, 1005.4, 0.145, 0.069,  185,   4.4,   2.2
01-Apr-2000 15:00, 0.806,  30.4,  25.6, 1005.1, 0.137, 0.059,  188,   4.6,   3.0
01-Apr-2000 16:00, 0.879,  30.4,  25.4, 1004.8, 0.128, 0.047,  180,   5.0,   2.9
01-Apr-2000 17:00, 0.946,  30.3,  25.3, 1004.8, 0.121, 0.037,  182,   4.3,   2.3
01-Apr-2000 18:00, 0.995,  30.3,  25.0, 1005.0, 0.128, 0.044,  185,   4.4,   2.7
01-Apr-2000 19:00, 1.000,  30.2,  25.1, 1006.4, 0.126, 0.045,  173,   4.5,   2.8
01-Apr-2000 20:00, 0.966,  30.1,  25.5, 1007.0, 0.104, 0.036,  180,   5.1,   2.7
01-Apr-2000 21:00, 0.938,  30.0,  26.0, 1007.7, 0.095, 0.033,  184,   4.6,   3.1
01-Apr-2000 22:00, 0.912,  30.1,  28.8, 1008.0, 0.095, 0.041,   85,   3.8,   2.2
01-Apr-2000 23:00, 0.883,  30.1,  27.6, 1007.1, 0.093, 0.040,   68,   7.0,   3.2
02-Apr-2000 00:00, 0.883,  30.3,  28.3, 1006.1, 0.108, 0.046,   25,   4.6,   3.3
02-Apr-2000 01:00, 0.898,  30.3,  28.9, 1004.8, 0.113, 0.041,    8,   4.5,   3.4
02-Apr-2000 02:00, 0.938,  30.1,  28.9, 1003.9, 0.125, 0.040,-9999,   4.0,   2.9
02-Apr-2000 03:00, 0.975,  30.6,  29.1, 1002.5, 0.130, 0.036,  331,   4.1,   1.9
02-Apr-2000 04:00, 0.990,  30.6,  29.4, 1001.6, 0.126, 0.019,    4,   3.7,   1.0
02-Apr-2000 05:00, 0.994,  30.5,  29.2, 1000.9, 0.130, 0.013,  315,   2.1,   1.0
02-Apr-2000 06:00, 0.965,  30.4,  28.4, 1001.4, 0.139, 0.017,  196,   3.1,   1.3
02-Apr-2000 07:00, 0.924,  30.2,  28.0, 1002.1, 0.171, 0.054,  190,   3.1,   2.1
02-Apr-2000 08:00, 0.829,  30.2,  27.3, 1003.1, 0.160, 0.050,  185,   4.1,   2.3
02-Apr-2000 09:00, 0.707,  30.2,  26.7, 1004.3, 0.116, 0.016,  178,   4.2,   2.1
02-Apr-2000 10:00, 0.612,  30.2,  26.4, 1005.6, 0.089, 0.001,  159,   5.9,   3.8
02-Apr-2000 11:00, 0.582,  30.2,  26.3, 1006.2, 0.106, 0.031,  178,   3.1,   1.6
02-Apr-2000 12:00, 0.606,  30.1,  25.7, 1006.5, 0.138, 0.068,  169,   3.1,   1.8
02-Apr-2000 13:00, 0.648,  30.1,  25.7, 1006.3, 0.140, 0.072,  192,   3.4,   1.3
02-Apr-2000 14:00, 0.730,  30.1,  25.5, 1006.0, 0.146, 0.077,  191,   3.0,   1.7
02-Apr-2000 15:00, 0.814,  30.1,  25.4, 1005.4, 0.143, 0.070,  192,   4.3,   2.5
02-Apr-2000 16:00, 0.893,  30.1,  25.3, 1004.8, 0.140, 0.061,  185,   4.5,   2.5
02-Apr-2000 17:00, 0.944,  30.0,  25.4, 1004.8, 0.114, 0.030,  178,   4.7,   1.9
02-Apr-2000 18:00, 0.995,  30.0,  25.1, 1004.9, 0.117, 0.033,  190,   4.6,   2.3
02-Apr-2000 19:00, 1.045,  29.9,  24.7, 1005.0, 0.162, 0.079,  182,   4.3,   2.3
02-Apr-2000 20:00, 1.023,  29.9,  24.9, 1005.5, 0.163, 0.081,  179,   4.9,   2.8
02-Apr-2000 21:00, 0.960,  29.9,  25.8, 1006.0, 0.132, 0.056,  187,   4.8,   2.5
02-Apr-2000 22:00, 0.908,  29.9,  28.2, 1006.1, 0.116, 0.045,   89,   3.2,   1.3
02-Apr-2000 23:00, 0.877,  30.0,  28.3, 1005.7, 0.122, 0.051,   30,   3.0,   2.4
03-Apr-2000 00:00, 0.872,  30.1,  28.3, 1004.8, 0.141, 0.065,   38,   4.8,   3.7
03-Apr-2000 01:00, 0.894,  30.2,  28.5, 1003.5, 0.161, 0.076,   39,   4.7,   2.7
03-Apr-2000 02:00, 0.919,  30.3,  29.0, 1001.7, 0.156, 0.057,-9999,   2.6,   2.2
03-Apr-2000 03:00, 0.975,  30.6,  29.1, 1000.4, 0.166, 0.049,  346,   3.3,   3.0
03-Apr-2000 04:00, 1.004,  30.7,  29.5, 1000.0, 0.157, 0.029,  326,   4.2,   3.3
03-Apr-2000 05:00, 1.005,  30.2,  29.6,  999.6, 0.136, 0.004,  317,   4.0,   1.7
03-Apr-2000 06:00, 1.000,  30.4,  29.8,  999.3, 0.138, 0.002,  310,   2.7,   1.7
03-Apr-2000 07:00, 0.996,  30.8,  29.6,  999.6, 0.187, 0.048,  318,   2.4,   2.0
03-Apr-2000 08:00, 0.959,  30.9,  29.5, 1000.8, 0.231, 0.096,  341,   3.3,   2.6
03-Apr-2000 09:00, 0.833,  30.5,  27.8, 1001.7, 0.187, 0.064,  185,   3.2,   2.3
03-Apr-2000 10:00, 0.692,  30.5,  27.0, 1002.9, 0.118, 0.004,  186,   3.9,   2.5
03-Apr-2000 11:00, 0.643,  30.5,  26.6, 1004.2, 0.125, 0.024,  187,   3.5,   2.7
03-Apr-2000 12:00, 0.640,  30.5,  26.4, 1004.5, 0.147, 0.058,  195,   4.2,   2.7
03-Apr-2000 13:00, 0.676,  30.4,  26.2, 1004.4, 0.158, 0.072,  187,   4.5,   2.7
03-Apr-2000 14:00, 0.754,  30.3,  25.5, 1004.0, 0.167, 0.079,  181,   5.2,   1.9
03-Apr-2000 15:00, 0.855,  30.0,  25.4, 1004.0, 0.176, 0.084,  253,   4.3,   2.8
03-Apr-2000 16:00, 0.939,  30.2,  24.9, 1004.1, 0.173, 0.082,-9999,   5.2,   1.9
03-Apr-2000 17:00, 1.012,  30.2,  24.2, 1003.7, 0.174, 0.082,  216,   4.3,   1.5
03-Apr-2000 18:00, 1.066,  30.2,  24.2, 1003.7, 0.173, 0.078,  234,   3.4,   1.4
03-Apr-2000 19:00, 1.091,  30.1,  24.2, 1004.1, 0.187, 0.092,  224,   3.0,   1.4
03-Apr-2000 20:00, 1.049,  30.1,  24.6, 1005.1, 0.177, 0.087,  191,   3.0,   1.7
03-Apr-2000 21:00, 0.944,  30.1,  25.3, 1005.6, 0.120, 0.039,  217,   2.6,   0.5
03-Apr-2000 22:00, 0.862,  30.0,  25.0, 1006.6, 0.089, 0.014,  272,   5.1,   2.0
03-Apr-2000 23:00, 0.833,  30.0,  24.0, 1006.6, 0.108, 0.042,  187,   5.1,   3.0
04-Apr-2000 00:00, 0.828,  30.0,  26.9, 1006.0, 0.141, 0.075,  185,   6.8,   3.8
04-Apr-2000 01:00, 0.839,  30.0,  29.3, 1004.6, 0.164, 0.091,   48,   5.4,   0.2
04-Apr-2000 02:00, 0.866,  29.9,  29.1, 1002.8, 0.169, 0.081,   32,   2.6,   1.2
04-Apr-2000 03:00, 0.907,  29.9,  29.2, 1001.4, 0.161, 0.055,-9999,   2.4,   1.7
04-Apr-2000 04:00, 0.948,  30.0,  29.2, 1000.3, 0.151, 0.032,  346,   2.9,   1.7
04-Apr-2000 05:00, 0.969,  29.9,  29.2,  999.8, 0.133, 0.003,  317,   3.1,   2.6
04-Apr-2000 06:00, 0.987,  30.2,  29.5, 1000.2, 0.129,-0.004,  304,   2.9,   1.5
04-Apr-2000 07:00, 1.005,  30.6,  29.0, 1000.7, 0.167, 0.037,  296,   3.2,   2.1
04-Apr-2000 08:00, 0.969,  30.1,  27.3, 1002.1, 0.194, 0.071,  194,   2.7,   2.4
04-Apr-2000 09:00, 0.849,  30.0,  26.0, 1003.3, 0.151, 0.041,  187,   3.7,   2.7
04-Apr-2000 10:00, 0.739,  29.8,  26.1, 1004.7, 0.112, 0.015,  192,   4.5,   2.4
04-Apr-2000 11:00, 0.675,  30.0,  25.7, 1005.4, 0.104, 0.020,  188,   4.6,   3.1
04-Apr-2000 12:00, 0.655,  29.9,  25.4, 1005.8, 0.118, 0.041,  194,   5.2,   2.8
04-Apr-2000 13:00, 0.692,  29.9,  25.2, 1005.6, 0.146, 0.072,  189,   5.0,   3.2
04-Apr-2000 14:00, 0.755,  29.9,  25.1, 1005.3, 0.152, 0.076,  187,   4.7,   2.7
04-Apr-2000 15:00, 0.853,  29.8,  24.8, 1004.8, 0.160, 0.080,  188,   5.0,   3.3
04-Apr-2000 16:00, 0.940,  29.7,  24.5, 1004.4, 0.154, 0.069,  185,   5.2,   3.0
04-Apr-2000 17:00, 0.993,  29.7,  24.6, 1004.5, 0.135, 0.047,  187,   5.2,   3.4
04-Apr-2000 18:00, 1.043,  29.6,  24.6, 1004.8, 0.131, 0.045,  185,   5.9,   3.0
04-Apr-2000 19:00, 1.092,  29.6,  24.4, 1004.9, 0.162, 0.078,  186,   5.2,   3.6
04-Apr-2000 20:00, 1.066,  29.6,  24.5, 1005.7, 0.170, 0.088,  187,   5.0,   3.5
04-Apr-2000 21:00, 0.951,  29.6,  26.4, 1006.6, 0.118, 0.044,  185,   5.1,   2.5
04-Apr-2000 22:00, 0.843,  29.6,  28.6, 1006.5, 0.078, 0.012,  289,   3.9,   1.4
04-Apr-2000 23:00, 0.794,  29.6,  28.6, 1006.2, 0.092, 0.025,   30,   2.5,   2.2
05-Apr-2000 00:00, 0.775,  29.8,  28.7, 1005.0, 0.125, 0.054,   21,   2.9,   2.5
05-Apr-2000 01:00, 0.765,  30.0,  28.8, 1003.5, 0.144, 0.061,   23,   2.8,   2.4
05-Apr-2000 02:00, 0.796,  30.3,  29.1, 1002.1, 0.170, 0.072,  357,   3.4,   1.9
05-Apr-2000 03:00, 0.848,  30.2,  29.5, 1000.9, 0.182, 0.070,-9999,   2.9,   1.7
05-Apr-2000 04:00, 0.909,  30.4,  29.8,  999.9, 0.184, 0.060,  322,   2.5,   1.7
05-Apr-2000 05:00, 0.935,  30.2,  29.9,  999.5, 0.160, 0.026,  319,   3.9,   3.0
05-Apr-2000 06:00, 0.946,  30.3,  29.4,  999.9, 0.133,-0.003,  313,   4.3,   3.0
05-Apr-2000 07:00, 0.994,  30.4,  29.4, 1000.9, 0.167, 0.035,  325,   3.7,   1.7
05-Apr-2000 08:00, 0.996,  30.4,  29.3, 1002.0, 0.200, 0.078,  332,   3.4,   2.1
05-Apr-2000 09:00, 0.909,  30.0,  27.1, 1003.1, 0.175, 0.065,  183,   3.6,   2.2
05-Apr-2000 10:00, 0.787,  29.9,  27.0, 1003.9, 0.115, 0.015,  181,   3.6,   2.6
05-Apr-2000 11:00, 0.716,  29.6,  26.5, 1004.7, 0.095, 0.003,  186,   4.2,   3.1
05-Apr-2000 12:00, 0.708,  29.8,  26.2, 1005.2, 0.117, 0.032,  186,   5.1,   3.1
05-Apr-2000 13:00, 0.749,  29.9,  25.7, 1005.5, 0.158, 0.079,  185,   4.9,   2.9
05-Apr-2000 14:00, 0.813,  29.9,  25.6, 1004.8, 0.179, 0.101,  182,   5.0,   2.7
05-Apr-2000 15:00, 0.913,  29.9,  25.3, 1004.5, 0.197, 0.113,  185,   4.8,   2.6
05-Apr-2000 16:00, 1.006,  29.9,  25.1, 1004.2, 0.194, 0.106,  185,   4.7,   3.0
05-Apr-2000 17:00, 1.053,  29.8,  25.2, 1004.3, 0.162, 0.072,  182,   4.8,   3.1
05-Apr-2000 18:00, 1.097,  29.9,  24.8, 1004.4, 0.159, 0.070,  175,   5.2,   2.2
05-Apr-2000 19:00, 1.154,  29.8,  24.6, 1004.7, 0.196, 0.108,  193,   4.9,   2.9
05-Apr-2000 20:00, 1.153,  29.8,  24.7, 1005.7, 0.222, 0.138,  177,   4.7,   2.5
05-Apr-2000 21:00, 1.034,  29.7,  26.2, 1006.8, 0.176, 0.102,  175,   4.7,   2.8
05-Apr-2000 22:00, 0.901,  29.7,  28.9, 1006.6, 0.129, 0.065,  126,   3.5,   1.0
05-Apr-2000 23:00, 0.808,  29.7,  28.3, 1006.2, 0.115, 0.048,   36,   3.4,   2.9
06-Apr-2000 00:00, 0.754,  30.0,  28.3, 1006.0, 0.129, 0.059,   33,   3.8,   2.1
06-Apr-2000 01:00, 0.751,  29.9,  28.3, 1004.5, 0.173, 0.100,   42,   3.5,   2.2
06-Apr-2000 02:00, 0.762,  30.1,  28.1, 1003.4, 0.199, 0.111,   52,   3.3,   1.6
06-Apr-2000 03:00, 0.784,  30.3,  28.3, 1002.7, 0.198, 0.100,   31,   4.3,   1.6
06-Apr-2000 04:00, 0.827,  30.3,  28.8, 1001.4, 0.188, 0.082,  311,   2.0,   1.0
06-Apr-2000 05:00, 0.865,  30.3,  28.8, 1000.7, 0.167, 0.048,  315,   4.1,   3.0
06-Apr-2000 06:00, 0.867,  30.4,  29.1, 1000.8, 0.123,-0.001,  309,   3.9,   2.2
06-Apr-2000 07:00, 0.905,  30.3,  29.1, 1001.4, 0.129, 0.006,  339,   3.7,   2.6
06-Apr-2000 08:00, 0.976,  30.4,  29.0, 1002.8, 0.196, 0.080,  309,   3.5,   1.7
06-Apr-2000 09:00, 0.960,  30.3,  26.1, 1003.7, 0.216, 0.113,   57,   7.8,   5.8
06-Apr-2000 10:00, 0.837,  30.2,  26.1, 1004.9, 0.140, 0.047,  187,   5.8,   0.5
06-Apr-2000 11:00, 0.763,  30.2,  25.9, 1005.8, 0.107, 0.025,  165,   2.7,   1.6
06-Apr-2000 12:00, 0.738,  30.0,  25.7, 1006.1, 0.103, 0.029,  177,   3.4,   0.1
06-Apr-2000 13:00, 0.756,  30.1,  25.6, 1005.9, 0.117, 0.046,  191,   3.9,   2.5
06-Apr-2000 14:00, 0.834,  30.0,  25.4, 1005.5, 0.160, 0.086,  187,   4.1,   2.0
06-Apr-2000 15:00, 0.920,  30.0,  25.1, 1005.1, 0.174, 0.097,  184,   4.4,   3.3
06-Apr-2000 16:00, 1.034,  29.9,  24.9, 1004.6, 0.195, 0.113,  190,   4.3,   2.6
06-Apr-2000 17:00, 1.113,  29.9,  24.9, 1004.6, 0.188, 0.102,  187,   4.5,   3.0
06-Apr-2000 18:00, 1.141,  29.8,  24.7, 1004.6, 0.166, 0.080,  195,   4.6,   2.7
06-Apr-2000 19:00, 1.172,  29.7,  24.8, 1005.2, 0.181, 0.096,  188,   4.8,   2.7
06-Apr-2000 20:00, 1.210,  29.7,  24.8, 1005.8, 0.242, 0.162,  185,   4.6,   2.7
06-Apr-2000 21:00, 1.132,  29.7,  26.8, 1006.5, 0.236, 0.163,  183,   4.4,   1.6
06-Apr-2000 22:00, 0.956,  29.7,  28.4, 1006.7, 0.159, 0.093,   45,   3.0,   2.0
06-Apr-2000 23:00, 0.818,  29.8,  28.1, 1006.6, 0.119, 0.054,   54,   2.9,   1.2
07-Apr-2000 00:00, 0.733,  29.8,  25.1, 1006.0, 0.116, 0.050,-9999,   7.0,   5.0
07-Apr-2000 01:00, 0.699,  29.8,  25.5, 1005.2, 0.144, 0.072,   97,   5.0,   3.3
07-Apr-2000 02:00, 0.697,  29.9,  27.0, 1004.5, 0.178, 0.097,   91,   3.8,   2.0
07-Apr-2000 03:00, 0.697,  29.8,  24.8, 1003.7, 0.176, 0.087,  161,   4.8,   2.3
07-Apr-2000 04:00, 0.740,  29.9,  26.8, 1003.6, 0.182, 0.087,-9999,   3.6,   1.2
07-Apr-2000 05:00, 0.794,  29.9,  27.1, 1002.9, 0.179, 0.083,   28,   2.4,   1.7
07-Apr-2000 06:00, 0.824,  29.9,  27.5, 1002.5, 0.158, 0.055,   29,   2.9,   2.1
07-Apr-2000 07:00, 0.859,  29.9,  27.9, 1002.4, 0.156, 0.049,   86,   2.4,   1.3
07-Apr-2000 08:00, 0.940,  29.9,  26.9, 1003.3, 0.212, 0.106,  156,   3.0,   1.2
07-Apr-2000 09:00, 0.952,  29.9,  25.6, 1004.1, 0.229, 0.130,  187,   2.3,   1.2
07-Apr-2000 10:00, 0.864,  29.9,  25.5, 1005.0, 0.168, 0.078,  199,   2.8,   1.3
07-Apr-2000 11:00, 0.776,  29.9,  25.3, 1005.3, 0.105, 0.023,  186,   3.9,   2.9
07-Apr-2000 12:00, 0.756,  29.8,  25.2, 1005.4, 0.095, 0.016,  184,   4.2,   3.0
07-Apr-2000 13:00, 0.791,  29.8,  24.8, 1005.3, 0.116, 0.038,  181,   4.9,   2.4
07-Apr-2000 14:00, 0.833,  29.7,  24.7, 1005.0, 0.120, 0.041,  182,   4.3,   2.7
07-Apr-2000 15:00, 0.936,  29.7,  24.5, 1004.3, 0.158, 0.076,  187,   4.7,   2.5
07-Apr-2000 16:00, 1.046,  29.7,  24.3, 1003.6, 0.182, 0.092,  188,   4.8,   3.2
07-Apr-2000 17:00, 1.120,  29.6,  23.9, 1003.3, 0.168, 0.071,  177,   5.2,   2.7
07-Apr-2000 18:00, 1.162,  29.6,  23.9, 1003.6, 0.149, 0.050,  180,   4.7,   3.3
07-Apr-2000 19:00, 1.187,  29.6,  24.0, 1004.1, 0.158, 0.063,  189,   5.2,   3.2
07-Apr-2000 20:00, 1.230,  29.5,  24.0, 1004.8, 0.223, 0.133,  185,   6.0,   2.6
07-Apr-2000 21:00, 1.181,  29.5,  26.0, 1005.2, 0.240, 0.156,  181,   4.8,   2.0
07-Apr-2000 22:00, 1.029,  29.6,  28.4, 1005.4, 0.191, 0.112,   90,   3.3,   2.3
07-Apr-2000 23:00, 0.864,  29.6,  28.8, 1005.2, 0.137, 0.059,   68,   3.5,   1.8
08-Apr-2000 00:00, 0.747,  29.7,  28.2, 1004.7, 0.119, 0.039,   40,   5.2,   3.6
08-Apr-2000 01:00, 0.702,  29.8,  28.2, 1003.3, 0.149, 0.062,   24,   3.6,   2.3
08-Apr-2000 02:00, 0.668,  29.9,  28.5, 1002.4, 0.164, 0.064,   23,   3.0,   2.1
08-Apr-2000 03:00, 0.652,  29.9,  28.6, 1001.3, 0.168, 0.059,    1,   3.2,   2.4
08-Apr-2000 04:00, 0.671,  29.9,  28.4, 1000.3, 0.173, 0.053,  334,   3.8,   2.7
08-Apr-2000 05:00, 0.710,  30.6,  28.8,  999.9, 0.171, 0.042,  353,   3.6,   1.4
08-Apr-2000 06:00, 0.732,  30.4,  29.6, 1000.1, 0.144, 0.011,   14,   2.8,   0.1
08-Apr-2000 07:00, 0.754,  30.3,  28.1, 1001.0, 0.126,-0.004,  341,   5.6,   3.9
08-Apr-2000 08:00, 0.836,  30.3,  27.6, 1002.1, 0.181, 0.060,  240,   4.1,   1.4
08-Apr-2000 09:00, 0.896,  30.4,  25.3, 1003.7, 0.224, 0.115,  257,   5.2,   4.3
08-Apr-2000 10:00, 0.847,  30.4,  25.1, 1004.8, 0.178, 0.085,  162,   5.4,   2.8
08-Apr-2000 11:00, 0.784,  30.3,  24.6, 1005.6, 0.122, 0.039,  161,   4.6,   2.4
08-Apr-2000 12:00, 0.772,  30.0,  25.1, 1006.0, 0.106, 0.031,   98,   3.3,   2.1
08-Apr-2000 13:00, 0.794,  30.0,  24.2, 1006.3, 0.104, 0.032,  152,   5.1,   3.0
08-Apr-2000 14:00, 0.861,  30.0,  24.3, 1006.0, 0.123, 0.054,  188,   3.7,   0.9
08-Apr-2000 15:00, 0.948,  30.0,  24.0, 1005.3, 0.146, 0.073,  198,   3.7,   2.6
08-Apr-2000 16:00, 1.050,  30.0,  24.1, 1005.1, 0.167, 0.088,  146,   4.1,   2.3
08-Apr-2000 17:00, 1.143,  29.9,  24.0, 1004.8, 0.176, 0.094,  190,   3.3,   2.3
08-Apr-2000 18:00, 1.190,  29.8,  24.8, 1005.4, 0.155, 0.072,   98,   4.4,   1.8
08-Apr-2000 19:00, 1.201,  29.9,  24.5, 1005.9, 0.138, 0.060,  152,   3.2,   1.6
08-Apr-2000 20:00, 1.220,  29.9,  24.7, 1006.7, 0.176, 0.104,  188,   2.6,   1.6
08-Apr-2000 21:00, 1.208,  29.9,  25.4, 1007.5, 0.224, 0.159,  171,   3.1,   0.8
08-Apr-2000 22:00, 1.087,  29.8,  24.6, 1008.3, 0.201, 0.145,  125,   7.0,   3.1
08-Apr-2000 23:00, 0.918,  29.8,  25.1, 1008.3, 0.146, 0.097,  162,   3.9,   1.7
09-Apr-2000 00:00, 0.764,  29.8,  27.0, 1007.8, 0.101, 0.052,   53,   2.6,   2.2
09-Apr-2000 01:00, 0.686,  29.8,  27.2, 1006.2, 0.109, 0.054,  109,   3.9,   1.2
09-Apr-2000 02:00, 0.645,  29.9,  26.3, 1005.4, 0.128, 0.057,   68,   4.7,   3.4
09-Apr-2000 03:00, 0.602,  29.9,  25.1, 1004.9, 0.121, 0.043,-9999,   3.8,   1.4
09-Apr-2000 04:00, 0.611,  29.9,  25.7, 1004.4, 0.139, 0.056,  165,   2.5,   1.5
09-Apr-2000 05:00, 0.642,  30.0,  26.7, 1004.3, 0.151, 0.063,  110,   2.6,   1.3
09-Apr-2000 06:00, 0.655,  30.0,  26.6, 1004.7, 0.130, 0.042,   43,   4.3,   2.9
09-Apr-2000 07:00, 0.661,  29.9,  26.7, 1005.5, 0.102, 0.018,   22,   5.1,   1.0
09-Apr-2000 08:00, 0.687,  29.9,  26.0, 1006.7, 0.103, 0.027,  139,   2.3,   0.8
09-Apr-2000 09:00, 0.753,  29.9,  25.9, 1007.3, 0.150, 0.085,  180,   2.9,   2.2
09-Apr-2000 10:00, 0.785,  29.9,  25.6, 1008.0, 0.168, 0.110,  180,   3.3,   1.8
09-Apr-2000 11:00, 0.763,  29.9,  25.3, 1008.3, 0.134, 0.082,  182,   3.4,   2.3
09-Apr-2000 12:00, 0.746,  30.0,  25.2, 1008.0, 0.096, 0.047,  191,   3.2,   2.2
09-Apr-2000 13:00, 0.774,  29.9,  25.0, 1007.9, 0.088, 0.036,  192,   3.4,   2.3
09-Apr-2000 14:00, 0.833,  29.8,  24.9, 1007.7, 0.090, 0.037,  181,   3.3,   2.2
09-Apr-2000 15:00, 0.934,  29.8,  24.9, 1006.9, 0.120, 0.064,  191,   3.9,   2.1
09-Apr-2000 16:00, 1.019,  29.8,  24.9, 1006.6, 0.127, 0.064,  259,   3.9,   0.9
09-Apr-2000 17:00, 1.117,  29.8,  24.7, 1006.6, 0.147, 0.080,  226,   4.9,   1.1
09-Apr-2000 18:00, 1.201,  29.8,  24.0, 1006.6, 0.164, 0.098,  185,   2.9,   2.0
09-Apr-2000 19:00, 1.236,  29.7,  24.1, 1007.1, 0.162, 0.096,  195,   3.9,   2.4
09-Apr-2000 20:00, 1.191,  29.7,  24.5, 1008.0, 0.124, 0.063,  179,   4.1,   2.4
09-Apr-2000 21:00, 1.154,  29.7,  25.4, 1008.8, 0.136, 0.084,  183,   4.4,   2.1
09-Apr-2000 22:00, 1.111,  29.7,  27.9, 1009.1, 0.178, 0.134,  226,   3.3,   1.1
09-Apr-2000 23:00, 1.011,  29.7,  28.0, 1008.9, 0.186, 0.146,-9999,   2.8,   1.4
10-Apr-2000 00:00, 0.860,  29.8,  28.1, 1007.8, 0.144, 0.100,-9999,   3.4,   2.6
10-Apr-2000 01:00, 0.727,  30.1,  28.2, 1006.4, 0.104, 0.048,   17,   4.0,   3.3
10-Apr-2000 02:00, 0.658,  30.0,  28.2, 1005.2, 0.103, 0.034,   19,   3.8,   2.7
10-Apr-2000 03:00, 0.631,  30.1,  28.6, 1004.1, 0.120, 0.039,-9999,   3.4,   2.0
10-Apr-2000 04:00, 0.616,  30.3,  28.7, 1003.3, 0.131, 0.039,-9999,   2.5,   0.5
10-Apr-2000 05:00, 0.628,  30.2,  28.3, 1002.8, 0.150, 0.050,  195,   4.2,   1.8
10-Apr-2000 06:00, 0.649,  30.3,  27.9, 1003.1, 0.159, 0.055,  184,   3.4,   1.5
10-Apr-2000 07:00, 0.653,  30.2,  27.1, 1003.8, 0.145, 0.044,  184,   3.4,   2.1
10-Apr-2000 08:00, 0.648,  30.2,  26.4, 1005.0, 0.123, 0.031,  188,   3.5,   2.1
10-Apr-2000 09:00, 0.665,  30.2,  26.0, 1006.0, 0.126, 0.045,  184,   4.2,   2.1
10-Apr-2000 10:00, 0.717,  30.1,  25.6, 1006.8, 0.161, 0.090,  188,   4.5,   2.7
10-Apr-2000 11:00, 0.767,  30.1,  25.3, 1007.0, 0.188, 0.124,  181,   4.7,   3.0
10-Apr-2000 12:00, 0.759,  30.0,  25.2, 1007.0, 0.144, 0.082,  185,   4.8,   3.0
10-Apr-2000 13:00, 0.760,  29.9,  25.0, 1007.2, 0.094, 0.033,  183,   4.8,   3.3
10-Apr-2000 14:00, 0.820,  29.8,  25.1, 1006.8, 0.089, 0.029,  184,   5.4,   4.0
10-Apr-2000 15:00, 0.916,  29.7,  24.8, 1006.6, 0.106, 0.042,  178,   5.4,   3.0
10-Apr-2000 16:00, 1.012,  29.7,  24.1, 1006.6, 0.123, 0.057,  184,   5.2,   2.6
10-Apr-2000 17:00, 1.091,  29.7,  23.9, 1006.3, 0.130, 0.063,  184,   4.3,   2.4
10-Apr-2000 18:00, 1.164,  29.6,  24.4, 1006.5, 0.141, 0.072,  189,   4.6,   3.3
10-Apr-2000 19:00, 1.202,  29.5,  24.1, 1006.8, 0.141, 0.074,  177,   4.8,   2.4
10-Apr-2000 20:00, 1.198,  29.5,  24.5, 1007.8, 0.132, 0.069,  180,   4.4,   2.9
10-Apr-2000 21:00, 1.154,  29.5,  26.7, 1008.2, 0.121, 0.067,  183,   4.5,   2.7
10-Apr-2000 22:00, 1.128,  29.5,  29.2, 1008.2, 0.163, 0.113,   97,   4.5,   2.6
10-Apr-2000 23:00, 1.070,  29.5,  29.8, 1007.6, 0.198, 0.147,  113,   5.8,   2.7
11-Apr-2000 00:00, 0.953,  29.6,  29.1, 1006.4, 0.179, 0.122,   24,   4.3,   2.4
11-Apr-2000 01:00, 0.817,  29.8,  29.1, 1004.8, 0.131, 0.061,   42,   4.7,   4.3
11-Apr-2000 02:00, 0.730,  30.1,  29.1, 1003.9, 0.115, 0.030,   46,   4.8,   3.7
11-Apr-2000 03:00, 0.686,  30.3,  29.6, 1002.9, 0.121, 0.027,   45,   4.2,   2.4
11-Apr-2000 04:00, 0.666,  30.2,  29.5, 1001.9, 0.136, 0.032,   31,   5.0,   2.2
11-Apr-2000 05:00, 0.648,  30.1,  29.9, 1001.5, 0.142, 0.028,  318,   2.4,   1.6
11-Apr-2000 06:00, 0.665,  30.2,  30.1, 1001.6, 0.171, 0.054,   55,   4.1,   3.1
11-Apr-2000 07:00, 0.657,  30.1,  29.9, 1002.1, 0.169, 0.053,   76,   5.1,   2.5
11-Apr-2000 08:00, 0.625,  30.2,  28.1, 1002.9, 0.139, 0.029,  181,   3.2,   1.6
11-Apr-2000 09:00, 0.596,  30.1,  27.1, 1004.3, 0.107, 0.005,  182,   3.0,   1.5
11-Apr-2000 10:00, 0.623,  30.1,  26.8, 1005.4, 0.122, 0.035,  193,   3.3,   1.9
11-Apr-2000 11:00, 0.705,  30.0,  26.5, 1005.7, 0.178, 0.101,  186,   4.1,   2.8
11-Apr-2000 12:00, 0.741,  29.9,  26.2, 1005.9, 0.171, 0.097,  191,   3.9,   1.8
11-Apr-2000 13:00, 0.760,  29.9,  25.8, 1005.7, 0.127, 0.054,  188,   3.8,   2.4
11-Apr-2000 14:00, 0.813,  29.9,  25.3, 1005.5, 0.104, 0.029,  194,   3.8,   1.8
11-Apr-2000 15:00, 0.909,  29.8,  25.2, 1004.9, 0.117, 0.039,  187,   4.3,   3.1
11-Apr-2000 16:00, 1.005,  29.8,  25.1, 1004.4, 0.131, 0.047,  184,   4.5,   3.2
11-Apr-2000 17:00, 1.075,  29.8,  24.9, 1004.5, 0.131, 0.043,  183,   4.6,   3.1
11-Apr-2000 18:00, 1.137,  29.8,  24.5, 1004.5, 0.138, 0.051,  179,   4.9,   3.3
11-Apr-2000 19:00, 1.175,  29.7,  24.7, 1005.1, 0.140, 0.054,  191,   4.9,   3.0
11-Apr-2000 20:00, 1.169,  29.7,  25.0, 1006.1, 0.128, 0.048,  183,   5.1,   3.1
11-Apr-2000 21:00, 1.129,  29.7,  26.8, 1006.6, 0.110, 0.039,  180,   4.8,   2.7
11-Apr-2000 22:00, 1.107,  29.7,  29.1, 1006.7, 0.135, 0.070,   98,   4.1,   2.3
11-Apr-2000 23:00, 1.072,  29.7,  29.6, 1006.1, 0.170, 0.105,  104,   6.9,   3.1
12-Apr-2000 00:00, 1.015,  29.9,  29.7, 1004.9, 0.194, 0.122,   58,   5.9,   4.5
12-Apr-2000 01:00, 0.937,  30.0,  29.3, 1003.2, 0.191, 0.107,   61,   7.6,   6.1
12-Apr-2000 02:00, 0.838,  30.1,  29.3, 1001.8, 0.155, 0.053,   62,   9.0,   5.9
12-Apr-2000 03:00, 0.777,  30.2,  28.6, 1001.5, 0.143, 0.028,  111,   8.7,   4.0
12-Apr-2000 04:00, 0.732,  30.2,  25.5, 1001.4, 0.135, 0.019,  201,   5.2,   2.2
12-Apr-2000 05:00, 0.692,  30.1,  25.8, 1001.4, 0.129, 0.011,  182,   4.8,   2.7
12-Apr-2000 06:00, 0.668,  30.0,  26.2, 1002.7, 0.134, 0.018,  184,   4.4,   2.2
12-Apr-2000 07:00, 0.652,  30.0,  26.2, 1003.6, 0.144, 0.040,  181,   4.3,   2.2
12-Apr-2000 08:00, 0.631,  29.9,  25.9, 1004.5, 0.148, 0.054,  184,   4.5,   3.0
12-Apr-2000 09:00, 0.601,-9999 ,  25.7, 1004.5, 0.137, 0.050,  177,   4.7,   2.3
12-Apr-2000 10:00, 0.585,  29.9,  25.3, 1005.1, 0.122, 0.036,  184,   4.5,   2.5
12-Apr-2000 11:00, 0.620,  29.9,  25.5, 1005.7, 0.136, 0.056,  194,   4.8,   3.4
12-Apr-2000 12:00, 0.693,  29.8,  25.6, 1006.0, 0.166, 0.092,  180,   5.0,   2.7
12-Apr-2000 13:00, 0.766,  29.9,  25.2, 1005.5, 0.173, 0.100,  184,   4.5,   2.5
12-Apr-2000 14:00, 0.826,  29.8,  25.0, 1004.8, 0.147, 0.069,  189,   4.8,   2.5
12-Apr-2000 15:00, 0.921,  29.8,  24.8, 1004.1, 0.150, 0.066,  190,   4.9,   3.0
12-Apr-2000 16:00, 1.000,  29.8,  24.5, 1003.8, 0.146, 0.054,  194,   4.6,   2.6
12-Apr-2000 17:00, 1.061,  29.8,  24.5, 1003.8, 0.140, 0.046,  178,   5.1,   2.9
12-Apr-2000 18:00, 1.112,  29.8,  24.5, 1003.8, 0.143, 0.049,  186,   5.4,   2.6
12-Apr-2000 19:00, 1.149,  29.8,  24.3, 1004.3, 0.151, 0.057,  187,   5.2,   3.4
12-Apr-2000 20:00, 1.156,  29.8,  24.4, 1005.0, 0.153, 0.064,  189,   5.2,   2.6
12-Apr-2000 21:00, 1.110,  29.8,  25.5, 1005.8, 0.126, 0.045,  187,   5.1,   2.4
12-Apr-2000 22:00, 1.075,  29.7,  27.3, 1006.0, 0.128, 0.054,  308,   3.6,   1.6
12-Apr-2000 23:00, 1.039,  29.8,  27.8, 1005.9, 0.139, 0.067,   28,   2.9,   1.4
13-Apr-2000 00:00, 1.002,  29.9,  28.2, 1005.0, 0.157, 0.084,   39,   3.8,   3.0
13-Apr-2000 01:00, 0.975,  30.2,  29.1, 1003.4, 0.187, 0.103,   52,   5.4,   3.9
13-Apr-2000 02:00, 0.937,  30.3,  28.8, 1001.9, 0.197, 0.097,   57,   6.5,   4.4
13-Apr-2000 03:00, 0.889,  30.5,  28.8, 1000.5, 0.185, 0.072,  123,   6.9,   3.8
13-Apr-2000 04:00, 0.845,  30.5,  29.5,  999.3, 0.176, 0.048,  116,   6.0,   2.0
13-Apr-2000 05:00, 0.784,  30.2,  28.8,  999.3, 0.151, 0.012,  117,   4.2,   1.6
13-Apr-2000 06:00, 0.736,  30.0,  28.8,  999.9, 0.140, 0.001,  186,   2.5,   0.6
13-Apr-2000 07:00, 0.691,  30.4,  28.3, 1001.4, 0.133, 0.002,  181,   1.9,   0.7
13-Apr-2000 08:00, 0.655,  30.2,  28.0, 1002.1, 0.138, 0.021,   88,   2.6,   1.4
13-Apr-2000 09:00, 0.606,  30.3,  27.2, 1003.5, 0.130, 0.021,  183,   1.8,   0.9
13-Apr-2000 10:00, 0.568,  30.1,  26.0, 1004.8, 0.116, 0.021,  242,   5.5,   2.4
13-Apr-2000 11:00, 0.575,  30.3,  25.6, 1005.5, 0.116, 0.033,  180,   3.3,   1.8
13-Apr-2000 12:00, 0.625,  30.2,  25.6, 1005.4, 0.126, 0.049,  182,   4.0,   1.8
13-Apr-2000 13:00, 0.715,  30.1,  25.4, 1005.1, 0.151, 0.073,  188,   5.2,   3.4
13-Apr-2000 14:00, 0.811,  30.1,  25.7, 1005.2, 0.163, 0.082,  190,   4.6,   2.1
13-Apr-2000 15:00, 0.899,  30.0,  24.5, 1005.1, 0.153, 0.073,  179,   8.2,   2.6
13-Apr-2000 16:00, 0.992,  30.0,  24.5, 1004.4, 0.157, 0.075,  198,   5.0,   2.1
13-Apr-2000 17:00, 1.047,  29.8,  24.6, 1004.1, 0.147, 0.059,  202,   4.4,   2.7
13-Apr-2000 18:00, 1.085,  29.8,  24.6, 1004.1, 0.146, 0.054,  186,   3.9,   2.8
13-Apr-2000 19:00, 1.105,  29.9,  24.7, 1004.9, 0.147, 0.056,  192,   4.2,   2.7
13-Apr-2000 20:00, 1.094,  29.9,  25.1, 1006.1, 0.134, 0.052,  190,   4.8,   2.6
13-Apr-2000 21:00, 1.068,  29.7,  26.5, 1006.7, 0.129, 0.058,  185,   4.9,   2.6
13-Apr-2000 22:00, 1.026,  29.7,  28.7, 1007.5, 0.121, 0.057,  166,   3.2,   0.9
13-Apr-2000 23:00, 0.991,  29.7,  26.9, 1007.5, 0.123, 0.066,    8,   8.3,   6.1
14-Apr-2000 00:00, 0.966,  29.8,  26.6, 1006.8, 0.130, 0.073,-9999,   9.1,   0.3
14-Apr-2000 01:00, 0.954,  29.8,  27.4, 1005.4, 0.148, 0.083,  320,   2.5,   2.0
14-Apr-2000 02:00, 0.934,  29.9,  28.1, 1004.2, 0.160, 0.080,  329,   2.9,   1.9
14-Apr-2000 03:00, 0.927,  30.0,  29.0, 1002.8, 0.176, 0.084,-9999,   2.4,   1.4
14-Apr-2000 04:00, 0.914,  30.6,  29.1, 1001.6, 0.183, 0.078,    2,   2.3,   0.8
14-Apr-2000 05:00, 0.864,  30.5,  29.3, 1000.9, 0.165, 0.048,-9999,   2.5,   1.0
14-Apr-2000 06:00, 0.809,  30.4,  29.7, 1000.6, 0.149, 0.026,  314,   1.7,   0.7
14-Apr-2000 07:00, 0.752,  30.6,  29.0, 1001.1, 0.134, 0.008,  353,   1.2,   0.4
14-Apr-2000 08:00, 0.703,-9999 ,-9999 ,-9999.0, 0.131, 0.011,-9999,-9999 ,-9999
14-Apr-2000 09:00, 0.638,  30.4,  26.5, 1003.4, 0.117, 0.007,  184,   2.7,   2.2
14-Apr-2000 10:00, 0.598,  30.1,  26.4, 1004.5, 0.121, 0.024,  189,   3.5,   2.2
14-Apr-2000 11:00, 0.596,  30.1,  26.2, 1005.1, 0.133, 0.047,  188,   3.9,   2.5
14-Apr-2000 12:00, 0.629,  30.1,  25.5, 1005.2, 0.140, 0.058,  183,   4.7,   2.6
14-Apr-2000 13:00, 0.693,  30.0,  25.5, 1005.8, 0.141, 0.062,  182,   4.6,   2.9
14-Apr-2000 14:00, 0.770,  30.0,  25.2, 1005.3, 0.138, 0.063,  164,   5.0,   2.2
14-Apr-2000 15:00, 0.878,  30.0,  25.4, 1005.0, 0.154, 0.074,  185,   5.1,   2.9
14-Apr-2000 16:00, 0.994,  30.0,  24.9, 1004.7, 0.175, 0.093,  178,   4.6,   3.0
14-Apr-2000 17:00, 1.052,  29.9,  25.0, 1004.7, 0.166, 0.081,  184,   4.6,   2.3
14-Apr-2000 18:00, 1.062,  29.9,  24.7, 1005.3, 0.145, 0.061,  178,   5.5,   3.1
14-Apr-2000 19:00, 1.057,  29.9,  24.8, 1005.1, 0.134, 0.054,  183,   6.0,   2.9
14-Apr-2000 20:00, 1.037,  29.9,  24.9, 1005.9, 0.122, 0.042,  186,   5.2,   3.1
14-Apr-2000 21:00, 1.024,  29.8,  26.2, 1006.2, 0.132, 0.059,  182,   5.2,   2.3
14-Apr-2000 22:00, 0.989,  29.9,  27.4, 1006.7, 0.133, 0.064,  175,   3.5,   2.4
14-Apr-2000 23:00, 0.962,  29.9,  29.2, 1006.4, 0.143, 0.078,  106,   4.1,   2.5
15-Apr-2000 00:00, 0.960,  29.9,  29.1, 1005.2, 0.164, 0.095,   27,   4.4,   2.2
15-Apr-2000 01:00, 0.962,  30.2,  29.2, 1003.8, 0.174, 0.093,   31,   3.9,   2.8
15-Apr-2000 02:00, 0.962,  30.4,  29.4, 1002.5, 0.180, 0.085,   37,   5.1,   3.9
15-Apr-2000 03:00, 0.947,  30.1,  29.6, 1001.5, 0.175, 0.067,   38,   4.3,   3.6
15-Apr-2000 04:00, 0.963,  30.1,  29.7, 1000.5, 0.196, 0.078,   40,   3.9,   2.1
15-Apr-2000 05:00, 0.957,  30.5,  30.2, 1000.3, 0.207, 0.080,    8,   3.2,   0.9
15-Apr-2000 06:00, 0.884,  30.3,  30.3, 1000.6, 0.168, 0.040,   39,   2.0,   1.4
15-Apr-2000 07:00, 0.805,  30.4,  30.1, 1000.7, 0.131, 0.005,   23,   2.2,   1.0
15-Apr-2000 08:00, 0.744,-9999 ,-9999 ,-9999.0, 0.114,-0.010,-9999,-9999 ,-9999
15-Apr-2000 09:00, 0.699,  30.5,  27.7, 1002.6, 0.119, 0.002,  180,   3.6,   2.2
15-Apr-2000 10:00, 0.649,  30.4,  27.1, 1003.9, 0.119, 0.015,  190,   3.6,   2.4
15-Apr-2000 11:00, 0.635,-9999 ,-9999 ,-9999.0, 0.137, 0.045,-9999,-9999 ,-9999
15-Apr-2000 12:00, 0.663,  30.4,  26.5, 1005.3, 0.158, 0.074,  183,   4.1,   2.2
15-Apr-2000 13:00, 0.707,  30.3,  26.2, 1005.7, 0.150, 0.071,  178,   4.3,   2.6
15-Apr-2000 14:00, 0.767,  30.1,  25.9, 1005.2, 0.130, 0.055,  184,   3.9,   2.2
15-Apr-2000 15:00, 0.851,  30.1,  25.3, 1004.5, 0.130, 0.049,  193,   4.1,   1.8
15-Apr-2000 16:00, 0.961,  30.1,  25.2, 1004.5, 0.151, 0.064,  183,   4.3,   2.8
15-Apr-2000 17:00, 1.052,  30.1,  24.9, 1004.3, 0.171, 0.084,  183,   5.2,   3.3
15-Apr-2000 18:00, 1.083,  30.0,  25.3, 1004.2, 0.175, 0.086,  181,   4.7,   1.7
15-Apr-2000 19:00, 1.045,  30.0,  25.0, 1004.4, 0.144, 0.054,  179,   2.2,   1.1
15-Apr-2000 20:00, 0.985,  30.0,  25.1, 1005.3, 0.108, 0.021,  187,   4.8,   3.2
15-Apr-2000 21:00, 0.966,  29.9,  28.5, 1005.8, 0.121, 0.043,  164,   4.1,   0.8
15-Apr-2000 22:00, 0.928,  30.0,  29.4, 1006.1, 0.124, 0.051,  100,   5.3,   2.4
15-Apr-2000 23:00, 0.882,  30.0,  30.1, 1005.8, 0.117, 0.046,  105,   6.6,   3.5
16-Apr-2000 00:00, 0.869,  30.1,  30.4, 1004.9, 0.130, 0.056,   91,   7.0,   4.0
16-Apr-2000 01:00, 0.890,  30.2,  29.9, 1002.9, 0.152, 0.067,   55,   6.2,   4.8
16-Apr-2000 02:00, 0.907,  30.6,  30.1, 1001.3, 0.152, 0.047,   64,   7.0,   5.2
16-Apr-2000 03:00, 0.892,  30.5,  30.0,  999.7, 0.125, 0.004,   48,   7.0,   5.2
16-Apr-2000 04:00, 0.899,  30.2,  30.3,  999.0, 0.126,-0.010,   63,   7.4,   5.1
16-Apr-2000 05:00, 0.950,  30.5,  29.8,  998.9, 0.174, 0.032,   61,   7.6,   6.2
16-Apr-2000 06:00, 0.971,  30.6,  30.4,  999.6, 0.217, 0.075,   71,   7.0,   4.4
16-Apr-2000 07:00, 0.888,  30.4,  29.9, 1000.2, 0.173, 0.038,  106,   5.6,   3.1
16-Apr-2000 08:00, 0.786,  30.3,-9999 ,-9999.0, 0.111,-0.018,  169,   2.6,   0.6
16-Apr-2000 09:00, 0.728,  30.3,  27.4, 1002.6, 0.095,-0.023,  184,   2.6,   1.6
16-Apr-2000 10:00, 0.686,  30.3,  27.1, 1003.8, 0.098,-0.007,  174,   2.7,   1.9
16-Apr-2000 11:00, 0.672,  30.3,  26.9, 1004.6, 0.120, 0.027,  169,   2.8,   1.2
16-Apr-2000 12:00, 0.700,  30.3,  26.6, 1005.1, 0.154, 0.069,  185,   3.0,   2.3
16-Apr-2000 13:00, 0.767,  30.2,  26.5, 1005.1, 0.186, 0.106,  183,   4.2,   3.0
16-Apr-2000 14:00, 0.837,  30.2,  26.1, 1004.8, 0.181, 0.100,  182,   4.3,   2.7
16-Apr-2000 15:00, 0.908,  29.9,  25.8, 1004.4, 0.169, 0.085,  182,   4.8,   2.2
16-Apr-2000 16:00, 0.978,  29.9,  25.4, 1004.3, 0.162, 0.073,  180,   6.1,   3.4
16-Apr-2000 17:00, 1.051,  29.9,  25.3, 1004.5, 0.165, 0.076,  185,   5.4,   2.9
16-Apr-2000 18:00, 1.124,  29.8,  25.2, 1004.2, 0.207, 0.120,  175,   4.9,   2.8
16-Apr-2000 19:00, 1.092,  29.8,  24.9, 1004.8, 0.193, 0.103,  187,   5.0,   3.0
16-Apr-2000 20:00, 0.975,  29.8,  25.4, 1005.8, 0.120, 0.036,  181,   5.3,   3.2
16-Apr-2000 21:00, 0.897,  29.8,  27.3, 1006.8, 0.091, 0.018,  179,   4.7,   1.3
16-Apr-2000 22:00, 0.872,  29.9,  29.0, 1007.4, 0.116, 0.053,   54,   3.4,   1.4
16-Apr-2000 23:00, 0.823,  30.0,  30.2, 1007.1, 0.115, 0.057,   89,   5.9,   3.9
17-Apr-2000 00:00, 0.799,  30.0,  29.9, 1006.0, 0.122, 0.060,   61,   5.6,   4.9
17-Apr-2000 01:00, 0.837,  30.2,  30.0, 1004.3, 0.165, 0.092,   62,   7.1,   4.8
17-Apr-2000 02:00, 0.878,  30.2,  29.8, 1002.1, 0.181, 0.090,   53,   6.8,   4.6
17-Apr-2000 03:00, 0.885,  30.7,  30.2, 1000.7, 0.153, 0.040,   56,   6.1,   3.9
17-Apr-2000 04:00, 0.877,  30.4,  30.6,  999.5, 0.122,-0.003,   61,   6.7,   4.9
17-Apr-2000 05:00, 0.887,  30.5,  30.2,  998.6, 0.115,-0.023,   67,   7.1,   5.0
17-Apr-2000 06:00, 0.933,  30.6,  30.0,  999.4, 0.162, 0.017,  119,   6.8,   1.6
17-Apr-2000 07:00, 0.946,  30.5,  29.4, 1000.4, 0.204, 0.067,  127,   3.0,   0.9
17-Apr-2000 08:00, 0.882,  30.4,  27.9, 1002.2, 0.179, 0.053,  182,   3.9,   1.9
17-Apr-2000 09:00, 0.791,  30.4,  27.3, 1003.5, 0.123, 0.015,  183,   4.7,   2.8
17-Apr-2000 10:00, 0.739,  30.3,  26.8, 1004.8, 0.104, 0.008,  188,   4.2,   2.7
17-Apr-2000 11:00, 0.708,  30.2,  26.4, 1005.8, 0.104, 0.021,  186,   4.0,   2.5
17-Apr-2000 12:00, 0.723,  30.2,  26.1, 1006.4, 0.128, 0.055,  184,   4.7,   1.5
17-Apr-2000 13:00, 0.787,  30.2,  25.9, 1006.5, 0.167, 0.099,  184,   4.4,   2.8
17-Apr-2000 14:00, 0.871,  30.2,  25.7, 1006.3, 0.188, 0.121,  190,   4.6,   2.9
17-Apr-2000 15:00, 0.963,  30.1,  25.2, 1006.1, 0.196, 0.127,  179,   4.7,   2.6
17-Apr-2000 16:00, 1.007,  30.0,  25.2, 1005.7, 0.165, 0.093,  185,   4.4,   2.5
17-Apr-2000 17:00, 1.054,  29.9,  25.3, 1005.5, 0.151, 0.076,  186,   4.1,   1.9
17-Apr-2000 18:00, 1.130,  29.9,  24.9, 1005.4, 0.194, 0.116,  176,   5.1,   2.7
17-Apr-2000 19:00, 1.137,  29.9,  24.4, 1005.9, 0.220, 0.142,  176,   6.4,   3.1
17-Apr-2000 20:00, 1.011,  29.8,  25.1, 1006.9, 0.153, 0.081,  188,   4.7,   3.0
17-Apr-2000 21:00, 0.885,  29.7,  26.8, 1007.4, 0.099, 0.037,  180,   5.1,   2.5
17-Apr-2000 22:00, 0.821,  29.8,  29.6, 1007.2, 0.103, 0.045,  206,   3.5,   0.7
17-Apr-2000 23:00, 0.777,  29.8,  30.3, 1006.3, 0.120, 0.059,   87,   4.8,   2.6
18-Apr-2000 00:00, 0.752,  30.1,  29.2, 1005.1, 0.136, 0.066,   40,   4.9,   4.0
18-Apr-2000 01:00, 0.762,  30.1,  29.0, 1004.2, 0.160, 0.077,   31,   5.4,   4.1
18-Apr-2000 02:00, 0.805,  30.3,  29.3, 1003.2, 0.182, 0.091,   41,   5.1,   3.6
18-Apr-2000 03:00, 0.834,  30.4,  29.4, 1002.0, 0.163, 0.062,   33,   4.9,   3.4
18-Apr-2000 04:00, 0.839,  30.2,  29.4, 1001.8, 0.125, 0.012,   43,   4.4,   2.3
18-Apr-2000 05:00, 0.834,  30.3,  27.9, 1001.8, 0.090,-0.024,  189,   6.1,   4.0
18-Apr-2000 06:00, 0.864,  30.2,  26.9, 1002.2, 0.102,-0.011,  185,   5.9,   3.3
18-Apr-2000 07:00, 0.925,  30.2,  27.6, 1002.8, 0.173, 0.064,  180,   5.1,   2.7
18-Apr-2000 08:00, 0.896,  30.0,  27.3, 1004.2, 0.177, 0.075,  192,   4.4,   2.2
18-Apr-2000 09:00, 0.806,  29.9,  26.4, 1005.4, 0.119, 0.031,  175,   3.9,   1.7
18-Apr-2000 10:00, 0.754,  30.0,  26.3, 1006.2, 0.092, 0.015,  196,   3.8,   2.3
18-Apr-2000 11:00, 0.730,  29.9,  26.0, 1007.0, 0.085, 0.016,  190,   3.9,   2.4
18-Apr-2000 12:00, 0.735,  30.1,  25.9, 1007.2, 0.096, 0.035,  188,   4.6,   2.7
18-Apr-2000 13:00, 0.780,  30.1,  25.6, 1006.7, 0.118, 0.057,  198,   4.5,   2.4
18-Apr-2000 14:00, 0.874,  30.1,  25.5, 1006.4, 0.158, 0.093,  186,   3.6,   1.9
18-Apr-2000 15:00, 0.968,  30.0,  25.1, 1005.4, 0.171, 0.102,  193,   3.9,   2.9
18-Apr-2000 16:00, 1.032,  30.0,  24.8, 1004.9, 0.157, 0.078,  196,   4.4,   2.4
18-Apr-2000 17:00, 1.056,  29.9,  24.9, 1005.0, 0.125, 0.042,  187,   4.7,   3.3
18-Apr-2000 18:00, 1.101,  29.9,  25.0, 1005.3, 0.139, 0.057,  191,   4.8,   2.6
18-Apr-2000 19:00, 1.136,  29.9,  24.7, 1006.1, 0.188, 0.110,  194,   3.9,   1.9
18-Apr-2000 20:00, 1.067,  29.8,  24.8, 1006.7, 0.185, 0.114,  183,   3.7,   1.5
18-Apr-2000 21:00, 0.912,  29.8,  25.1, 1007.9, 0.123, 0.060,  171,   3.9,   2.4
18-Apr-2000 22:00, 0.763,  29.8,  27.8, 1008.0, 0.065, 0.012,   26,   3.4,   1.9
18-Apr-2000 23:00, 0.690,  29.8,  27.8, 1007.9, 0.069, 0.017,-9999,   3.4,   3.0
19-Apr-2000 00:00, 0.666,  29.8,  28.2, 1006.7, 0.102, 0.047,   40,   4.9,   3.8
19-Apr-2000 01:00, 0.655,  30.0,  28.1, 1005.4, 0.117, 0.051,   22,   4.4,   2.4
19-Apr-2000 02:00, 0.687,  30.2,  28.2, 1003.8, 0.138, 0.058,-9999,   2.9,   1.4
19-Apr-2000 03:00, 0.749,  30.5,  28.0, 1002.6, 0.155, 0.060,  354,   4.8,   3.0
19-Apr-2000 04:00, 0.801,  30.6,  28.5, 1001.7, 0.147, 0.040,-9999,   4.1,   2.1
19-Apr-2000 05:00, 0.801,  30.6,  28.8, 1001.2, 0.102,-0.014,  299,   4.1,   3.6
19-Apr-2000 06:00, 0.817,  30.6,  28.9, 1001.7, 0.086,-0.033,  308,   4.4,   2.6
19-Apr-2000 07:00, 0.870,  30.5,  28.6, 1002.6, 0.127, 0.014,  333,   4.3,   3.0
19-Apr-2000 08:00, 0.902,  30.6,  28.6, 1003.3, 0.177, 0.072,  263,   3.0,   0.1
19-Apr-2000 09:00, 0.859,  30.4,  27.1, 1004.7, 0.164, 0.067,  181,   2.9,   1.7
19-Apr-2000 10:00, 0.782,  30.4,  27.0, 1005.6, 0.111, 0.027,  179,   3.3,   1.8
19-Apr-2000 11:00, 0.751,  30.3,  26.8, 1006.3, 0.087, 0.012,  179,   3.8,   1.6
19-Apr-2000 12:00, 0.769,  30.2,  26.8, 1006.7, 0.100, 0.032,  198,   3.1,   1.5
19-Apr-2000 13:00, 0.811,  30.2,  26.1, 1006.4, 0.117, 0.051,  141,   3.2,   2.2
19-Apr-2000 14:00, 0.894,  30.1,  25.6, 1006.3, 0.148, 0.080,  198,   4.3,   2.6
19-Apr-2000 15:00, 0.997,  30.1,  25.6, 1005.7, 0.176, 0.106,  188,   4.4,   3.1
19-Apr-2000 16:00, 1.080,  30.0,  25.4, 1005.4, 0.176, 0.100,  186,   4.2,   2.8
19-Apr-2000 17:00, 1.110,  29.9,  25.2, 1005.5, 0.146, 0.068,  196,   4.2,   2.7
19-Apr-2000 18:00, 1.099,  29.8,  25.0, 1005.8, 0.108, 0.031,  200,   4.5,   2.3
19-Apr-2000 19:00, 1.130,  29.7,  25.0, 1006.1, 0.149, 0.076,  181,   4.1,   1.9
19-Apr-2000 20:00, 1.099,  29.7,  25.4, 1006.4, 0.181, 0.110,  182,   4.3,   2.7
19-Apr-2000 21:00, 0.960,  29.7,  27.1, 1007.3, 0.145, 0.078,  179,   4.1,   2.4
19-Apr-2000 22:00, 0.784,  29.7,  28.9, 1007.5, 0.082, 0.023,   69,   3.4,   2.8
19-Apr-2000 23:00, 0.662,  29.8,  29.7, 1007.1, 0.059, 0.002,   88,   4.6,   2.3
20-Apr-2000 00:00, 0.617,  29.8,  29.3, 1006.1, 0.088, 0.026,   45,   4.7,   3.8
20-Apr-2000 01:00, 0.606,  30.1,  29.1, 1004.6, 0.120, 0.047,   39,   5.7,   5.3
20-Apr-2000 02:00, 0.631,  30.2,  29.3, 1003.6, 0.147, 0.060,   48,   5.7,   4.4
20-Apr-2000 03:00, 0.686,  30.3,  28.5, 1002.8, 0.166, 0.069,    9,   5.6,   2.6
20-Apr-2000 04:00, 0.748,  30.4,  29.0, 1002.0, 0.164, 0.060,   27,   2.9,   1.7
20-Apr-2000 05:00, 0.791,  30.2,  29.3, 1001.1, 0.145, 0.032,   36,   3.3,   2.8
20-Apr-2000 06:00, 0.799,  30.2,  29.8, 1001.3, 0.111,-0.010,    1,   2.8,   0.9
20-Apr-2000 07:00, 0.858,  30.1,  29.4, 1001.5, 0.143, 0.024,   29,   2.9,   2.1
20-Apr-2000 08:00, 0.910,  30.4,  29.4, 1002.4, 0.195, 0.079,   96,   4.1,   1.7
20-Apr-2000 09:00, 0.872,  30.3,  27.9, 1003.4, 0.177, 0.069,  191,   2.8,   1.1
20-Apr-2000 10:00, 0.789,  30.2,  26.9, 1004.3, 0.115, 0.018,  186,   2.7,   1.9
20-Apr-2000 11:00, 0.766,  30.2,  26.6, 1005.4, 0.101, 0.013,  196,   2.8,   1.9
20-Apr-2000 12:00, 0.805,  30.2,  26.6, 1005.6, 0.126, 0.048,  188,   4.0,   1.9
20-Apr-2000 13:00, 0.854,  30.1,  26.4, 1005.7, 0.142, 0.067,  178,   3.5,   1.6
20-Apr-2000 14:00, 0.921,  30.1,  26.0, 1005.4, 0.155, 0.080,  187,   3.3,   2.6
20-Apr-2000 15:00, 1.020,  30.1,  25.8, 1005.0, 0.181, 0.103,  179,   4.3,   2.8
20-Apr-2000 16:00, 1.103,  30.1,  25.4, 1004.7, 0.181, 0.099,  180,   4.2,   2.2
20-Apr-2000 17:00, 1.143,  30.1,  25.4, 1004.5, 0.153, 0.068,  184,   4.5,   2.3
20-Apr-2000 18:00, 1.148,  30.1,  25.3, 1004.6, 0.129, 0.042,  188,   4.5,   2.7
20-Apr-2000 19:00, 1.165,  30.0,  25.1, 1005.2, 0.155, 0.069,  178,   4.4,   2.4
20-Apr-2000 20:00, 1.148,  30.0,  25.6, 1006.1, 0.193, 0.114,  187,   5.1,   3.3
20-Apr-2000 21:00, 1.023,  29.9,  27.4, 1006.6, 0.170, 0.100,  190,   4.9,   2.2
20-Apr-2000 22:00, 0.841,  29.9,  30.1, 1006.8, 0.112, 0.046,  116,   3.4,   1.5
20-Apr-2000 23:00, 0.677,  29.7,  30.7, 1006.8, 0.069, 0.005,   91,   6.0,   2.2
21-Apr-2000 00:00, 0.615,  29.8,  30.9, 1005.4, 0.100, 0.035,   86,   6.2,   2.9
21-Apr-2000 01:00, 0.585,  30.0,  29.5, 1003.8, 0.128, 0.049,   71,   7.8,   3.8
21-Apr-2000 02:00, 0.564,  30.0,  29.9, 1002.2, 0.127, 0.031,   82,   6.3,   2.3
21-Apr-2000 03:00, 0.603,  30.2,  30.3, 1001.0, 0.143, 0.032,   59,   6.4,   5.0
21-Apr-2000 04:00, 0.671,  30.5,  30.2,  999.6, 0.154, 0.031,   50,   6.2,   4.7
21-Apr-2000 05:00, 0.724,  30.5,  30.0,  998.9, 0.137, 0.000,   69,   7.4,   4.4
21-Apr-2000 06:00, 0.756,  30.4,  29.6,  999.8, 0.114,-0.029,   64,   6.6,   4.4
21-Apr-2000 07:00, 0.806,  30.4,  28.3, 1001.8, 0.128,-0.003,   70,   9.1,   3.8
21-Apr-2000 08:00, 0.866,  30.4,  27.1, 1003.0, 0.174, 0.061,  132,   7.0,   3.5
21-Apr-2000 09:00, 0.836,  30.3,  27.7, 1004.5, 0.151, 0.051,  146,   3.8,-9999
21-Apr-2000 10:00, 0.755,  30.1,  27.5, 1005.5, 0.086, 0.000,  122,   4.8,   2.6
21-Apr-2000 11:00, 0.733,  29.9,  26.4, 1006.2, 0.072,-0.005,  175,   4.4,   1.1
21-Apr-2000 12:00, 0.781,  30.0,  27.2, 1006.5, 0.107, 0.037,  153,   3.3,   2.0
21-Apr-2000 13:00, 0.848,  30.0,  26.1, 1006.1, 0.136, 0.069,  181,   3.3,   1.5
21-Apr-2000 14:00, 0.892,  29.9,  25.9, 1006.1, 0.121, 0.050,  179,   3.5,   1.0
21-Apr-2000 15:00, 0.980,  29.9,  26.2, 1005.3, 0.135, 0.062,  192,   3.2,   2.4
21-Apr-2000 16:00, 1.072,  30.0,  25.8, 1005.0, 0.146, 0.067,  181,   4.5,   2.9
21-Apr-2000 17:00, 1.127,  29.9,  25.5, 1004.8, 0.128, 0.046,  180,   5.1,   2.3
21-Apr-2000 18:00, 1.141,  30.0,  25.3, 1005.0, 0.102, 0.019,  180,   5.0,   2.2
21-Apr-2000 19:00, 1.150,  29.9,  24.9, 1005.5, 0.116, 0.034,  180,   5.3,   3.0
21-Apr-2000 20:00, 1.138,  29.9,  25.1, 1006.8, 0.153, 0.077,  185,   4.4,   2.7
21-Apr-2000 21:00, 1.059,  29.9,  25.4, 1007.4, 0.168, 0.104,  185,   4.2,   2.7
21-Apr-2000 22:00, 0.899,  29.8,  27.6, 1007.8, 0.132, 0.075,  159,   5.1,   2.4
21-Apr-2000 23:00, 0.731,  29.8,  29.6, 1007.4, 0.093, 0.039,  113,   5.8,   2.5
22-Apr-2000 00:00, 0.615,  29.9,  30.1, 1006.9, 0.089, 0.031,  123,   8.3,   5.8
22-Apr-2000 01:00, 0.577,  30.0,  29.4, 1005.9, 0.128, 0.064,  108,   7.8,   5.8
22-Apr-2000 02:00, 0.540,  30.0,  29.7, 1004.5, 0.126, 0.051,   93,   9.4,   6.4
22-Apr-2000 03:00, 0.534,  30.0,  27.6, 1003.9, 0.113, 0.025,  108,  13.2,   2.4
22-Apr-2000 04:00, 0.597,  30.0,  27.4, 1003.9, 0.132, 0.039,  130,   6.1,   2.9
22-Apr-2000 05:00, 0.668,  30.0,  27.6, 1003.7, 0.135, 0.042,  103,   5.6,   2.0
22-Apr-2000 06:00, 0.706,  30.0,  28.0, 1004.1, 0.110, 0.015,   49,   3.0,   2.6
22-Apr-2000 07:00, 0.721,  29.9,  26.5, 1004.8, 0.081,-0.009,   79,   7.0,   0.7
22-Apr-2000 08:00, 0.796,  29.9,  25.8, 1005.3, 0.134, 0.050,  217,   1.9,   0.8
22-Apr-2000 09:00, 0.839,  29.9,  25.6, 1006.4, 0.174, 0.096,  211,   2.3,   1.0
22-Apr-2000 10:00, 0.803,  29.9,  25.1, 1006.9, 0.146, 0.079,  184,   2.7,   2.1
22-Apr-2000 11:00, 0.754,  29.9,  25.0, 1007.4, 0.101, 0.039,  184,   3.3,   1.9
22-Apr-2000 12:00, 0.736,  29.8,  24.9, 1007.6, 0.072, 0.014,  185,   4.0,   2.3
22-Apr-2000 13:00, 0.779,  29.6,  25.1, 1007.8, 0.078, 0.022,  192,   4.5,   2.6
22-Apr-2000 14:00, 0.860,  29.6,  24.9, 1007.5, 0.098, 0.044,  195,   5.1,   2.6
22-Apr-2000 15:00, 0.960,  29.7,  24.7, 1006.6, 0.121, 0.063,  189,   4.1,   2.3
22-Apr-2000 16:00, 1.064,  29.7,  24.7, 1006.1, 0.144, 0.077,  193,   4.1,   2.4
22-Apr-2000 17:00, 1.129,  29.7,  24.3, 1006.0, 0.135, 0.064,  187,   3.9,   2.8
22-Apr-2000 18:00, 1.166,  29.7,  24.6, 1006.4, 0.124, 0.052,  189,   4.1,   2.4
22-Apr-2000 19:00, 1.153,  29.7,  24.2, 1006.7, 0.105, 0.037,  194,   3.7,   2.6
22-Apr-2000 20:00, 1.120,  29.7,  24.6, 1007.0, 0.112, 0.047,  183,   4.2,   3.2
22-Apr-2000 21:00, 1.092,  29.6,  26.7, 1007.7, 0.168, 0.107,  169,   4.0,   2.2
22-Apr-2000 22:00, 0.977,  29.7,  28.4, 1008.5, 0.170, 0.116,-9999,   2.1,   1.4
22-Apr-2000 23:00, 0.798,  29.8,  28.4, 1008.2, 0.118, 0.071,-9999,   2.5,   1.6
23-Apr-2000 00:00, 0.644,  29.7,  29.2, 1007.3, 0.084, 0.033,   31,   4.0,   3.3
23-Apr-2000 01:00, 0.565,  30.1,  29.1, 1006.1, 0.095, 0.035,   25,   4.7,   3.4
23-Apr-2000 02:00, 0.544,  30.2,  29.4, 1004.6, 0.127, 0.055,   31,   4.8,   4.2
23-Apr-2000 03:00, 0.546,  30.2,  29.6, 1003.3, 0.141, 0.054,   39,   4.5,   3.1
23-Apr-2000 04:00, 0.583,  30.2,  29.9, 1002.3, 0.149, 0.049,   58,   5.0,   4.3
23-Apr-2000 05:00, 0.637,  30.3,  28.8, 1002.5, 0.148, 0.040,   64,   6.9,   4.0
23-Apr-2000 06:00, 0.677,  30.3,  26.9, 1002.9, 0.124, 0.017,   22,  10.2,   7.3
23-Apr-2000 07:00, 0.700,  30.3,  27.0, 1004.4, 0.096,-0.005,  293,   7.6,   1.6
23-Apr-2000 08:00, 0.714,  30.2,  26.2, 1005.3, 0.083,-0.004,  188,   3.2,   1.9
23-Apr-2000 09:00, 0.771,  30.2,  25.9, 1006.1, 0.129, 0.050,  195,   2.5,   1.4
23-Apr-2000 10:00, 0.779,  30.2,  25.5, 1007.3, 0.140, 0.070,  179,   2.9,   2.0
23-Apr-2000 11:00, 0.756,  30.1,  25.2, 1007.5, 0.116, 0.057,  193,   4.3,   2.2
23-Apr-2000 12:00, 0.742,  30.1,  25.0, 1007.6, 0.089, 0.032,  184,   4.2,   2.4
23-Apr-2000 13:00, 0.775,  30.1,  24.8, 1007.6, 0.088, 0.032,  176,   4.8,   2.5
23-Apr-2000 14:00, 0.849,  29.9,  24.3, 1007.4, 0.102, 0.046,  184,   4.6,   2.0
23-Apr-2000 15:00, 0.942,  29.9,  24.3, 1006.7, 0.120, 0.061,  170,   4.9,   3.7
23-Apr-2000 16:00, 1.046,  29.8,  24.4, 1006.0, 0.142, 0.077,  184,   4.1,   2.2
23-Apr-2000 17:00, 1.132,  29.9,  24.7, 1005.2, 0.155, 0.082,  177,   4.4,   2.3
23-Apr-2000 18:00, 1.174,  29.8,  24.1, 1005.3, 0.143, 0.062,  181,   4.3,   1.8
23-Apr-2000 19:00, 1.172,  29.8,  24.3, 1006.4, 0.125, 0.047,  179,   4.4,   1.7
23-Apr-2000 20:00, 1.124,  29.8,  24.5, 1006.8, 0.105, 0.037,  194,   3.3,   1.9
23-Apr-2000 21:00, 1.088,  29.7,  25.4, 1007.6, 0.139, 0.076,  206,   3.2,   1.7
23-Apr-2000 22:00, 1.024,  29.7,  26.7, 1007.8, 0.180, 0.124,-9999,   2.9,   0.0
23-Apr-2000 23:00, 0.881,  29.7,  27.2, 1007.1, 0.156, 0.101,-9999,   2.2,   1.0
24-Apr-2000 00:00, 0.717,  29.8,  27.6, 1006.2, 0.108, 0.046,-9999,   2.6,   2.1
24-Apr-2000 01:00, 0.621,  29.9,  27.8, 1004.5, 0.109, 0.037,  335,   2.4,   1.4
24-Apr-2000 02:00, 0.574,  30.0,  28.0, 1003.1, 0.126, 0.038,-9999,   2.3,   1.2
24-Apr-2000 03:00, 0.568,  30.1,  28.4, 1002.0, 0.151, 0.049,   23,   2.6,   1.9
24-Apr-2000 04:00, 0.589,  30.3,  29.2, 1000.9, 0.165, 0.052,   38,   4.3,   3.2
24-Apr-2000 05:00, 0.637,-9999 ,-9999 ,-9999.0, 0.174, 0.051,-9999,-9999 ,-9999
24-Apr-2000 06:00, 0.685,  30.0,  27.5, 1000.9, 0.168, 0.041,  186,   4.7,   2.5
24-Apr-2000 07:00, 0.705,  29.9,  26.5, 1001.9, 0.136, 0.014,  185,   4.0,   2.7
24-Apr-2000 08:00, 0.713,  29.8,  26.1, 1002.8, 0.112, 0.000,  184,   4.5,   3.2
24-Apr-2000 09:00, 0.752,  29.9,  26.0, 1004.0, 0.136, 0.033,  185,   4.8,   3.4
24-Apr-2000 10:00, 0.774,  29.8,  25.8, 1005.0, 0.153, 0.063,  186,   4.4,   2.6
24-Apr-2000 11:00, 0.777,  29.8,  25.6, 1005.3, 0.151, 0.070,  190,   4.6,   2.8
24-Apr-2000 12:00, 0.765,  29.8,  25.2, 1005.5, 0.123, 0.044,  184,   4.1,   2.2
24-Apr-2000 13:00, 0.773,  29.8,  25.0, 1005.2, 0.096, 0.019,  197,   4.6,   3.1
24-Apr-2000 14:00, 0.840,  29.7,  24.9, 1004.7, 0.108, 0.027,  192,   4.4,   2.7
24-Apr-2000 15:00, 0.934,  29.7,  24.9, 1004.1, 0.131, 0.045,  187,   4.8,   3.2
24-Apr-2000 16:00, 1.027,  29.7,  24.6, 1003.6, 0.147, 0.055,  184,   5.2,   3.3
24-Apr-2000 17:00, 1.101,  29.7,  24.6, 1003.6, 0.149, 0.053,  188,   5.0,   2.7
24-Apr-2000 18:00, 1.164,  29.6,  24.6, 1003.6, 0.158, 0.061,  196,   5.1,   3.2
24-Apr-2000 19:00, 1.172,  29.6,  24.4, 1004.5, 0.142, 0.047,  185,   5.3,   3.3
24-Apr-2000 20:00, 1.128,  29.6,  24.5, 1005.3, 0.113, 0.027,  190,   4.9,   2.2
24-Apr-2000 21:00, 1.086,  29.6,  24.8, 1005.6, 0.126, 0.047,  188,   4.7,   3.4
24-Apr-2000 22:00, 1.048,  29.6,  27.6, 1006.5, 0.173, 0.099,  189,   4.4,   1.3
24-Apr-2000 23:00, 0.950,  29.6,  28.6, 1006.2, 0.181, 0.114,-9999,   2.2,   1.6
25-Apr-2000 00:00, 0.826,  29.8,  28.8, 1004.7, 0.161, 0.090,-9999,   3.0,   1.7
25-Apr-2000 01:00, 0.718,  29.9,  29.2, 1003.2, 0.147, 0.060,-9999,   4.3,   1.1
25-Apr-2000 02:00, 0.652,  30.0,  28.6, 1001.8, 0.151, 0.050,   36,   5.4,   2.9
25-Apr-2000 03:00, 0.612,  30.2,  28.7, 1000.6, 0.155, 0.040,   22,   5.4,   3.5
25-Apr-2000 04:00, 0.601,  30.4,  28.3, 1000.0, 0.160, 0.033,   15,   5.2,   4.3
25-Apr-2000 05:00, 0.614,  30.4,  25.3, 1001.2, 0.158, 0.027,  183,   7.4,   3.2
25-Apr-2000 06:00, 0.633,  30.3,  24.1, 1002.4, 0.140, 0.021,  139,   7.2,   2.9
25-Apr-2000 07:00, 0.659,  30.0,  24.0, 1003.1, 0.121, 0.015,  189,   3.1,   1.3
25-Apr-2000 08:00, 0.673,  30.2,-9999 , 1003.6, 0.101, 0.001,-9999,   2.6,   0.0
25-Apr-2000 09:00, 0.682,  29.9,  24.1, 1004.6, 0.092,-0.003,  176,   2.2,   1.4
25-Apr-2000 10:00, 0.714,  29.9,  24.1, 1005.3, 0.114, 0.029,  179,   3.4,   1.2
25-Apr-2000 11:00, 0.746,  29.8,  24.3, 1005.2, 0.136, 0.057,  199,   3.2,   2.2
25-Apr-2000 12:00, 0.757,  29.8,  24.4, 1005.3, 0.126, 0.046,  202,   3.4,   1.6
25-Apr-2000 13:00, 0.777,  29.8,  24.3, 1005.5, 0.109, 0.030,  199,   3.8,   2.7
25-Apr-2000 14:00, 0.816,  29.7,  24.4, 1004.8, 0.094, 0.016,  186,   3.7,   2.1
25-Apr-2000 15:00, 0.901,  29.7,  24.5, 1004.4, 0.111, 0.026,  189,   4.4,   2.9
25-Apr-2000 16:00, 0.976,  29.7,  24.4, 1004.2, 0.116, 0.028,  181,   3.8,   2.2
25-Apr-2000 17:00, 1.053,  29.7,  24.2, 1004.1, 0.130, 0.039,  178,   3.8,   2.4
25-Apr-2000 18:00, 1.108,  29.7,  24.5, 1004.7, 0.133, 0.043,  182,   4.1,   2.2
25-Apr-2000 19:00, 1.121,  29.6,  24.4, 1005.1, 0.119, 0.034,  189,   3.7,   1.9
25-Apr-2000 20:00, 1.091,  29.6,  25.3, 1006.5, 0.094, 0.015,   88,   5.6,   3.2
25-Apr-2000 21:00, 1.042,  29.6,  24.1, 1006.9, 0.085, 0.019,  153,   5.9,   2.4
25-Apr-2000 22:00, 0.990,  29.6,  24.9, 1007.0, 0.100, 0.038,  132,   3.5,   1.6
25-Apr-2000 23:00, 0.939,  29.6,  26.0, 1006.6, 0.133, 0.070,  272,   1.9,   0.3
26-Apr-2000 00:00, 0.865,  29.6,  26.5, 1006.0, 0.147, 0.081,  323,   1.6,   1.3
26-Apr-2000 01:00, 0.777,  29.5,  26.6, 1004.7, 0.141, 0.068,  307,   2.0,   0.7
26-Apr-2000 02:00, 0.707,  29.5,  26.8, 1003.7, 0.140, 0.054,  306,   1.7,   1.3
26-Apr-2000 03:00, 0.639,  29.5,  27.1, 1002.7, 0.121, 0.025,  317,   1.4,   1.2
26-Apr-2000 04:00, 0.603,  29.5,  27.4, 1002.1, 0.117, 0.011,-9999,   2.0,   1.5
26-Apr-2000 05:00, 0.601,  29.6,  27.2, 1002.0, 0.126, 0.015,-9999,   3.0,   2.0
26-Apr-2000 06:00, 0.619,  29.6,  27.6, 1002.4, 0.132, 0.020,  103,   2.8,   1.0
26-Apr-2000 07:00, 0.627,  29.6,  27.7, 1003.0, 0.113, 0.006,   66,   1.7,   0.0
26-Apr-2000 08:00, 0.646,  29.6,  26.7, 1003.4, 0.104, 0.002,  163,   2.0,   1.5
26-Apr-2000 09:00, 0.654,  29.6,  26.1, 1004.2, 0.091,-0.006,-9999,-9999 ,-9999
26-Apr-2000 10:00, 0.669,  29.6,  25.8, 1004.7, 0.091, 0.002,  140,   2.5,   0.6
26-Apr-2000 11:00, 0.719,  29.6,  25.9, 1005.0, 0.124, 0.039,  186,   3.3,   2.0
26-Apr-2000 12:00, 0.756,  29.6,  25.7, 1005.3, 0.135, 0.053,  170,   3.0,   0.7
26-Apr-2000 13:00, 0.801,  29.6,  25.5, 1005.2, 0.139, 0.060,  175,   2.4,   1.4
26-Apr-2000 14:00, 0.843,  29.6,  25.4, 1004.9, 0.125, 0.045,  123,   5.5,   3.0
26-Apr-2000 15:00, 0.915,  29.6,  25.1, 1004.4, 0.130, 0.047,  177,   3.3,   1.0
26-Apr-2000 16:00, 0.969,  29.5,  24.6, 1004.0, 0.120, 0.032,  156,   5.2,   2.2
26-Apr-2000 17:00, 1.019,  29.5,  24.5, 1004.2, 0.118, 0.026,   84,   3.7,   0.7
26-Apr-2000 18:00, 1.066,  29.4,  24.2, 1004.6, 0.123, 0.033,  146,   4.0,   3.0
26-Apr-2000 19:00, 1.067,  29.5,  24.4, 1005.5, 0.100, 0.016,  106,   4.5,   2.8
26-Apr-2000 20:00, 1.047,  29.7,  24.2, 1006.0, 0.081, 0.005,  151,   3.6,   1.4
26-Apr-2000 21:00, 1.008,  29.7,  24.1, 1007.1, 0.070,-0.001,  147,   4.2,   1.1
26-Apr-2000 22:00, 0.964,  29.6,  24.3, 1007.5, 0.075, 0.014,  197,   3.7,   1.5
26-Apr-2000 23:00, 0.909,  29.7,  24.2, 1008.0, 0.083, 0.027,  200,   3.1,   0.5
27-Apr-2000 00:00, 0.858,  29.6,  24.1, 1007.3, 0.099, 0.046,  176,   2.3,   1.4
27-Apr-2000 01:00, 0.810,  29.7,  24.9, 1006.6, 0.115, 0.055,  236,   1.9,   0.3
27-Apr-2000 02:00, 0.755,  29.6,  24.4, 1005.6, 0.118, 0.051,  198,   4.5,   2.2
27-Apr-2000 03:00, 0.709,  29.6,  25.0, 1004.1, 0.119, 0.042,  176,   3.8,   2.5
27-Apr-2000 04:00, 0.674,  29.6,  26.0, 1002.9, 0.125, 0.033,  175,   3.8,   2.1
27-Apr-2000 05:00, 0.643,  29.7,  26.1, 1002.5, 0.125, 0.021,  178,   3.4,   2.2
27-Apr-2000 06:00, 0.632,  29.7,  26.0, 1002.9, 0.128, 0.021,  188,   3.3,   1.7
27-Apr-2000 07:00, 0.618,  29.7,  25.4, 1003.5, 0.111, 0.009,  198,   3.6,   1.4
27-Apr-2000 08:00, 0.628,  29.7,  24.7, 1004.0, 0.108, 0.012,  189,   3.5,   2.6
27-Apr-2000 09:00, 0.637,  29.7,  24.7, 1004.8, 0.101, 0.010,  187,   4.2,   2.9
27-Apr-2000 10:00, 0.633,  29.6,  24.6, 1005.2, 0.078,-0.005,  191,   4.1,   2.3
27-Apr-2000 11:00, 0.679,  29.5,  24.6, 1005.1, 0.099, 0.019,  181,   4.0,   2.3
27-Apr-2000 12:00, 0.724,  29.6,  24.4, 1004.8, 0.111, 0.030,  186,   4.0,   2.4
27-Apr-2000 13:00, 0.773,  29.6,  24.6, 1004.4, 0.113, 0.029,  192,   4.3,   2.1
27-Apr-2000 14:00, 0.842,  29.6,  24.4, 1004.0, 0.124, 0.036,  188,   3.9,   2.1
27-Apr-2000 15:00, 0.904,  29.5,  24.3, 1003.7, 0.119, 0.027,  180,   4.6,   2.7
27-Apr-2000 16:00, 0.942,  29.5,  24.6, 1003.5, 0.097, 0.001,  187,   4.9,   3.2
27-Apr-2000 17:00, 0.979,  29.5,  24.5, 1003.4, 0.088,-0.009,  187,   4.9,   2.6
27-Apr-2000 18:00, 1.026,  29.5,  24.7, 1003.4, 0.107, 0.008,  190,   5.0,   2.6
27-Apr-2000 19:00, 1.036,  29.5,  25.5, 1004.9, 0.103, 0.007,   71,   7.3,   2.3
27-Apr-2000 20:00, 1.023,  29.5,  24.1, 1004.9, 0.094, 0.011,  184,   4.8,   3.2
27-Apr-2000 21:00, 0.996,  29.5,  25.4, 1005.4, 0.091, 0.008,  184,   5.1,   2.7
27-Apr-2000 22:00, 0.969,  29.5,  27.0, 1005.8, 0.101, 0.023,  188,   4.3,   3.1
27-Apr-2000 23:00, 0.933,  29.6,  28.9, 1005.6, 0.108, 0.034,   88,   3.1,   0.4
28-Apr-2000 00:00, 0.892,  29.6,  28.8, 1004.8, 0.111, 0.035,   56,   2.4,   1.2
28-Apr-2000 01:00, 0.868,  29.7,  28.9, 1003.2, 0.130, 0.045,    3,   2.2,   1.6
28-Apr-2000 02:00, 0.824,  29.7,  29.4, 1002.2, 0.126, 0.025,-9999,   2.1,   0.5
28-Apr-2000 03:00, 0.774,  29.8,  26.5, 1000.9, 0.114, 0.002,  274,   7.4,   4.3
28-Apr-2000 04:00, 0.747,  29.8,  28.2, 1000.3, 0.126, 0.002,  249,   3.5,   0.8
28-Apr-2000 05:00, 0.726,  29.9,  29.0,  999.9, 0.146, 0.017,  340,   2.3,   0.8
28-Apr-2000 06:00, 0.682,  29.9,  29.0, 1000.1, 0.137, 0.004,  186,   1.3,   1.0
28-Apr-2000 07:00, 0.650,  29.9,  27.7, 1000.7, 0.127,-0.003,  189,   2.9,   1.5
28-Apr-2000 08:00, 0.639,  29.9,  26.5, 1001.3, 0.124, 0.000,  188,   2.8,   2.2
28-Apr-2000 09:00, 0.629,  29.8,  26.2,-9999.0, 0.112,-0.006,  175,   4.0,   2.3
28-Apr-2000 10:00, 0.640,  29.8,  26.2, 1003.2, 0.108, 0.001,  187,   3.2,   2.2
28-Apr-2000 11:00, 0.677,  29.8,  25.9, 1003.4, 0.115, 0.016,  189,   3.1,   2.2
28-Apr-2000 12:00, 0.737,  29.7,  25.6, 1003.6, 0.133, 0.035,  193,   3.5,   2.7
28-Apr-2000 13:00, 0.795,  29.7,  25.4, 1003.3, 0.136, 0.040,  184,   3.2,   1.9
28-Apr-2000 14:00, 0.874,  29.7,  25.5, 1002.8, 0.153, 0.054,  191,   3.1,   1.9
28-Apr-2000 15:00, 0.946,  29.7,  25.4, 1002.2, 0.156, 0.051,  188,   3.8,   2.6
28-Apr-2000 16:00, 0.984,  29.7,  24.6, 1002.1, 0.133, 0.024,  199,   4.3,   1.2
28-Apr-2000 17:00, 1.023,  29.7,  24.2, 1001.7, 0.132, 0.021,  187,   3.1,   1.9
28-Apr-2000 18:00, 1.050,  29.7,  24.7, 1002.0, 0.143, 0.029,  195,   3.7,   2.1
28-Apr-2000 19:00, 1.061,  29.7,  25.0, 1002.5, 0.155, 0.043,  185,   3.5,   2.4
28-Apr-2000 20:00, 1.025,  29.7,  25.1, 1003.6, 0.132, 0.026,  166,   3.1,   1.4
28-Apr-2000 21:00, 0.988,  29.6,  25.7, 1004.5, 0.123, 0.028,  188,   2.5,   1.6
28-Apr-2000 22:00, 0.958,  29.6,  27.8, 1004.5, 0.126, 0.040,  185,   2.6,   1.2
28-Apr-2000 23:00, 0.929,  29.6,  28.7, 1004.2, 0.130, 0.043,-9999,   1.9,   0.3
29-Apr-2000 00:00, 0.914,  29.6,  27.2, 1003.1, 0.140, 0.049,   70,   4.6,   3.1
29-Apr-2000 01:00, 0.894,  29.6,  27.8, 1002.1, 0.140, 0.038,   16,   3.0,   1.7
29-Apr-2000 02:00, 0.881,  29.6,  28.2, 1001.1, 0.146, 0.034,-9999,   2.7,   1.1
29-Apr-2000 03:00, 0.851,  29.6,  28.8, 1000.2, 0.135, 0.013,-9999,   1.6,   0.3
29-Apr-2000 04:00, 0.827,  29.6,  28.8,  999.3, 0.139, 0.008,  352,   1.1,   0.6
29-Apr-2000 05:00, 0.806,  29.7,  28.6,  998.9, 0.159, 0.020,  327,   1.4,   1.0
29-Apr-2000 06:00, 0.755,  29.7,  28.6,  999.2, 0.153, 0.011,  285,   1.8,   0.2
29-Apr-2000 07:00, 0.707,  29.9,  28.3, 1000.0, 0.144, 0.005,  273,   0.7,   0.0
29-Apr-2000 08:00, 0.665,  29.9,  27.3, 1001.1, 0.132, 0.001,  192,   2.2,   1.0
29-Apr-2000 09:00, 0.654,  29.7,  27.0, 1002.2, 0.137, 0.017,  193,   2.6,   0.6
29-Apr-2000 10:00, 0.653,  29.7,  26.5, 1002.6, 0.134, 0.025,  179,   2.4,-9999
29-Apr-2000 11:00, 0.669,  29.7,  26.5, 1003.1, 0.123, 0.018,  197,   2.7,   1.1
29-Apr-2000 12:00, 0.734,  29.7,  26.4, 1003.3, 0.138, 0.037,  189,   3.6,   2.4
29-Apr-2000 13:00, 0.793,  29.7,  26.1, 1003.2, 0.133, 0.035,  181,   4.3,   2.1
29-Apr-2000 14:00, 0.869,  29.7,  25.9, 1002.9, 0.141, 0.041,  190,   3.7,   1.7
29-Apr-2000 15:00, 0.955,  29.7,  25.6, 1002.4, 0.157, 0.054,  183,   4.3,   1.4
29-Apr-2000 16:00, 1.007,  29.7,  25.6, 1002.1, 0.146, 0.037,  183,   3.3,   2.2
29-Apr-2000 17:00, 1.041,  29.6,  26.2, 1002.4, 0.142, 0.032,   95,   3.6,   2.4
29-Apr-2000 18:00, 1.063,  29.7,  25.7, 1002.5, 0.157, 0.049,  173,   4.6,   2.0
29-Apr-2000 19:00, 1.044,  29.6,  26.1, 1002.7, 0.151, 0.045,  191,   4.3,   2.7
29-Apr-2000 20:00, 0.996,  29.6,  26.1, 1003.4, 0.131, 0.027,  198,   3.2,   2.3
29-Apr-2000 21:00, 0.943,  29.4,  26.0, 1004.0, 0.115, 0.018,  163,   3.2,   2.3
29-Apr-2000 22:00, 0.893,  29.3,  26.2, 1004.5, 0.108, 0.016,  163,   3.0,   2.0
29-Apr-2000 23:00, 0.862,  29.4,  26.4, 1005.0, 0.109, 0.023,  208,   2.6,   1.2
30-Apr-2000 00:00, 0.847,  29.5,  25.6, 1004.5, 0.109, 0.027,  322,   3.5,   1.3
30-Apr-2000 01:00, 0.869,  29.4,  25.6, 1003.5, 0.132, 0.044,  186,   4.4,   2.4
30-Apr-2000 02:00, 0.874,  29.5,  25.6, 1002.9, 0.134, 0.036,  146,   3.1,   1.6
30-Apr-2000 03:00, 0.874,  29.6,  25.7, 1001.8, 0.133, 0.029,  173,   3.1,   1.8
30-Apr-2000 04:00, 0.877,  29.6,  25.9, 1001.3, 0.142, 0.027,  172,   3.3,   1.4
30-Apr-2000 05:00, 0.856,  29.6,  26.1, 1001.0, 0.147, 0.029,  189,   2.7,   1.6
30-Apr-2000 06:00, 0.845,  29.6,  26.5, 1000.9, 0.182, 0.060,  194,   3.9,   1.6
30-Apr-2000 07:00, 0.779,  29.6,  25.1, 1001.9, 0.163, 0.041,  238,   5.7,   1.2
30-Apr-2000 08:00, 0.713,  29.5,  24.7, 1002.6, 0.138, 0.026,  173,   5.1,   3.4
30-Apr-2000 09:00, 0.677,  29.5,  24.8, 1003.5, 0.132, 0.028,  183,   5.5,   3.8
30-Apr-2000 10:00, 0.659,  29.5,  25.2, 1004.3, 0.130, 0.034,  226,   7.0,   3.8
30-Apr-2000 11:00, 0.669,  29.5,  24.3, 1005.2, 0.126, 0.038,  199,   7.7,   2.4
30-Apr-2000 12:00, 0.737,  29.6,  24.1, 1005.4, 0.147, 0.067,  187,   4.2,   2.4
30-Apr-2000 13:00, 0.812,  29.5,  24.0, 1005.0, 0.151, 0.073,  201,   4.4,   2.4
30-Apr-2000 14:00, 0.882,  29.5,  23.8, 1004.6, 0.144, 0.062,  159,   2.7,   0.3
30-Apr-2000 15:00, 0.958,  29.5,  23.5, 1003.9, 0.148, 0.061,  205,   2.2,   1.2
30-Apr-2000 16:00, 1.020,  29.5,  23.2, 1003.1, 0.146, 0.052,  195,   2.7,   1.7
30-Apr-2000 17:00, 1.073,  29.6,  23.5, 1002.6, 0.157, 0.056,  188,   2.7,   1.8
30-Apr-2000 18:00, 1.083,  29.6,  23.4, 1003.4, 0.166, 0.061,  189,   2.9,   1.1
30-Apr-2000 19:00, 1.048,  29.6,  23.7, 1004.4, 0.157, 0.060,  184,   2.3,   1.9
30-Apr-2000 20:00, 0.977,  29.6,  23.9, 1005.5, 0.129, 0.042,  189,   3.2,   1.9
30-Apr-2000 21:00, 0.910,  29.6,  23.9, 1006.0, 0.114, 0.037,  166,   3.3,   2.0
30-Apr-2000 22:00, 0.866,  29.6,  24.6, 1006.4, 0.124, 0.053,  188,   2.2,   0.8
30-Apr-2000 23:00, 0.829,  29.6,  25.8, 1006.0, 0.131, 0.063,  161,   2.8,   1.4
01-May-2000 00:00, 0.828,  29.6,  26.5, 1005.3, 0.150, 0.077,   15,   2.1,   0.7
01-May-2000 01:00, 0.857,  29.6,  26.9, 1004.2, 0.171, 0.091,  325,   1.3,   0.7
01-May-2000 02:00, 0.877,  29.5,  27.4, 1003.3, 0.169, 0.078,-9999,   2.2,   1.4
01-May-2000 03:00, 0.884,  29.5,  27.7, 1002.1, 0.154, 0.054,-9999,   2.8,   2.4
01-May-2000 04:00, 0.890,  29.6,  27.9, 1000.9, 0.145, 0.033,-9999,   2.7,   2.1
01-May-2000 05:00, 0.895,  29.6,  27.9, 1000.3, 0.149, 0.025,-9999,   3.6,   2.1
01-May-2000 06:00, 0.899,  29.6,  28.2, 1000.6, 0.183, 0.055,  331,   2.7,   1.7
01-May-2000 07:00, 0.850,  29.6,  27.8, 1001.3, 0.179, 0.054,  225,   2.8,   1.1
01-May-2000 08:00, 0.758,  29.7,  26.8, 1002.5, 0.130, 0.012,  183,   2.5,   2.1
01-May-2000 09:00, 0.697,  29.6,  26.6, 1003.6, 0.106, 0.000,  133,   2.4,   1.5
01-May-2000 10:00, 0.671,  29.7,  26.3, 1004.6, 0.107, 0.012,   86,   2.6,   0.9
01-May-2000 11:00, 0.679,  29.6,  26.0, 1005.0, 0.118, 0.033,   91,   2.6,   1.6
01-May-2000 12:00, 0.735,  29.6,  25.8, 1005.3, 0.139, 0.058,  132,   2.6,   0.8
01-May-2000 13:00, 0.811,  29.5,  25.5, 1005.5, 0.144, 0.066,   32,   7.6,   5.2
01-May-2000 14:00, 0.898,  29.6,  25.2, 1005.3, 0.147, 0.070,-9999,  11.0,   8.4
01-May-2000 15:00, 0.981,  29.5,  24.4, 1004.6, 0.152, 0.073,  193,   8.7,   1.3
01-May-2000 16:00, 1.034,  29.5,  24.4, 1004.1, 0.143, 0.057,  206,   2.8,   0.7
01-May-2000 17:00, 1.082,  29.5,  24.2, 1003.9, 0.147, 0.055,  201,   1.9,   1.2
01-May-2000 18:00, 1.111,  29.5,  24.1, 1004.3, 0.173, 0.081,  185,   2.2,   1.1
01-May-2000 19:00, 1.067,  29.5,  24.2, 1004.8, 0.168, 0.079,  179,   2.5,   1.7
01-May-2000 20:00, 0.974,  29.4,  24.5, 1005.7, 0.131, 0.048,  201,   2.8,   0.9
01-May-2000 21:00, 0.901,  29.6,  24.6, 1006.5, 0.125, 0.051,  175,   1.5,   1.0
01-May-2000 22:00, 0.820,  29.5,  25.1, 1007.2, 0.113, 0.047,  161,   2.0,   1.2
01-May-2000 23:00, 0.766,  29.6,  26.1, 1007.2, 0.122, 0.062,  230,   2.3,   0.3
02-May-2000 00:00, 0.741,  29.7,  27.1, 1006.5, 0.132, 0.072,-9999,   1.6,   1.1
02-May-2000 01:00, 0.752,  29.7,  27.4, 1005.1, 0.142, 0.074,-9999,   1.5,   0.9
02-May-2000 02:00, 0.793,  29.7,  27.8, 1003.6, 0.153, 0.070,-9999,   2.8,   2.2
02-May-2000 03:00, 0.819,  29.7,  28.0, 1002.9, 0.138, 0.041,-9999,   4.0,   3.5
02-May-2000 04:00, 0.851,  29.7,  28.3, 1002.0, 0.135, 0.032,  314,   4.6,   3.9
02-May-2000 05:00, 0.909,  30.1,  28.1, 1001.6, 0.166, 0.053,  304,   4.8,   2.2
02-May-2000 06:00, 0.936,  30.1,  28.2, 1001.8, 0.191, 0.075,  277,   2.7,   0.2
02-May-2000 07:00, 0.880,  30.1,  27.5, 1002.8, 0.165, 0.052,  301,   5.2,   4.2
02-May-2000 08:00, 0.808,  29.9,  26.9, 1003.3, 0.129, 0.025,  252,   4.5,   1.5
02-May-2000 09:00, 0.730,  29.9,  26.6, 1004.6, 0.084,-0.013,  243,   3.0,   1.0
02-May-2000 10:00, 0.703,  29.8,  26.5, 1005.6, 0.086, 0.001,  220,   2.4,   0.7
02-May-2000 11:00, 0.706,  29.8,  25.8, 1006.3, 0.102, 0.027,  187,   2.2,   1.5
02-May-2000 12:00, 0.750,  29.7,  25.6, 1006.3, 0.129, 0.060,  187,   3.7,   2.6
02-May-2000 13:00, 0.820,  29.6,  25.5, 1006.1, 0.140, 0.071,  187,   3.8,   2.3
02-May-2000 14:00, 0.918,  29.5,  25.4, 1005.6, 0.152, 0.081,  188,   3.9,   2.3
02-May-2000 15:00, 1.001,  29.5,  25.1, 1004.7, 0.149, 0.072,  186,   4.0,   2.7
02-May-2000 16:00, 1.061,  29.6,  25.3, 1004.4, 0.146, 0.061,  198,   3.8,   2.3
02-May-2000 17:00, 1.137,  29.6,  25.2, 1004.1, 0.180, 0.092,  190,   3.3,   2.2
02-May-2000 18:00, 1.142,  29.5,  25.2, 1004.5, 0.178, 0.087,  188,   3.4,   2.2
02-May-2000 19:00, 1.066,  29.5,  25.2, 1004.8, 0.144, 0.057,  169,   4.0,   2.0
02-May-2000 20:00, 0.979,  29.5,  25.2, 1005.1, 0.129, 0.045,  201,   4.6,   2.1
02-May-2000 21:00, 0.877,  29.5,  25.7, 1005.6, 0.109, 0.028,  195,   3.6,   2.4
02-May-2000 22:00, 0.802,  29.6,  27.1, 1006.2, 0.119, 0.044,  157,   2.2,   0.4
02-May-2000 23:00, 0.737,  29.6,  27.3, 1006.0, 0.133, 0.063,-9999,   2.0,   1.5
03-May-2000 00:00, 0.678,  29.6,  27.4, 1005.3, 0.133, 0.060,   36,   3.4,   2.2
03-May-2000 01:00, 0.657,  29.6,  27.7, 1004.1, 0.129, 0.049,   23,   3.0,   1.4
03-May-2000 02:00, 0.689,  29.7,  27.9, 1002.8, 0.138, 0.046,-9999,   2.4,   1.7
03-May-2000 03:00, 0.740,  30.0,  28.4, 1001.4, 0.138, 0.033,  309,   2.1,   1.3
03-May-2000 04:00, 0.781,  29.9,  28.6, 1000.7, 0.128, 0.009,-9999,   3.0,   2.2
03-May-2000 05:00, 0.855,  30.0,  28.9, 1000.5, 0.156, 0.031,-9999,   3.4,   2.2
03-May-2000 06:00, 0.929,  29.9,  28.1, 1000.7, 0.195, 0.069,  177,   4.6,   1.5
03-May-2000 07:00, 0.916,  29.7,  27.1, 1001.6, 0.182, 0.058,  186,   4.0,   3.0
03-May-2000 08:00, 0.846,  29.6,  26.5, 1002.9, 0.133, 0.018,  189,   5.1,   2.9
03-May-2000 09:00, 0.779,  29.5,  26.0, 1004.4, 0.089,-0.013,  151,   4.7,   2.1
03-May-2000 10:00, 0.741,  29.5,  24.9, 1005.8, 0.071,-0.015,-9999,   6.7,   2.2
03-May-2000 11:00, 0.745,  29.5,  24.5, 1006.0, 0.087, 0.013,  198,   3.3,   1.1
03-May-2000 12:00, 0.779,  29.5,  24.8, 1006.6, 0.113, 0.042,  263,   3.7,   1.8
03-May-2000 13:00, 0.818,  29.6,  24.8, 1006.9, 0.109, 0.043,  197,   3.0,   1.5
03-May-2000 14:00, 0.900,  29.6,  24.8, 1006.6, 0.114, 0.051,  169,   3.6,   1.9
03-May-2000 15:00, 0.980,  29.4,  24.4, 1006.3, 0.104, 0.037,  161,   2.2,   1.1
03-May-2000 16:00, 1.042,  29.6,  24.2, 1006.1, 0.095, 0.026,  152,   2.0,   0.8
03-May-2000 17:00, 1.101,  29.6,  23.8, 1006.0, 0.117, 0.046,  128,   3.5,   1.7
03-May-2000 18:00, 1.168,  29.6,  23.9, 1005.9, 0.175, 0.102,  192,   3.1,   1.4
03-May-2000 19:00, 1.159,  29.6,  23.8, 1006.2, 0.204, 0.132,  200,   2.7,   1.6
03-May-2000 20:00, 1.052,  29.6,  23.9, 1006.6, 0.180, 0.110,  188,   3.1,   1.7
03-May-2000 21:00, 0.902,  29.6,  24.1, 1007.4, 0.127, 0.061,  202,   3.4,   0.8
03-May-2000 22:00, 0.780,  29.7,  25.1, 1008.2, 0.105, 0.048,  199,   4.0,   2.1
03-May-2000 23:00, 0.681,  29.6,  26.2, 1008.4, 0.101, 0.052,  166,   3.6,   1.5
04-May-2000 00:00, 0.612,  29.6,  27.6, 1007.8, 0.110, 0.062,  102,   1.9,   0.3
04-May-2000 01:00, 0.575,  29.6,  27.5, 1006.8, 0.117, 0.062,-9999,   2.9,   2.1
04-May-2000 02:00, 0.601,  29.7,  27.7, 1005.5, 0.139, 0.073,  332,   2.8,   2.1
04-May-2000 03:00, 0.647,  29.7,  28.1, 1004.5, 0.140, 0.062,-9999,   2.6,   1.4
04-May-2000 04:00, 0.687,  29.9,  28.2, 1003.5, 0.119, 0.031,-9999,   2.6,   1.6
04-May-2000 05:00, 0.747,  29.8,  28.1, 1003.2, 0.122, 0.024,-9999,   1.9,   1.2
04-May-2000 06:00, 0.823,  29.8,  28.2, 1003.6, 0.142, 0.043,-9999,   1.4,   0.0
04-May-2000 07:00, 0.904,  29.7,  27.4, 1004.0, 0.187, 0.092,  199,   1.1,   0.7
04-May-2000 08:00, 0.930,  29.8,  26.5, 1004.3, 0.210, 0.118,  181,   2.3,   1.2
04-May-2000 09:00, 0.863,  29.8,  26.0, 1005.2, 0.150, 0.061,  185,   2.7,   1.8
04-May-2000 10:00, 0.808,  29.7,  26.2, 1006.0, 0.100, 0.021,  186,   3.2,   2.0
04-May-2000 11:00, 0.803,  29.8,  26.1, 1006.6, 0.098, 0.027,  192,   3.7,   2.3
04-May-2000 12:00, 0.827,  29.7,  25.9, 1007.1, 0.112, 0.047,  187,   3.7,   2.2
04-May-2000 13:00, 0.889,  29.7,  25.7, 1007.0, 0.141, 0.079,  183,   4.4,   2.9
04-May-2000 14:00, 0.982,  29.7,  25.6, 1006.9, 0.169, 0.107,  182,   4.6,   2.3
04-May-2000 15:00, 1.083,  29.6,  25.2, 1006.5, 0.184, 0.120,  184,   4.4,   3.1
04-May-2000 16:00, 1.143,  29.7,  25.1, 1006.2, 0.165, 0.098,  191,   4.9,   2.4
04-May-2000 17:00, 1.165,  29.7,  24.9, 1006.1, 0.145, 0.074,  182,   5.0,   3.0
04-May-2000 18:00, 1.163,  29.7,  25.1, 1006.3, 0.137, 0.066,  195,   4.9,   2.4
04-May-2000 19:00, 1.159,  29.6,  24.6, 1007.0, 0.165, 0.096,  190,   4.6,   3.0
04-May-2000 20:00, 1.089,  29.7,  25.1, 1008.0, 0.180, 0.119,  183,   4.9,   2.7
04-May-2000 21:00, 0.955,  29.6,  25.5, 1008.5, 0.156, 0.104,  180,   4.7,   2.7
04-May-2000 22:00, 0.780,  29.5,  26.5, 1009.2, 0.095, 0.048,  186,   4.4,   2.3
04-May-2000 23:00, 0.661,  29.6,  28.6, 1009.1, 0.085, 0.045,   82,   3.7,   1.2
05-May-2000 00:00, 0.591,  29.6,  28.5, 1007.8, 0.109, 0.067,   28,   3.4,   2.4
05-May-2000 01:00, 0.537,  29.8,  28.2, 1006.5, 0.122, 0.067,    7,   3.2,   2.4
05-May-2000 02:00, 0.547,  29.9,  28.8, 1005.0, 0.155, 0.086,   33,   3.8,   2.7
05-May-2000 03:00, 0.598,  30.1,  29.0, 1003.8, 0.181, 0.097,   42,   4.2,   3.0
05-May-2000 04:00, 0.655,  30.2,  28.9, 1002.9, 0.180, 0.084,   34,   4.5,   3.5
05-May-2000 05:00, 0.692,  30.2,  29.4, 1002.7, 0.150, 0.047,   92,   4.0,   0.4
05-May-2000 06:00, 0.727,  29.7,  29.7, 1002.8, 0.124, 0.019,  287,   3.8,   1.9
05-May-2000 07:00, 0.799,  29.7,  28.3, 1003.3, 0.137, 0.034,  188,   2.9,   1.9
05-May-2000 08:00, 0.888,  29.7,  27.0, 1004.2, 0.192, 0.093,  189,   3.7,   1.9
05-May-2000 09:00, 0.907,  29.6,  26.6, 1005.8, 0.198, 0.110,  188,   4.8,   2.7
05-May-2000 10:00, 0.854,  29.5,  26.2, 1006.6, 0.136, 0.062,  185,   5.0,   3.2
05-May-2000 11:00, 0.814,  29.5,  25.9, 1007.0, 0.083, 0.018,  189,   4.7,   3.5
05-May-2000 12:00, 0.844,  29.5,  25.7, 1007.2, 0.094, 0.032,  186,   5.1,   2.9
05-May-2000 13:00, 0.898,  29.4,  25.5, 1007.3, 0.114, 0.054,  188,   4.8,   2.9
05-May-2000 14:00, 0.958,  29.5,  25.3, 1007.2, 0.117, 0.058,  206,   4.4,   1.6
05-May-2000 15:00, 1.061,  29.4,  25.1, 1006.9, 0.142, 0.082,  190,   4.1,   2.7
05-May-2000 16:00, 1.165,  29.4,  25.0, 1006.3, 0.166, 0.102,  187,   4.7,   2.8
05-May-2000 17:00, 1.214,  29.4,  24.9, 1006.3, 0.161, 0.092,  186,   4.8,   2.8
05-May-2000 18:00, 1.190,  29.4,  24.7, 1006.5, 0.127, 0.058,  184,   4.8,   3.0
05-May-2000 19:00, 1.175,  29.4,  24.6, 1007.1, 0.143, 0.076,  195,   5.2,   2.8
05-May-2000 20:00, 1.163,  29.4,  25.0, 1008.1, 0.206, 0.146,  186,   4.5,   2.9
05-May-2000 21:00, 1.031,  29.4,  26.1, 1008.4, 0.191, 0.140,  176,   4.5,   1.4
05-May-2000 22:00, 0.833,  29.4,  29.0, 1008.6, 0.120, 0.073,   79,   4.0,   1.6
05-May-2000 23:00, 0.680,  29.4,  29.8, 1007.8, 0.087, 0.041,   97,   6.6,   5.1
06-May-2000 00:00, 0.585,  29.4,  30.4, 1006.6, 0.096, 0.040,   68,   7.2,   3.7
06-May-2000 01:00, 0.514,  29.6,  29.4, 1006.0, 0.109, 0.042,   43,   5.9,   5.3
06-May-2000 02:00, 0.503,  29.7,  29.7, 1004.8, 0.146, 0.072,   60,   7.5,   5.1
06-May-2000 03:00, 0.515,  29.8,  29.7, 1004.1, 0.159, 0.075,   61,   6.4,   4.2
06-May-2000 04:00, 0.562,  29.9,  29.6, 1003.4, 0.165, 0.074,   52,   5.4,   3.8
06-May-2000 05:00, 0.618,  29.7,  29.8, 1002.8, 0.159, 0.060,   58,   5.7,   4.6
06-May-2000 06:00, 0.639,  29.6,  29.9, 1002.8, 0.116, 0.012,   65,   6.2,   2.7
06-May-2000 07:00, 0.701,  29.7,  29.3, 1003.2, 0.115, 0.011,   63,   6.1,   4.8
06-May-2000 08:00, 0.830,  29.7,  29.3, 1004.6, 0.188, 0.090,   69,   6.6,   3.7
06-May-2000 09:00, 0.891,  29.7,  27.4, 1005.0, 0.214, 0.128,  145,   5.1,   1.5
06-May-2000 10:00, 0.843,  29.7,  25.9, 1006.9, 0.141, 0.062,   43,   9.3,   7.0
06-May-2000 11:00, 0.798,  29.6,  24.4, 1007.5, 0.069, 0.007,  204,   5.8,   1.8
06-May-2000 12:00, 0.844,  29.6,  24.5, 1008.1, 0.084, 0.028,  145,   4.4,   1.9
06-May-2000 13:00, 0.893,  29.4,  24.5, 1008.0, 0.089, 0.038,  162,   4.2,   1.4
06-May-2000 14:00, 0.962,  29.5,  24.5, 1007.5, 0.102, 0.050,  187,   5.4,   2.8
06-May-2000 15:00, 1.068,  29.5,  24.4, 1007.4, 0.137, 0.079,  182,   4.9,   2.8
06-May-2000 16:00, 1.157,  29.5,  24.8, 1007.4, 0.148, 0.090,  176,   4.8,   2.1
06-May-2000 17:00, 1.211,  29.5,  24.1, 1007.4, 0.140, 0.081,  169,   4.3,   2.0
06-May-2000 18:00, 1.213,  29.4,  24.2, 1008.0, 0.119, 0.062,  269,   3.8,   2.2
06-May-2000 19:00, 1.171,  29.5,  24.2, 1008.5, 0.102, 0.050,  200,   4.8,   2.7
06-May-2000 20:00, 1.154,  29.5,  24.3, 1009.3, 0.152, 0.106,  207,   4.3,   1.5
06-May-2000 21:00, 1.107,  29.4,  25.0, 1009.7, 0.215, 0.177,  260,   3.2,   2.1
06-May-2000 22:00, 0.941,  29.3,  26.8, 1009.5, 0.183, 0.148,  174,   2.9,   2.0
06-May-2000 23:00, 0.733,  29.5,  27.3, 1009.5, 0.103, 0.066,  310,   2.8,   2.1
07-May-2000 00:00, 0.601,  29.5,  27.4, 1009.1, 0.083, 0.046,  302,   5.1,   4.2
07-May-2000 01:00, 0.537,  29.5,  27.8, 1007.6, 0.110, 0.067,  324,   4.9,   3.4
07-May-2000 02:00, 0.479,  29.6,  28.1, 1006.6, 0.117, 0.059,-9999,   4.4,   3.7
07-May-2000 03:00, 0.467,  29.7,  28.0, 1005.9, 0.132, 0.065,  321,   5.6,   3.9
07-May-2000 04:00, 0.500,  29.6,  28.1, 1005.8, 0.150, 0.077,-9999,   4.2,   1.8
07-May-2000 05:00, 0.547,  29.6,  27.7, 1005.8, 0.151, 0.076,   56,   4.3,   3.2
07-May-2000 06:00, 0.560,  29.7,  24.5, 1006.7, 0.105, 0.032,   84,  10.2,   6.5
07-May-2000 07:00, 0.581,  29.6,  23.2, 1007.6, 0.068, 0.004,  154,   7.9,   3.0
07-May-2000 08:00, 0.680,  29.6,  23.7, 1008.2, 0.109, 0.053,  136,   4.0,   0.8
07-May-2000 09:00, 0.789,  29.4,  23.9, 1008.6, 0.165, 0.116,  244,   2.9,   1.3
07-May-2000 10:00, 0.827,  29.5,  24.1, 1008.9, 0.164, 0.118,  166,   3.2,   0.0
07-May-2000 11:00, 0.810,  29.4,  24.0, 1009.3, 0.109, 0.066,  199,   1.4,   0.8
07-May-2000 12:00, 0.822,  29.4,  23.6, 1009.5, 0.077, 0.038,  213,   2.4,   1.6
07-May-2000 13:00, 0.886,  29.4,  23.7, 1009.1, 0.087, 0.050,  192,   3.2,   1.6
07-May-2000 14:00, 0.951,  29.3,  23.9, 1008.5, 0.089, 0.047,  170,   3.7,   2.5
07-May-2000 15:00, 1.037,  29.4,  23.7, 1007.9, 0.107, 0.059,  176,   4.8,   2.7
07-May-2000 16:00, 1.140,  29.4,  23.7, 1007.2, 0.136, 0.082,  184,   4.9,   2.7
07-May-2000 17:00, 1.218,  29.3,  23.6, 1007.2, 0.150, 0.090,  244,   4.3,   0.3
07-May-2000 18:00, 1.243,  29.3,  23.7, 1007.4, 0.139, 0.078,  192,   4.9,   2.6
07-May-2000 19:00, 1.212,  29.3,  23.6, 1008.1, 0.118, 0.060,  191,   4.5,   2.4
07-May-2000 20:00, 1.163,  29.3,  23.6, 1008.8, 0.125, 0.074,  195,   4.2,   2.6
07-May-2000 21:00, 1.122,  29.4,  25.6, 1009.5, 0.181, 0.138,  191,   4.0,   1.4
07-May-2000 22:00, 1.016,  29.3,  27.2, 1009.5, 0.202, 0.165,  281,   1.7,   0.0
07-May-2000 23:00, 0.830,  29.4,  27.1, 1009.4, 0.148, 0.111,-9999,   2.3,   2.0
08-May-2000 00:00, 0.662,  29.5,  27.5, 1008.4, 0.097, 0.058,-9999,   2.9,   1.5
08-May-2000 01:00, 0.552,  29.6,  27.7, 1007.0, 0.081, 0.032,-9999,   3.1,   2.6
08-May-2000 02:00, 0.519,  29.8,  27.8, 1005.8, 0.117, 0.053,-9999,   3.8,   3.0
08-May-2000 03:00, 0.472,  29.9,  28.0, 1005.0, 0.115, 0.040,-9999,   3.7,   2.8
08-May-2000 04:00, 0.469,  29.7,  28.0, 1004.3, 0.123, 0.040,  180,   4.9,   3.8
08-May-2000 05:00, 0.503,  29.7,  25.1, 1004.5, 0.136, 0.047,  183,   5.4,   4.2
08-May-2000 06:00, 0.525,  29.7,  25.9, 1004.9, 0.116, 0.029,  187,   5.6,   3.3
08-May-2000 07:00, 0.548,  29.6,  25.9, 1005.7, 0.089, 0.006,  176,   4.6,   2.7
08-May-2000 08:00, 0.596,  29.7,  25.6, 1006.9, 0.086, 0.012,  182,   5.1,   2.9
08-May-2000 09:00, 0.691,  29.6,  25.2, 1007.6, 0.128, 0.066,  193,   4.7,   3.0
08-May-2000 10:00, 0.765,  29.6,  24.9, 1008.4, 0.153, 0.098,  202,   4.9,   2.4
08-May-2000 11:00, 0.780,  29.6,  25.2, 1008.7, 0.119, 0.071,  146,   4.8,   2.8
08-May-2000 12:00, 0.797,  29.4,  24.7, 1008.6, 0.084, 0.039,  177,   4.5,   1.6
08-May-2000 13:00, 0.855,  29.5,  24.8, 1007.6, 0.081, 0.034,  191,   4.7,   1.9
08-May-2000 14:00, 0.943,  29.4,  23.9, 1006.7, 0.099, 0.042,  202,   3.9,   1.9
08-May-2000 15:00, 1.032,  29.4,  23.9, 1006.3, 0.117, 0.051,  183,   3.2,   1.9
08-May-2000 16:00, 1.105,  29.4,  23.8, 1006.5, 0.121, 0.052,  186,   3.9,   2.7
08-May-2000 17:00, 1.184,  29.4,  23.9, 1006.6, 0.138, 0.071,  180,   4.4,   2.4
08-May-2000 18:00, 1.239,  29.4,  23.8, 1006.5, 0.152, 0.085,  175,   4.6,   2.8
08-May-2000 19:00, 1.241,  29.4,  24.0, 1006.6, 0.148, 0.081,  184,   5.0,   2.9
08-May-2000 20:00, 1.206,  29.4,  24.1, 1007.0, 0.151, 0.085,  182,   5.5,   3.5
08-May-2000 21:00, 1.155,  29.4,  25.7, 1007.6, 0.179, 0.117,  186,   5.0,   2.9
08-May-2000 22:00, 1.097,  29.4,  28.5, 1007.7, 0.232, 0.176,   97,   4.8,   3.0
08-May-2000 23:00, 0.950,  29.4,  29.4, 1007.0, 0.209, 0.154,  110,   6.1,   3.6
09-May-2000 00:00, 0.785,  29.4,  29.9, 1005.6, 0.161, 0.098,   91,   6.0,   3.4
09-May-2000 01:00, 0.667,  29.6,  29.3, 1004.2, 0.138, 0.061,   42,   5.4,   3.9
09-May-2000 02:00, 0.607,  29.8,  29.2, 1002.9, 0.147, 0.055,   44,   5.2,   4.1
09-May-2000 03:00, 0.583,  29.8,  29.6, 1001.8, 0.172, 0.067,   47,   5.6,   4.5
09-May-2000 04:00, 0.553,  30.0,  29.9, 1001.0, 0.171, 0.056,   50,   6.0,   4.6
09-May-2000 05:00, 0.561,  29.7,  29.9, 1000.3, 0.181, 0.059,   61,   7.1,   5.7
09-May-2000 06:00, 0.588,  30.0,  30.0, 1000.5, 0.190, 0.061,   66,   6.3,   3.9
09-May-2000 07:00, 0.589,  29.8,  29.6, 1000.9, 0.159, 0.032,   79,   6.6,   2.1
09-May-2000 08:00, 0.616,  29.8,  27.0, 1002.1, 0.147, 0.025,  189,   4.3,   2.1
09-May-2000 09:00, 0.673,  29.9,  26.3, 1003.8, 0.159, 0.050,  185,   4.2,   2.7
09-May-2000 10:00, 0.750,  29.8,  25.9, 1004.8, 0.187, 0.095,  193,   5.0,   2.7
09-May-2000 11:00, 0.791,  29.7,  26.0, 1005.7, 0.175, 0.092,  196,   3.7,   1.4
09-May-2000 12:00, 0.824,  29.7,  25.5, 1006.2, 0.149, 0.074,  189,   3.4,   2.3
09-May-2000 13:00, 0.856,  29.7,  25.4, 1006.4, 0.116, 0.047,  184,   3.5,   2.5
09-May-2000 14:00, 0.944,  29.7,  25.5, 1005.5, 0.131, 0.061,  177,   3.9,   2.3
09-May-2000 15:00, 1.032,  29.7,  25.5, 1005.6, 0.144, 0.067,  192,   3.7,   2.1
09-May-2000 16:00, 1.093,  29.7,  25.0, 1004.8, 0.138, 0.061,  184,   3.6,   2.3
09-May-2000 17:00, 1.143,  29.7,  25.0, 1005.0, 0.132, 0.049,  201,   4.6,   0.4
09-May-2000 18:00, 1.182,  29.6,  24.8, 1004.9, 0.133, 0.050,  184,   4.0,   2.8
09-May-2000 19:00, 1.203,  29.5,  25.0, 1005.5, 0.141, 0.059,  187,   4.4,   2.5
09-May-2000 20:00, 1.191,  29.6,  25.1, 1006.3, 0.149, 0.073,  183,   5.1,   3.5
09-May-2000 21:00, 1.147,  29.4,  27.0, 1006.7, 0.162, 0.093,  185,   4.5,   2.3
09-May-2000 22:00, 1.108,  29.4,  28.7, 1006.9, 0.212, 0.147,   60,   3.1,   2.5
09-May-2000 23:00, 1.023,  29.5,  29.8, 1006.6, 0.235, 0.171,  106,   5.5,   2.8
10-May-2000 00:00, 0.891,  29.6,  30.6, 1005.6, 0.208, 0.141,   79,   6.4,   3.9
10-May-2000 01:00, 0.753,  29.8,  29.2, 1004.2, 0.160, 0.082,   47,   6.4,   4.3
10-May-2000 02:00, 0.667,  29.9,  29.5, 1002.6, 0.141, 0.049,   56,   5.6,   5.0
10-May-2000 03:00, 0.633,  30.1,  29.5, 1001.2, 0.152, 0.045,   53,   6.3,   3.9
10-May-2000 04:00, 0.592,  29.9,  29.4, 1000.5, 0.146, 0.025,   43,   5.5,   4.4
10-May-2000 05:00, 0.560,  29.8,  29.8, 1000.7, 0.133, 0.007,   56,   4.1,   2.9
10-May-2000 06:00, 0.567,  29.9,  28.1, 1000.9, 0.143, 0.018,  182,   5.2,   2.9
10-May-2000 07:00, 0.575,  29.9,  27.5, 1002.2, 0.141, 0.020,  190,   5.0,   2.7
10-May-2000 08:00, 0.592,  29.9,  27.4, 1002.8, 0.137, 0.027,   40,   5.2,   0.0
10-May-2000 09:00, 0.616,  29.9,  26.1, 1004.8, 0.129, 0.028,  187,   2.7,   1.6
10-May-2000 10:00, 0.661,  29.8,  25.5, 1005.2, 0.132, 0.049,  179,   3.4,   2.5
10-May-2000 11:00, 0.741,-9999 ,  25.5, 1005.7, 0.160, 0.081,  192,   4.3,   3.1
10-May-2000 12:00, 0.795,  29.7,  25.3, 1005.9, 0.154, 0.079,  194,   4.6,   2.5
10-May-2000 13:00, 0.843,  29.7,  24.8, 1005.7, 0.132, 0.059,  181,   4.8,   2.7
10-May-2000 14:00, 0.890,  29.7,  25.1, 1005.2, 0.105, 0.030,  184,   5.1,   2.8
10-May-2000 15:00, 0.955,  29.7,  24.7, 1005.1, 0.096, 0.016,  191,   4.8,   2.5
10-May-2000 16:00, 1.026,  29.6,  24.9, 1004.8, 0.103, 0.022,  184,   4.8,   3.0
10-May-2000 17:00, 1.068,  29.7,  24.6, 1004.7, 0.097, 0.013,  182,   5.1,   3.1
10-May-2000 18:00, 1.105,  29.6,  24.6, 1004.9, 0.103, 0.017,  180,   5.2,   3.0
10-May-2000 19:00, 1.116,  29.5,  24.7, 1005.6, 0.103, 0.021,  184,   5.2,   3.5
10-May-2000 20:00, 1.105,  29.4,  24.8, 1006.1, 0.106, 0.030,  180,   5.0,   2.7
10-May-2000 21:00, 1.079,  29.4,  26.4, 1007.2, 0.119, 0.049,  189,   4.7,   1.9
10-May-2000 22:00, 1.038,  29.4,  28.8, 1006.9, 0.142, 0.082,  195,   4.1,   1.5
10-May-2000 23:00, 0.978,  29.5,  29.2, 1006.5, 0.165, 0.102,   56,   3.5,   3.0
11-May-2000 00:00, 0.917,  29.7,  28.7, 1006.1, 0.192, 0.124,   45,   4.5,   3.4
11-May-2000 01:00, 0.833,  30.0,  29.2, 1005.2, 0.185, 0.114,   61,   6.4,   4.7
11-May-2000 02:00, 0.759,  30.0,  29.9, 1003.6, 0.171, 0.090,   74,   7.5,   3.1
11-May-2000 03:00, 0.694,  29.9,  30.0, 1002.0, 0.147, 0.050,  286,   6.0,   0.5
11-May-2000 04:00, 0.638,-9999 ,-9999 ,-9999.0, 0.121, 0.008,-9999,-9999 ,-9999
11-May-2000 05:00, 0.610,  30.2,  29.2, 1001.9, 0.117, 0.000,   84,   7.6,   2.1
11-May-2000 06:00, 0.612,  30.2,  29.7, 1002.6, 0.134, 0.022,  110,   6.2,   2.7
11-May-2000 07:00, 0.598,  30.1,  27.7, 1003.3, 0.128, 0.022,  186,   4.3,   2.7
11-May-2000 08:00, 0.591,  30.1,  26.4, 1004.2, 0.120, 0.022,  178,   4.9,   2.7
11-May-2000 09:00, 0.591,-9999 ,-9999 ,-9999.0, 0.106, 0.017,-9999,-9999 ,-9999
11-May-2000 10:00, 0.617,  29.9,  25.8, 1006.3, 0.101, 0.023,  188,   4.8,   2.4
11-May-2000 11:00, 0.672,  30.0,  26.5, 1006.7, 0.110, 0.042,  103,   4.8,   3.3
11-May-2000 12:00, 0.747,  29.9,  25.8, 1005.7, 0.126, 0.060,  177,   4.8,   2.0
11-May-2000 13:00, 0.821,  30.0,  25.3, 1005.9, 0.131, 0.056,  193,   2.9,   1.8
11-May-2000 14:00, 0.889,  29.9,  25.0, 1005.9, 0.124, 0.051,  195,   2.7,   1.7
11-May-2000 15:00, 0.961,  29.9,  24.9, 1005.4, 0.124, 0.050,  189,   3.7,   2.5
11-May-2000 16:00, 1.011,  29.8,  24.7, 1005.3, 0.115, 0.036,  189,   3.8,   2.3
11-May-2000 17:00, 1.034,  29.7,  24.3, 1005.3, 0.099, 0.020,  196,   4.0,   2.5
11-May-2000 18:00, 1.061,  29.8,  24.3, 1005.8, 0.106, 0.027,  189,   4.7,   2.9
11-May-2000 19:00, 1.077,  29.8,  24.3, 1006.5, 0.118, 0.045,  193,   4.6,   2.8
11-May-2000 20:00, 1.054,  29.6,  24.4, 1007.1, 0.112, 0.046,  186,   5.2,   3.8
11-May-2000 21:00, 1.020,  29.6,  25.9, 1007.7, 0.113, 0.052,  182,   5.4,   2.9
11-May-2000 22:00, 0.989,  29.6,  27.5, 1008.1, 0.128, 0.073,  178,   4.0,   1.2
11-May-2000 23:00, 0.954,  29.6,  29.6, 1007.3, 0.150, 0.098,  101,   4.4,   2.4
12-May-2000 00:00, 0.915,  29.6,  30.1, 1005.7, 0.174, 0.114,   89,   5.7,   2.5
12-May-2000 01:00, 0.870,  30.0,  29.5, 1004.5, 0.190, 0.114,   58,   5.7,   4.6
12-May-2000 02:00, 0.814,  29.7,  29.1, 1004.0, 0.181, 0.094,   72,   7.7,   5.0
12-May-2000 03:00, 0.774,  30.0,  29.5, 1003.0, 0.173, 0.080,   60,   8.6,   6.2
12-May-2000 04:00, 0.726,  30.1,  30.2, 1002.8, 0.149, 0.047,  102,   7.7,   3.4
12-May-2000 05:00, 0.696,  30.0,  28.8, 1002.5, 0.138, 0.033,  120,   5.7,   2.4
12-May-2000 06:00, 0.686,  30.0,  26.8, 1003.1, 0.145, 0.038,  185,   3.7,   2.4
12-May-2000 07:00, 0.655,  30.0,  26.4, 1004.3, 0.129, 0.029,  196,   4.3,   2.3
12-May-2000 08:00, 0.638,  29.9,  26.0, 1005.2, 0.124, 0.036,  185,   4.0,   2.6
12-May-2000 09:00, 0.639,  29.9,  25.8, 1006.5, 0.130, 0.051,  183,   4.1,   2.0
12-May-2000 10:00, 0.657,  29.9,  25.5, 1007.2, 0.133, 0.066,  187,   3.9,   2.8
12-May-2000 11:00, 0.697,  29.9,  25.4, 1007.5, 0.134, 0.074,  185,   4.7,   2.9
12-May-2000 12:00, 0.765,  30.0,  25.3, 1007.4, 0.145, 0.088,  182,   4.8,   3.0
12-May-2000 13:00, 0.834,  29.9,  25.2, 1007.0, 0.149, 0.090,  192,   4.5,   3.0
12-May-2000 14:00, 0.912,  29.7,  25.1, 1006.7, 0.155, 0.092,  184,   3.9,   3.0
12-May-2000 15:00, 0.981,  29.7,  25.1, 1006.4, 0.152, 0.086,  196,   3.8,   2.7
12-May-2000 16:00, 1.028,  29.7,  25.0, 1006.1, 0.145, 0.076,  188,   4.5,   2.7
12-May-2000 17:00, 1.039,  29.6,  25.2, 1005.7, 0.127, 0.055,  187,   4.1,   2.7
12-May-2000 18:00, 1.025,  29.6,  25.0, 1006.1, 0.105, 0.031,  187,   5.2,   3.0
12-May-2000 19:00, 1.016,  29.6,  25.0, 1006.6, 0.106, 0.035,  187,   4.7,   3.2
12-May-2000 20:00, 0.985,  29.6,  25.1, 1007.9, 0.100, 0.036,  191,   5.0,   2.4
12-May-2000 21:00, 0.944,  29.6,  26.0, 1008.2, 0.098, 0.046,  181,   4.3,   2.1
12-May-2000 22:00, 0.920,  29.6,  28.8, 1007.5, 0.118, 0.067,   93,   4.2,   1.4
12-May-2000 23:00, 0.898,  29.6,  28.5, 1006.8, 0.138, 0.080,   52,   4.0,   2.2
13-May-2000 00:00, 0.853,  29.7,  28.5, 1006.1, 0.130, 0.065,   43,   4.3,   3.8
13-May-2000 01:00, 0.811,  29.9,  28.8, 1005.0, 0.126, 0.054,   57,   6.1,   4.7
13-May-2000 02:00, 0.780,  29.9,  28.4, 1003.7, 0.128, 0.045,   41,   5.8,   4.0
13-May-2000 03:00, 0.767,  29.7,  28.3, 1002.4, 0.135, 0.038,  358,   4.4,   1.6
13-May-2000 04:00, 0.758,  29.7,  28.3, 1002.1, 0.138, 0.029,  297,   2.5,   1.8
13-May-2000 05:00, 0.755,  29.9,  27.7, 1002.4, 0.147, 0.036,  153,   3.1,   2.6
13-May-2000 06:00, 0.723,  30.0,  25.3, 1003.6, 0.127, 0.020,   86,   7.5,   4.2
13-May-2000 07:00, 0.699,  29.9,  25.1, 1004.3, 0.115, 0.020,  227,   4.9,   1.1
13-May-2000 08:00, 0.684,  30.0,  25.4, 1005.2, 0.114, 0.026,  344,   2.7,   0.3
13-May-2000 09:00, 0.663,  30.0,  25.9, 1006.6, 0.105, 0.027,   81,   4.0,   3.0
13-May-2000 10:00, 0.664,  29.9,  25.4, 1007.3, 0.107, 0.042,  161,   3.4,   1.5
13-May-2000 11:00, 0.705,  29.9,  25.1, 1007.5, 0.123, 0.065,  185,   4.3,   1.4
13-May-2000 12:00, 0.754,  29.9,  25.0, 1007.6, 0.120, 0.063,  192,   3.6,   1.4
13-May-2000 13:00, 0.812,  29.9,  25.0, 1007.9, 0.112, 0.057,  196,   3.2,   2.0
13-May-2000 14:00, 0.884,  29.8,  24.9, 1007.3, 0.117, 0.064,  186,   3.4,   2.1
13-May-2000 15:00, 0.954,  29.6,  24.9, 1006.4, 0.121, 0.061,  184,   4.2,   2.6
13-May-2000 16:00, 1.013,  29.6,  24.8, 1005.8, 0.126, 0.058,  194,   3.8,   1.9
13-May-2000 17:00, 1.035,  29.7,  24.6, 1005.2, 0.128, 0.053,  180,   4.4,   2.3
13-May-2000 18:00, 1.011,  29.7,  24.8, 1005.1, 0.111, 0.031,  180,   4.9,   2.5
13-May-2000 19:00, 0.964,  29.5,  24.6, 1005.9, 0.091, 0.011,  203,   4.4,   1.5
13-May-2000 20:00, 0.915,  29.6,  25.1, 1007.4, 0.081, 0.010,  191,   4.1,   2.7
13-May-2000 21:00, 0.860,  29.6,  26.4, 1008.1, 0.073, 0.015,  186,   4.2,   2.0
13-May-2000 22:00, 0.820,  29.6,  27.5, 1008.6, 0.083, 0.032,   40,   2.8,   1.6
13-May-2000 23:00, 0.795,  29.7,  27.7, 1008.4, 0.099, 0.053,   35,   2.8,   2.4
14-May-2000 00:00, 0.777,  29.8,  27.9, 1007.2, 0.106, 0.057,   39,   3.9,   2.5
14-May-2000 01:00, 0.774,  30.0,  28.2, 1005.9, 0.115, 0.054,   19,   3.3,   2.8
14-May-2000 02:00, 0.764,  30.3,  28.3, 1004.4, 0.118, 0.044,-9999,   3.3,   2.6
14-May-2000 03:00, 0.756,  30.1,  28.3, 1003.5, 0.118, 0.029,  307,   4.0,   3.0
14-May-2000 04:00, 0.758,  30.0,  28.4, 1003.2, 0.120, 0.023,    4,   4.6,   0.8
14-May-2000 05:00, 0.770,  29.8,  26.5, 1003.5, 0.134, 0.033,  169,   3.8,   1.3
14-May-2000 06:00, 0.764,  30.1,  25.0, 1005.0, 0.132, 0.037,  271,   8.0,   4.5
14-May-2000 07:00, 0.734,  30.3,  24.4, 1005.9, 0.107, 0.026,  126,   4.8,   2.3
14-May-2000 08:00, 0.719,  30.2,  24.3, 1006.2, 0.099, 0.025,  140,   3.2,   0.8
14-May-2000 09:00, 0.713,  30.1,  24.4, 1006.9, 0.103, 0.034,  165,   1.9,   0.2
14-May-2000 10:00, 0.700,-9999 ,  24.4,-9999.0, 0.096,-9999 ,  172,   2.5,   1.1
14-May-2000 11:00, 0.718,-9999 ,-9999 ,-9999.0, 0.101,-9999 ,  203,   2.5,   1.2
14-May-2000 12:00, 0.777,  30.0,  24.8, 1007.5, 0.120, 0.060,  169,   3.6,   2.3
14-May-2000 13:00, 0.845,  29.7,  25.0, 1007.5, 0.122, 0.067,  185,   3.2,   2.0
14-May-2000 14:00, 0.902,  29.5,  24.8, 1007.0, 0.110, 0.052,  186,   3.6,   2.7
14-May-2000 15:00, 0.970,  29.5,  24.7, 1006.2, 0.119, 0.055,  172,   4.4,   1.9
14-May-2000 16:00, 1.017,  29.5,  24.6, 1006.1, 0.116, 0.047,  186,   3.4,   2.2
14-May-2000 17:00, 1.051,  29.5,  24.7, 1005.5, 0.132, 0.060,  181,   3.4,   2.0
14-May-2000 18:00, 1.027,  29.5,  24.7, 1005.9, 0.128, 0.052,  191,   4.0,   2.4
14-May-2000 19:00, 0.971,  29.5,  24.4, 1006.0, 0.117, 0.043,  188,   4.0,   2.1
14-May-2000 20:00, 0.867,  29.4,  24.6, 1007.1, 0.069,-0.001,  197,   4.1,   1.5
14-May-2000 21:00, 0.810,  29.4,  26.1, 1007.7, 0.073, 0.013,  206,   2.5,   1.6
14-May-2000 22:00, 0.767,  29.5,  26.8, 1008.0, 0.090, 0.035,  291,   2.4,   1.4
14-May-2000 23:00, 0.714,  29.6,  27.7, 1007.6, 0.085, 0.032,-9999,   2.0,   1.2
15-May-2000 00:00, 0.708,  29.6,  27.7, 1006.7, 0.104, 0.048,   24,   3.9,   3.6
15-May-2000 01:00, 0.728,  30.0,  27.8, 1005.3, 0.126, 0.059,   26,   4.8,   4.1
15-May-2000 02:00, 0.745,  30.0,  28.3, 1004.1, 0.131, 0.051,-9999,   4.3,   2.5
15-May-2000 03:00, 0.744,  30.2,  28.3, 1002.8, 0.123, 0.030,-9999,   3.2,   1.9
15-May-2000 04:00, 0.733,  29.8,  28.1, 1002.8, 0.100,-0.004,-9999,   4.4,   0.7
15-May-2000 05:00, 0.759,  29.6,  25.1, 1003.2, 0.114, 0.010,  230,   5.2,   2.0
15-May-2000 06:00, 0.780,  29.6,  24.7, 1004.1, 0.133, 0.034,  164,   4.0,   1.2
15-May-2000 07:00, 0.787,  29.9,  24.6, 1004.4, 0.137, 0.046,  168,   5.4,   2.6
15-May-2000 08:00, 0.766,  29.8,  24.5, 1005.9, 0.114, 0.027,  156,   4.0,   0.9
15-May-2000 09:00, 0.745,  29.8,  24.6, 1006.9, 0.093, 0.021,  185,   4.0,   1.7
15-May-2000 10:00, 0.742,  29.8,  24.6, 1007.6, 0.092, 0.029,  173,   4.0,   2.8
15-May-2000 11:00, 0.759,  29.7,  25.0, 1007.9, 0.099, 0.044,  183,   3.4,   2.2
15-May-2000 12:00, 0.803,  29.7,  24.6, 1007.2, 0.112, 0.059,  189,   2.6,   2.3
15-May-2000 13:00, 0.877,  29.7,  24.3, 1006.3, 0.128, 0.067,  187,   4.0,   2.9
15-May-2000 14:00, 0.956,  29.6,  24.5, 1006.3, 0.134, 0.065,  142,   4.1,   0.0
15-May-2000 15:00, 1.004,  29.6,  24.1, 1006.2, 0.121, 0.052,  196,   2.8,   2.2
15-May-2000 16:00, 1.033,  29.6,  24.1, 1005.8, 0.107, 0.038,  189,   3.5,   1.9
15-May-2000 17:00, 1.052,  29.5,  24.1, 1005.2, 0.110, 0.035,  193,   3.7,   2.4
15-May-2000 18:00, 1.045,  29.5,  24.0, 1005.8, 0.129, 0.049,  182,   3.6,   2.2
15-May-2000 19:00, 0.992,  29.5,  24.0, 1006.4, 0.137, 0.064,  185,   5.1,   3.4
15-May-2000 20:00, 0.878,  29.5,  24.4, 1006.9, 0.099, 0.031,  184,   4.9,   2.5
15-May-2000 21:00, 0.767,  29.4,  25.4, 1007.8, 0.067, 0.005,  182,   4.6,   2.0
15-May-2000 22:00, 0.716,  29.4,  27.9, 1008.1, 0.091, 0.037,   79,   3.8,   1.0
15-May-2000 23:00, 0.654,  29.4,  26.6, 1007.9, 0.087, 0.036,-9999,   5.8,   3.2
16-May-2000 00:00, 0.632,-9999 ,-9999 ,-9999.0, 0.098, 0.045,-9999,-9999 ,-9999
16-May-2000 01:00, 0.644,  29.7,  27.5, 1006.4, 0.112, 0.053,   38,   4.7,   3.0
16-May-2000 02:00, 0.670,  30.0,  27.3, 1005.2, 0.114, 0.044,-9999,   4.5,   2.8
16-May-2000 03:00, 0.693,  29.8,  27.6, 1004.2, 0.108, 0.027,-9999,   4.8,   3.7
16-May-2000 04:00, 0.705,  30.4,  27.4, 1003.5, 0.096, 0.005,-9999,   5.8,   3.8
16-May-2000 05:00, 0.719,  30.2,  27.8, 1003.1, 0.085,-0.013,  338,   4.2,   2.5
16-May-2000 06:00, 0.769,  30.1,  27.9, 1003.2, 0.120, 0.020,-9999,   2.6,   1.2
16-May-2000 07:00, 0.810,  29.7,  27.7, 1003.5, 0.154, 0.054,  204,   2.7,   1.1
16-May-2000 08:00, 0.798,  30.0,  26.9, 1004.7, 0.133, 0.037,  150,   1.8,   1.2
16-May-2000 09:00, 0.764,  29.9,  25.3, 1005.7, 0.089, 0.004,  152,   7.0,   2.3
16-May-2000 10:00, 0.748,-9999 ,  25.2,-9999.0, 0.065,-0.009,  182,   3.7,   2.3
16-May-2000 11:00, 0.781,  29.9,  25.3, 1007.3, 0.087, 0.021,  176,   3.5,   1.6
16-May-2000 12:00, 0.818,  29.9,  25.2, 1007.5, 0.093, 0.035,  173,   3.0,   1.6
16-May-2000 13:00, 0.870,  29.8,  25.1, 1007.3, 0.094, 0.037,  148,   3.4,   1.9
16-May-2000 14:00, 0.953,  29.9,  25.3, 1007.0, 0.106, 0.047,  187,   4.4,   2.6
16-May-2000 15:00, 1.035,  29.9,  25.3, 1006.2, 0.121, 0.058,  194,   4.1,   1.3
16-May-2000 16:00, 1.062,  29.7,  24.8, 1006.0, 0.105, 0.035,  220,   3.8,   1.8
16-May-2000 17:00, 1.054,  29.6,  24.0, 1006.2, 0.081, 0.009,  187,   5.2,   1.0
16-May-2000 18:00, 1.046,  29.7,  24.0, 1006.7, 0.100, 0.031,  166,   1.6,   0.9
16-May-2000 19:00, 1.006,  29.7,  23.9, 1006.6, 0.130, 0.064,  187,   2.9,   1.9
16-May-2000 20:00, 0.904,  29.6,  24.2, 1007.6, 0.122, 0.057,  178,   3.7,   2.3
16-May-2000 21:00, 0.753,  29.6,  25.8, 1008.1, 0.069, 0.014,  185,   4.7,   2.8
16-May-2000 22:00, 0.652,  29.6,  28.6, 1008.2, 0.060, 0.009,  170,   3.2,   1.4
16-May-2000 23:00, 0.602,  29.7,  28.6, 1008.1, 0.086, 0.037,   34,   3.0,   2.0
17-May-2000 00:00, 0.562,  29.7,  28.4, 1007.3, 0.093, 0.041,   46,   3.3,   2.5
17-May-2000 01:00, 0.562,  29.9,  28.0, 1006.3, 0.101, 0.041,-9999,   3.6,   2.5
17-May-2000 02:00, 0.588,  29.9,  28.2, 1004.8, 0.102, 0.031,-9999,   2.6,   1.7
17-May-2000 03:00, 0.636,  29.8,  28.4, 1003.8, 0.103, 0.018,-9999,   2.7,   1.5
17-May-2000 04:00, 0.657,  29.8,  28.4, 1003.0, 0.083,-0.012,-9999,   3.4,   1.9
17-May-2000 05:00, 0.670,  29.8,  28.3, 1002.7, 0.060,-0.042,  262,   4.4,   0.7
17-May-2000 06:00, 0.695,  29.8,  29.8, 1003.1, 0.056,-0.049,    3,   1.2,   0.0
17-May-2000 07:00, 0.739,  30.0,  28.4, 1003.5, 0.085,-0.015,   32,   1.3,   0.4
17-May-2000 08:00, 0.766,  29.8,  26.9, 1004.3, 0.100, 0.003,  177,   2.0,   1.4
17-May-2000 09:00, 0.775,  29.6,  26.2, 1005.8, 0.094, 0.006,  184,   2.7,   2.3
17-May-2000 10:00, 0.765,  29.5,  26.0, 1007.1, 0.068,-0.004,  187,   3.3,   2.6
17-May-2000 11:00, 0.785,  29.6,  25.6, 1007.5, 0.069, 0.008,  189,   3.5,   2.2
17-May-2000 12:00, 0.847,  29.7,  25.6, 1008.1, 0.101, 0.044,  190,   3.5,   2.0
17-May-2000 13:00, 0.889,  29.7,  25.5, 1008.1, 0.093, 0.042,  178,   4.3,   2.4
17-May-2000 14:00, 0.953,  29.7,  25.6, 1007.4, 0.090, 0.038,  186,   4.6,   2.6
17-May-2000 15:00, 1.038,  29.7,  25.4, 1006.7, 0.102, 0.044,  182,   3.9,   2.0
17-May-2000 16:00, 1.091,  29.6,  25.2, 1006.3, 0.105, 0.039,  184,   4.4,   2.3
17-May-2000 17:00, 1.086,  29.4,  24.6, 1006.6, 0.084, 0.015,  183,   4.0,   2.3
17-May-2000 18:00, 1.034,  29.5,  24.7, 1006.8, 0.053,-0.013,  180,   5.0,   2.9
17-May-2000 19:00, 0.982,  29.5,  24.5, 1007.5, 0.072, 0.009,  190,   5.2,   3.4
17-May-2000 20:00, 0.905,  29.5,  25.2, 1007.7, 0.100, 0.042,  180,   5.3,   2.7
17-May-2000 21:00, 0.774,  29.4,  26.9, 1008.6, 0.085, 0.031,  184,   4.6,   2.9
17-May-2000 22:00, 0.623,  29.4,  28.1, 1009.1, 0.045, 0.000,  183,   4.2,   2.3
17-May-2000 23:00, 0.513,  29.3,  29.6, 1008.8, 0.029,-0.012,   79,   4.2,   2.1
18-May-2000 00:00, 0.479,  29.6,  28.7, 1007.5, 0.060, 0.014,   38,   4.4,   3.0
18-May-2000 01:00, 0.478,  29.7,  29.0, 1006.4, 0.081, 0.022,   36,   5.1,   4.4
18-May-2000 02:00, 0.504,  29.8,  29.2, 1005.1, 0.087, 0.017,   41,   5.5,   3.5
18-May-2000 03:00, 0.571,  29.8,  29.2, 1003.8, 0.102, 0.020,   38,   4.0,   3.6
18-May-2000 04:00, 0.626,  29.9,  29.1, 1002.7, 0.098, 0.003,   35,   4.4,   3.2
18-May-2000 05:00, 0.653,  30.4,  29.7, 1002.4, 0.076,-0.029,   47,   3.7,   2.4
18-May-2000 06:00, 0.680,  30.2,  29.7, 1002.4, 0.063,-0.045,   71,   3.9,   3.2
18-May-2000 07:00, 0.705,  30.1,  29.3, 1002.5, 0.061,-0.047,   72,   3.8,   2.0
18-May-2000 08:00, 0.743,  30.2,  27.3, 1003.2, 0.083,-0.023,  198,   3.8,   2.7
18-May-2000 09:00, 0.771,  29.9,  26.8, 1004.6, 0.094,-0.004,  187,   4.3,   3.4
18-May-2000 10:00, 0.766,  29.7,  26.5, 1006.1, 0.070,-0.014,  186,   4.4,   3.1
18-May-2000 11:00, 0.772,  29.9,  26.3, 1007.1, 0.052,-0.018,  189,   4.3,   3.1
18-May-2000 12:00, 0.809,  29.8,  26.0, 1007.3, 0.055,-0.006,  185,   4.7,   3.3
18-May-2000 13:00, 0.874,  29.9,  25.9, 1007.5, 0.070, 0.012,  191,   4.6,   2.9
18-May-2000 14:00, 0.948,  29.8,  25.5, 1007.1, 0.079, 0.022,  189,   4.6,   2.8
18-May-2000 15:00, 1.031,  29.8,  25.1, 1006.7, 0.089, 0.027,  188,   4.2,   2.6
18-May-2000 16:00, 1.100,  29.8,  24.9, 1006.5, 0.096, 0.031,  187,   4.5,   2.6
18-May-2000 17:00, 1.100,  29.7,  24.8, 1006.3, 0.071, 0.004,  186,   4.2,   2.0
18-May-2000 18:00, 1.066,  29.7,  24.8, 1006.5, 0.054,-0.015,  208,   4.3,   1.8
18-May-2000 19:00, 0.990,  29.5,  24.8, 1007.2, 0.041,-0.026,  195,   4.1,   2.6
18-May-2000 20:00, 0.933,  29.4,  25.3, 1007.3, 0.092, 0.032,  188,   4.2,   2.7
18-May-2000 21:00, 0.841,  29.4,  26.5, 1007.9, 0.127, 0.069,  162,   3.9,   1.9
18-May-2000 22:00, 0.670,  29.4,  27.7, 1008.4, 0.085, 0.032,   28,   3.2,   1.7
18-May-2000 23:00, 0.508,  29.4,  28.1, 1008.0, 0.034,-0.014,-9999,   2.4,   1.1
19-May-2000 00:00, 0.438,  29.7,  28.1, 1007.1, 0.046,-0.007,-9999,   2.4,   1.3
19-May-2000 01:00, 0.425,  29.7,  28.6, 1005.8, 0.074, 0.011,-9999,   2.5,   1.4
19-May-2000 02:00, 0.465,  30.0,  28.7, 1004.3, 0.107, 0.031,  304,   2.6,   1.5
19-May-2000 03:00, 0.520,  30.2,  28.6, 1002.9, 0.114, 0.023,    9,   2.7,   2.0
19-May-2000 04:00, 0.593,  30.1,  28.9, 1002.3, 0.118, 0.014,  348,   2.5,   1.5
19-May-2000 05:00, 0.641,  30.1,  28.8, 1002.1, 0.103,-0.006,-9999,   2.3,   1.2
19-May-2000 06:00, 0.657,  30.0,  28.8, 1002.6, 0.069,-0.041,   69,   3.0,   1.9
19-May-2000 07:00, 0.678,  30.0,  27.9, 1003.6, 0.051,-0.058,  153,   2.9,   1.3
19-May-2000 08:00, 0.720,  29.9,  26.2, 1004.9, 0.071,-0.020,  203,   3.9,   1.4
19-May-2000 09:00, 0.763,-9999 ,-9999 ,-9999.0, 0.096,-9999 ,-9999,-9999 ,-9999
19-May-2000 10:00, 0.776,-9999 ,  26.2,-9999.0, 0.091,-9999 ,  177,   3.7,   1.8
19-May-2000 11:00, 0.787,  29.7,  25.8, 1007.1, 0.077, 0.011,  204,   3.7,   2.5
19-May-2000 12:00, 0.816,  29.7,  25.4, 1007.6, 0.068, 0.007,  191,   4.4,   2.5
19-May-2000 13:00, 0.870,  29.6,  25.4, 1007.2, 0.072, 0.016,  188,   4.5,   2.9
19-May-2000 14:00, 0.941,  29.7,  25.2, 1006.8, 0.078, 0.017,  192,   5.1,   2.8
19-May-2000 15:00, 1.026,  29.7,  25.0, 1006.5, 0.089, 0.025,  193,   5.0,   2.8
19-May-2000 16:00, 1.110,  29.6,  24.7, 1006.2, 0.106, 0.039,  195,   4.6,   2.6
19-May-2000 17:00, 1.147,  29.6,  24.5, 1006.3, 0.104, 0.034,  192,   4.6,   2.4
19-May-2000 18:00, 1.120,  29.6,  24.7, 1006.5, 0.084, 0.015,  188,   4.7,   2.6
19-May-2000 19:00, 1.046,  29.6,  24.4, 1006.7, 0.062,-0.005,  191,   4.8,   2.7
19-May-2000 20:00, 0.955,  29.6,  24.4, 1007.5, 0.072, 0.008,  185,   5.0,   3.6
19-May-2000 21:00, 0.873,  29.6,  26.3, 1008.0, 0.121, 0.064,  192,   4.5,   1.6
19-May-2000 22:00, 0.752,  29.6,  28.5, 1008.3, 0.138, 0.086,-9999,   3.2,   0.6
19-May-2000 23:00, 0.573,  29.6,  27.9, 1007.9, 0.086, 0.036,-9999,   2.2,   1.4
20-May-2000 00:00, 0.430,  29.6,  28.2, 1007.0, 0.040,-0.013,-9999,   3.3,   2.7
20-May-2000 01:00, 0.395,  29.9,  28.2, 1005.8, 0.065, 0.002,-9999,   5.2,   4.2
20-May-2000 02:00, 0.410,  30.0,  26.6, 1004.9, 0.092, 0.017,  258,   5.2,   1.5
20-May-2000 03:00, 0.469,  29.9,  27.2, 1003.8, 0.114, 0.030,   96,   2.5,   0.4
20-May-2000 04:00, 0.567,  30.1,  28.1, 1003.4, 0.144, 0.049,  102,   2.9,   1.5
20-May-2000 05:00, 0.651,  30.0,  28.4, 1002.8, 0.153, 0.055,   91,   3.0,   1.9
20-May-2000 06:00, 0.692,  30.0,  28.9, 1002.5, 0.134, 0.030,  114,   3.0,   1.4
20-May-2000 07:00, 0.697,  30.1,  28.1, 1003.3, 0.092,-0.014,  150,   3.8,   2.2
20-May-2000 08:00, 0.707,  29.8,  27.3, 1004.1, 0.072,-0.026,  171,   3.3,   1.5
20-May-2000 09:00, 0.752,  29.8,  27.1, 1005.4, 0.099, 0.009,  184,   3.8,   2.1
20-May-2000 10:00, 0.780,  29.8,  27.0, 1006.3, 0.108, 0.031,  147,   2.8,   1.0
20-May-2000 11:00, 0.774,-9999 ,-9999 ,-9999.0, 0.080, 0.011,  190,   3.5,   1.5
20-May-2000 12:00, 0.804,  29.8,  26.0, 1006.4, 0.073, 0.005,  200,   3.8,   1.9
20-May-2000 13:00, 0.845,  29.6,  25.6, 1006.5, 0.064,-0.004,  189,   3.5,   2.1
20-May-2000 14:00, 0.927,  29.5,  25.4, 1006.1, 0.081, 0.013,  194,   3.6,   1.5
20-May-2000 15:00, 1.009,  29.6,  25.1, 1005.9, 0.089, 0.018,  193,   4.1,   2.4
20-May-2000 16:00, 1.084,  29.6,  25.0, 1005.4, 0.094, 0.020,  192,   3.9,   1.1
20-May-2000 17:00, 1.143,  29.6,  25.1, 1005.3, 0.102, 0.023,  195,   4.1,   2.3
20-May-2000 18:00, 1.130,  29.6,  25.0, 1005.6, 0.080, 0.002,  179,   3.8,   1.4
20-May-2000 19:00, 1.063,  29.6,  25.1, 1006.0, 0.053,-0.023,  228,   2.1,   0.9
20-May-2000 20:00, 0.968,  29.6,  25.3, 1006.8, 0.046,-0.025,  266,   2.6,   0.0
20-May-2000 21:00, 0.869,  29.5,  25.2, 1007.5, 0.073, 0.009,  168,   2.4,   1.5
20-May-2000 22:00, 0.762,  29.5,  26.1, 1008.2, 0.105, 0.049,  279,   3.1,   2.1
20-May-2000 23:00, 0.631,  29.5,  24.5, 1008.4, 0.110, 0.060,  206,   7.2,   1.8
21-May-2000 00:00, 0.488,  29.5,  24.8, 1008.6, 0.078, 0.030,  264,   3.3,   1.7
21-May-2000 01:00, 0.394,  29.5,  24.0, 1007.8, 0.059, 0.012,  205,   7.2,   1.4
21-May-2000 02:00, 0.388,  29.3,  24.2, 1006.9, 0.084, 0.030,  187,   3.4,   1.7
21-May-2000 03:00, 0.417,  29.5,  24.8, 1006.1, 0.096, 0.031,  201,   4.0,   2.0
21-May-2000 04:00, 0.463,  29.5,  25.2, 1006.0, 0.084, 0.013,  154,   4.4,   1.8
21-May-2000 05:00, 0.560,  29.5,  24.4, 1005.6, 0.102, 0.029,  153,   5.1,   2.5
21-May-2000 06:00, 0.623,  29.5,  23.9, 1006.7, 0.095, 0.020,  161,   8.5,   2.0
21-May-2000 07:00, 0.651,  29.4,  23.9, 1006.9, 0.071, 0.006,  194,   4.7,   2.7
21-May-2000 08:00, 0.670,  29.4,  24.1, 1007.9, 0.053,-0.009,  179,   3.2,   0.8
21-May-2000 09:00, 0.699,  29.3,  24.2, 1008.7, 0.060, 0.008,  295,   9.0,   1.6
21-May-2000 10:00, 0.726,  29.3,  24.2, 1009.1, 0.069, 0.025,-9999,-9999 ,-9999
21-May-2000 11:00, 0.740,  29.4,  24.3, 1009.1, 0.063, 0.022,  179,   4.7,   1.4
21-May-2000 12:00, 0.762,  29.1,  25.5, 1009.1, 0.053, 0.012,   85,   9.3,   4.7
21-May-2000 13:00, 0.806,  28.8,  24.7, 1008.8, 0.047, 0.006,  131,   4.8,   2.2
21-May-2000 14:00, 0.883,  28.9,  25.1, 1007.9, 0.061, 0.016,  156,   4.6,   2.3
21-May-2000 15:00, 0.979,  29.0,  25.7, 1007.1, 0.085, 0.031,  149,   3.5,   1.1
21-May-2000 16:00, 1.064,  29.1,  25.1, 1006.9, 0.099, 0.037,  172,   3.3,   1.7
21-May-2000 17:00, 1.131,  29.1,  25.0, 1006.4, 0.108, 0.044,  173,   3.1,   1.4
21-May-2000 18:00, 1.140,  29.0,  25.8, 1006.5, 0.092, 0.023,  147,   3.6,   0.4
21-May-2000 19:00, 1.094,  29.0,  25.6, 1006.7, 0.069, 0.002,  172,   2.5,   1.8
21-May-2000 20:00, 1.011,  29.0,  25.9, 1007.0, 0.057,-0.009,  162,   3.4,   1.9
21-May-2000 21:00, 0.907,  29.1,  25.7, 1008.2, 0.066, 0.006,  174,   2.9,   1.9
21-May-2000 22:00, 0.806,  29.1,  24.7, 1008.4, 0.101, 0.051,  186,   7.0,   2.0
21-May-2000 23:00, 0.691,  29.2,  26.5, 1008.7, 0.121, 0.073,  189,   3.4,   2.2
22-May-2000 00:00, 0.545,  29.3,  25.6, 1008.3, 0.094, 0.049,  198,   4.1,   3.0
22-May-2000 01:00, 0.428,  29.3,  27.2, 1007.0, 0.064, 0.013,  183,   6.1,   2.0
22-May-2000 02:00, 0.379,  29.3,  28.4, 1006.7, 0.063, 0.000,  108,   2.6,   1.5
22-May-2000 03:00, 0.386,  29.3,  28.4, 1005.8, 0.074, 0.008,   38,   2.4,   1.6
22-May-2000 04:00, 0.439,  29.4,  28.4, 1004.9, 0.086, 0.011,  308,   1.7,   1.3
22-May-2000 05:00, 0.525,  29.6,  25.9, 1005.0, 0.103, 0.021,  103,   5.8,   2.2
22-May-2000 06:00, 0.610,  29.1,  26.1, 1005.1, 0.113, 0.030,  171,   2.9,   1.7
22-May-2000 07:00, 0.659,  29.3,  26.2, 1005.6, 0.101, 0.021,  165,   2.9,   1.5
22-May-2000 08:00, 0.688,  29.4,  26.1, 1005.7, 0.090, 0.014,  162,   3.2,   1.6
22-May-2000 09:00, 0.717,  29.4,  26.2, 1006.7, 0.093, 0.019,  163,   3.5,   1.9
22-May-2000 10:00, 0.743,  29.4,  26.3, 1007.1, 0.101, 0.037,  175,   3.9,   1.6
22-May-2000 11:00, 0.751,  29.4,  24.9, 1007.7, 0.089, 0.028,  149,   7.0,   1.2
22-May-2000 12:00, 0.750,  29.4,  24.9, 1008.1, 0.060, 0.006,  182,   3.5,   2.1
22-May-2000 13:00, 0.790,  29.4,  24.8, 1007.6, 0.055, 0.003,  206,   4.3,   3.1
22-May-2000 14:00, 0.856,  29.4,  25.0, 1008.0, 0.059, 0.004,-9999,   4.3,   0.1
22-May-2000 15:00, 0.941,  29.4,  24.6, 1007.6, 0.076, 0.023,  169,   2.2,   0.9
22-May-2000 16:00, 1.039,  29.0,  24.2, 1007.0, 0.104, 0.047,  177,   3.8,   1.6
22-May-2000 17:00, 1.101,  28.9,  24.3, 1007.0, 0.106, 0.044,  139,   3.7,   1.6
22-May-2000 18:00, 1.118,  29.0,  24.6, 1006.8, 0.088, 0.026,  147,   4.6,   2.7
22-May-2000 19:00, 1.088,  29.0,  25.0, 1007.1, 0.063,-0.001,  173,   5.0,   2.3
22-May-2000 20:00, 1.011,  29.1,  23.8, 1007.8, 0.038,-0.023,  171,   3.7,   1.2
22-May-2000 21:00, 0.928,  29.1,  24.0, 1008.3, 0.048,-0.005,  179,   3.9,   1.9
22-May-2000 22:00, 0.860,  29.2,  24.6, 1008.5, 0.104, 0.054,  190,   4.4,   1.9
22-May-2000 23:00, 0.749,  29.3,  25.2, 1008.9, 0.123, 0.077,  184,   5.5,   3.1
23-May-2000 00:00, 0.611,  29.3,  24.9, 1007.9, 0.104, 0.061,  177,   5.4,   3.3
23-May-2000 01:00, 0.482,  29.3,  25.7, 1006.3, 0.070, 0.015,  166,   4.1,   1.0
23-May-2000 02:00, 0.430,  29.3,  25.9, 1005.6, 0.078, 0.008,  202,   4.9,   3.1
23-May-2000 03:00, 0.411,  29.2,  27.3, 1004.8, 0.083, 0.005,  200,   4.2,   2.2
23-May-2000 04:00, 0.458,  29.1,  27.7, 1004.2, 0.114, 0.030,   89,   1.9,   1.1
23-May-2000 05:00, 0.543,  28.9,  27.4, 1003.1, 0.146, 0.055,  115,   1.9,   1.1
23-May-2000 06:00, 0.592,  28.9,  27.2, 1003.6, 0.125, 0.025,  175,   1.9,   0.9
23-May-2000 07:00, 0.634,  29.0,  26.0, 1003.9, 0.101, 0.006,  200,   3.2,   2.5
23-May-2000 08:00, 0.668,  29.1,  25.4, 1004.3, 0.088,-0.004,  183,   3.4,   1.5
23-May-2000 09:00, 0.695,  29.1,  25.1, 1005.1, 0.084,-0.004,  188,   3.3,   1.9
23-May-2000 10:00, 0.725,  29.0,  24.7, 1005.5, 0.094, 0.013,  187,   3.5,   2.5
23-May-2000 11:00, 0.754,  29.1,  24.8, 1006.1, 0.103, 0.027,  184,   3.7,   2.3
23-May-2000 12:00, 0.760,  29.2,  25.0, 1006.4, 0.083, 0.012,  192,   4.0,   2.4
23-May-2000 13:00, 0.787,  29.2,  25.1, 1005.8, 0.069, 0.001,  192,   4.2,   2.3
23-May-2000 14:00, 0.854,  29.2,  24.8, 1005.6, 0.079, 0.004,  189,   3.8,   2.2
23-May-2000 15:00, 0.922,  29.2,  24.6, 1005.9, 0.083, 0.007,  215,   3.2,   1.4
23-May-2000 16:00, 1.005,  29.0,  24.0, 1005.3, 0.102, 0.029,  192,   3.4,   2.1
23-May-2000 17:00, 1.081,  29.0,  24.3, 1004.9, 0.120, 0.041,  188,   3.9,   2.4
23-May-2000 18:00, 1.117,  29.0,  24.4, 1005.3, 0.118, 0.035,  201,   3.7,   1.4
23-May-2000 19:00, 1.116,  29.0,  24.3, 1005.3, 0.109, 0.030,  182,   3.7,   2.1
23-May-2000 20:00, 1.057,  29.0,  24.6, 1006.2, 0.082, 0.003,  190,   3.4,   1.5
23-May-2000 21:00, 0.968,  29.0,  25.4, 1007.0, 0.064,-0.005,  175,   2.5,   1.0
23-May-2000 22:00, 0.893,  29.0,  27.8, 1006.7, 0.093, 0.031,  169,   3.1,   1.4
23-May-2000 23:00, 0.799,  29.0,  27.9, 1007.0, 0.117, 0.052,   43,   3.7,   2.1
24-May-2000 00:00, 0.700,  29.0,  27.1, 1006.2, 0.131, 0.069,   91,   4.4,   2.3
24-May-2000 01:00, 0.580,  29.1,  27.5, 1005.1, 0.107, 0.037,   16,   2.7,   2.3
24-May-2000 02:00, 0.481,  29.4,  28.0, 1004.1, 0.075,-0.008,-9999,   3.4,   2.4
24-May-2000 03:00, 0.447,  29.5,  28.5, 1003.1, 0.079,-0.012,-9999,   2.6,   1.0
24-May-2000 04:00, 0.447,  29.4,  28.3, 1002.0, 0.086,-0.016,   19,   2.3,   1.3
24-May-2000 05:00, 0.493,  29.4,  28.3, 1002.1, 0.104,-0.007,-9999,   2.2,   1.8
24-May-2000 06:00, 0.558,  29.4,  28.3, 1002.6, 0.115, 0.005,-9999,   2.3,   0.8
24-May-2000 07:00, 0.606,  29.6,  27.0, 1003.4, 0.101,-0.004,-9999,   5.4,   4.8
24-May-2000 08:00, 0.657,  29.5,  27.4, 1004.2, 0.099, 0.001,   44,   5.5,   1.4
24-May-2000 09:00, 0.680,  29.4,  25.9, 1005.4, 0.084,-0.005,  183,   3.0,   1.9
24-May-2000 10:00, 0.701,  29.4,  25.5, 1006.1, 0.078, 0.001,  198,   4.2,   2.3
24-May-2000 11:00, 0.733,  29.4,  25.5, 1006.3, 0.088, 0.018,  192,   4.8,   2.2
24-May-2000 12:00, 0.765,  29.3,  25.2, 1006.1, 0.093, 0.023,  188,   4.5,   3.8
24-May-2000 13:00, 0.788,  29.3,  25.5, 1006.2, 0.078, 0.008,  198,   4.5,   2.6
24-May-2000 14:00, 0.833,  29.1,  25.2, 1005.5, 0.072, 0.000,  187,   4.7,   2.5
24-May-2000 15:00, 0.901,  29.1,  25.4, 1005.8, 0.079, 0.003,  334,   6.8,   6.0
24-May-2000 16:00, 0.986,  28.8,  24.4, 1004.5, 0.108, 0.033,  186,   5.0,   2.0
24-May-2000 17:00, 1.050,  28.7,  24.7, 1004.1, 0.124, 0.036,  176,   2.6,   0.8
24-May-2000 18:00, 1.081,  28.7,  24.6, 1004.4, 0.118, 0.027,  198,   3.8,   1.7
24-May-2000 19:00, 1.084,  28.6,  24.9, 1005.1, 0.108, 0.021,  203,   3.7,   0.4
24-May-2000 20:00, 1.038,  28.9,  24.9, 1005.4, 0.080,-0.001,  189,   4.5,   3.0
24-May-2000 21:00, 0.974,  28.9,  27.0, 1005.9, 0.067,-0.011,  186,   4.4,   2.3
24-May-2000 22:00, 0.901,  29.0,  28.2, 1006.0, 0.073, 0.001,  179,   3.3,   1.6
24-May-2000 23:00, 0.814,  29.1,  28.5, 1005.9, 0.085, 0.013,   32,   2.9,   1.7
25-May-2000 00:00, 0.745,  29.1,  28.2, 1005.3, 0.117, 0.044,   27,   3.2,   2.1
25-May-2000 01:00, 0.671,  29.2,  28.4, 1004.0, 0.133, 0.053,   35,   3.4,   2.5
25-May-2000 02:00, 0.585,  29.3,  28.5, 1003.1, 0.116, 0.023,-9999,   3.2,   2.3
25-May-2000 03:00, 0.526,  29.3,  28.6, 1002.0, 0.102, 0.000,-9999,   2.6,   1.6
25-May-2000 04:00, 0.489,  30.0,  29.1, 1001.4, 0.089,-0.023,-9999,   2.1,   1.1
25-May-2000 05:00, 0.503,  30.3,  29.3, 1000.9, 0.101,-0.017,  339,   1.9,   1.3
25-May-2000 06:00, 0.552,-9999 ,-9999 ,-9999.0, 0.120,-0.003,-9999,-9999 ,-9999
25-May-2000 07:00, 0.602,  30.0,  28.9, 1001.2, 0.121,-0.003,  316,   1.3,   1.0
25-May-2000 08:00, 0.642,  29.9,  27.1, 1002.2, 0.109,-0.010,  199,   2.3,   1.8
25-May-2000 09:00, 0.691,  29.5,  26.5, 1003.4, 0.112, 0.003,  182,   3.3,   2.0
25-May-2000 10:00, 0.713,  29.4,  26.3, 1004.6, 0.097, 0.001,  327,   9.2,   7.1
25-May-2000 11:00, 0.734,  29.2,  24.7, 1005.9, 0.090, 0.005,-9999,   9.2,   0.6
25-May-2000 12:00, 0.781,  29.2,  24.2, 1006.4, 0.105, 0.033,  152,   4.7,   3.0
25-May-2000 13:00, 0.812,  29.2,  24.1, 1006.3, 0.098, 0.030,  181,   3.8,   2.0
25-May-2000 14:00, 0.861,  29.3,  24.6, 1005.9, 0.100, 0.031,  181,   5.0,   2.4
25-May-2000 15:00, 0.910,  29.3,  24.9, 1005.6, 0.095, 0.022,  189,   4.9,   2.0
25-May-2000 16:00, 0.957,  29.2,  24.8, 1005.1, 0.093, 0.017,  190,   3.8,   2.5
25-May-2000 17:00, 1.008,  29.3,  24.6, 1005.4, 0.107, 0.026,  198,   4.2,   2.1
25-May-2000 18:00, 1.044,  29.2,  24.5, 1005.7, 0.119, 0.041,  203,   3.8,   1.3
25-May-2000 19:00, 1.057,  29.2,  24.3, 1005.9, 0.123, 0.047,  186,   3.0,   2.0
25-May-2000 20:00, 1.023,  29.1,  24.9, 1006.8, 0.101, 0.028,  192,   3.7,   2.5
25-May-2000 21:00, 0.972,  29.2,  26.4, 1007.3, 0.084, 0.020,  176,   3.1,   2.0
25-May-2000 22:00, 0.907,  29.2,  28.7, 1007.9, 0.077, 0.019,  140,   2.6,   1.2
25-May-2000 23:00, 0.841,  29.3,  28.2, 1007.5, 0.086, 0.033,-9999,   2.8,   1.6
26-May-2000 00:00, 0.776,  29.3,  27.9, 1006.6, 0.101, 0.043,-9999,   3.2,   2.8
26-May-2000 01:00, 0.712,  29.3,  27.8, 1005.3, 0.114, 0.046,-9999,   4.3,   1.4
26-May-2000 02:00, 0.644,  29.4,  28.3, 1004.0, 0.111, 0.031,-9999,   2.6,   1.6
26-May-2000 03:00, 0.588,  29.3,  28.3, 1002.6, 0.102, 0.009,-9999,   3.8,   3.3
26-May-2000 04:00, 0.551,  30.2,  29.1, 1002.2, 0.097,-0.010,-9999,   3.4,   2.0
26-May-2000 05:00, 0.529,  30.2,  29.0, 1002.0, 0.091,-0.019,  288,   3.2,   2.0
26-May-2000 06:00, 0.548,  30.2,  28.9, 1002.2, 0.106,-0.006,  314,   3.4,   1.6
26-May-2000 07:00, 0.581,  30.2,  28.5, 1002.8, 0.110, 0.001,  202,   1.9,   1.2
26-May-2000 08:00, 0.619,  29.9,  27.1, 1003.6, 0.107, 0.004,  180,   3.9,   2.2
26-May-2000 09:00, 0.645,  29.6,  26.7, 1005.0, 0.087,-0.008,  183,   3.6,-9999
26-May-2000 10:00, 0.681,  29.5,  26.4, 1005.9, 0.077,-0.004,-9999,   3.2,   1.0
26-May-2000 11:00, 0.727,  29.5,  25.9, 1006.3, 0.081, 0.009,  195,   3.8,   1.9
26-May-2000 12:00, 0.783,  29.5,  25.7, 1006.4, 0.099, 0.030,  186,   3.8,   2.3
26-May-2000 13:00, 0.830,  29.5,  25.6, 1006.4, 0.104, 0.036,  186,   4.8,   3.0
26-May-2000 14:00, 0.878,  29.4,  25.1, 1006.1, 0.106, 0.037,  175,   4.6,   2.4
26-May-2000 15:00, 0.914,  29.4,  24.9, 1005.7, 0.094, 0.023,  177,   5.1,   3.3
26-May-2000 16:00, 0.943,  29.4,  24.9, 1005.5, 0.083, 0.007,  191,   5.1,   3.1
26-May-2000 17:00, 0.969,  29.4,  24.8, 1005.7, 0.083, 0.006,  189,   5.4,   2.8
26-May-2000 18:00, 0.982,  29.4,  24.8, 1005.7, 0.086, 0.011,  183,   5.1,   2.8
26-May-2000 19:00, 0.979,  29.4,  24.6, 1006.4, 0.086, 0.012,  187,   5.2,   3.0
26-May-2000 20:00, 0.952,  29.4,  24.8, 1007.1, 0.077, 0.009,  194,   5.6,   2.9
26-May-2000 21:00, 0.898,  29.1,  25.3, 1007.8, 0.053,-0.008,  185,   4.8,   2.3
26-May-2000 22:00, 0.843,  29.2,  28.1, 1008.0, 0.040,-0.014,  170,   4.1,   0.1
26-May-2000 23:00, 0.790,  29.2,  27.8, 1007.4, 0.038,-0.015,  313,   2.7,   1.6
27-May-2000 00:00, 0.739,  29.3,  28.3, 1006.6, 0.043,-0.016,   23,   3.5,   3.0
27-May-2000 01:00, 0.700,  29.3,  28.2, 1005.5, 0.060,-0.007,   17,   3.7,   2.4
27-May-2000 02:00, 0.668,  29.5,  28.5, 1003.9, 0.078, 0.000,-9999,   3.2,   1.9
27-May-2000 03:00, 0.634,  29.5,  29.4, 1002.6, 0.087,-0.007,   56,   5.5,   4.4
27-May-2000 04:00, 0.597,  29.7,  28.6, 1001.5, 0.084,-0.023,  138,   6.2,   1.4
27-May-2000 05:00, 0.563,  29.6,  29.6, 1001.3, 0.074,-0.043,  297,   3.2,   0.7
27-May-2000 06:00, 0.547,  30.2,  28.5, 1001.8, 0.070,-0.049,  289,   3.7,   2.9
27-May-2000 07:00, 0.554,  30.0,  25.9, 1003.1, 0.072,-0.041,  212,   7.6,   1.1
27-May-2000 08:00, 0.580,  30.1,  25.6, 1004.3, 0.075,-0.025,  182,   3.1,   2.2
27-May-2000 09:00, 0.618,  30.0,  25.6, 1005.3, 0.075,-0.013,  193,   4.1,   1.4
27-May-2000 10:00, 0.678,  30.0,  25.5, 1006.2, 0.086, 0.008,  185,   3.9,   2.2
27-May-2000 11:00, 0.727,  30.0,  25.5, 1006.5, 0.083, 0.013,  183,   4.0,   2.7
27-May-2000 12:00, 0.783,  30.0,  25.3, 1006.6, 0.088, 0.021,  181,   4.0,   2.3
27-May-2000 13:00, 0.847,  29.8,  25.3, 1006.5, 0.102, 0.036,  190,   4.6,   2.4
27-May-2000 14:00, 0.908,  29.7,  25.1, 1006.2, 0.116, 0.049,  186,   4.6,   3.0
27-May-2000 15:00, 0.951,  29.6,  24.8, 1005.7, 0.115, 0.045,  182,   4.7,   2.7
27-May-2000 16:00, 0.987,  29.6,  24.7, 1004.9, 0.119, 0.043,  181,   4.8,   2.8
27-May-2000 17:00, 0.988,  29.5,  24.5, 1005.0, 0.105, 0.022,  185,   4.9,   3.4
27-May-2000 18:00, 0.978,  29.5,  24.4, 1005.0, 0.099, 0.016,  188,   4.9,   2.9
27-May-2000 19:00, 0.953,  29.5,  24.3, 1005.3, 0.094, 0.012,  183,   4.9,   2.6
27-May-2000 20:00, 0.930,  29.4,  24.0, 1005.5, 0.103, 0.024,  176,   5.9,   3.3
27-May-2000 21:00, 0.897,  29.3,  25.7, 1005.9, 0.109, 0.032,  197,   5.1,   1.3
27-May-2000 22:00, 0.850,  29.4,  27.3, 1006.2, 0.099, 0.027,  315,   3.4,   1.4
27-May-2000 23:00, 0.812,  29.4,  27.8, 1005.8, 0.097, 0.027,  311,   2.6,   2.1
28-May-2000 00:00, 0.778,  29.6,  28.3, 1005.1, 0.095, 0.021,-9999,   3.3,   3.1
28-May-2000 01:00, 0.743,  29.8,  28.5, 1004.4, 0.093, 0.011,-9999,   3.8,   1.8
28-May-2000 02:00, 0.712,  29.8,  29.0, 1003.1, 0.091, 0.002,-9999,   2.7,   0.7
28-May-2000 03:00, 0.706,  29.8,  29.7, 1001.8, 0.110, 0.008,-9999,   5.2,   3.7
28-May-2000 04:00, 0.680,  30.1,  29.9, 1000.6, 0.112,-0.003,   38,   5.8,   2.4
28-May-2000 05:00, 0.659,  30.3,  30.1,  999.8, 0.116,-0.011,   65,   6.4,   4.0
28-May-2000 06:00, 0.653,  30.5,  30.2,  999.7, 0.128,-0.006,   75,   6.6,   4.1
28-May-2000 07:00, 0.630,  30.6,  29.2, 1000.6, 0.112,-0.022,  110,   5.4,   2.4
28-May-2000 08:00, 0.629,  30.2,  28.0, 1001.8, 0.105,-0.020,  167,   3.6,   1.0
28-May-2000 09:00, 0.656,  30.4,  26.8, 1002.9, 0.112,-0.001,  163,   1.8,   0.9
28-May-2000 10:00, 0.695,  30.4,  26.8, 1004.0, 0.110, 0.008,  210,   1.7,   0.0
28-May-2000 11:00, 0.749,  30.4,  26.5, 1005.1, 0.106, 0.016,  197,   1.7,   0.6
28-May-2000 12:00, 0.813,  30.0,  26.5, 1004.9, 0.108, 0.027,  178,   1.9,   0.1
28-May-2000 13:00, 0.882,  29.7,  26.0, 1005.3, 0.118, 0.035,  186,   2.2,   1.5
28-May-2000 14:00, 0.945,  29.8,  25.6, 1005.3, 0.129, 0.050,  191,   3.2,   1.6
28-May-2000 15:00, 0.989,  29.9,  25.6, 1004.8, 0.128, 0.049,  183,   4.1,   2.8
28-May-2000 16:00, 1.013,  29.9,  25.3, 1004.5, 0.124, 0.039,  181,   4.1,   2.8
28-May-2000 17:00, 1.009,  29.9,  25.1, 1004.7, 0.118, 0.031,  191,   3.7,   1.6
28-May-2000 18:00, 0.979,  29.9,  25.1, 1005.0, 0.105, 0.021,  197,   4.2,   1.9
28-May-2000 19:00, 0.935,  29.9,  24.9, 1005.0, 0.098, 0.016,  181,   5.1,   3.2
28-May-2000 20:00, 0.888,  29.8,  25.0, 1005.3, 0.101, 0.019,  182,   5.0,   1.7
28-May-2000 21:00, 0.835,  29.8,  27.0, 1006.2, 0.103, 0.024,  292,   2.6,   0.9
28-May-2000 22:00, 0.786,  29.7,  28.8, 1006.6, 0.104, 0.035,   89,   3.5,   2.6
28-May-2000 23:00, 0.760,  29.7,  29.8, 1005.7, 0.111, 0.045,   84,   4.6,   1.8
29-May-2000 00:00, 0.738,  29.8,  29.7, 1004.7, 0.107, 0.030,   60,   5.7,   4.2
29-May-2000 01:00, 0.729,  30.0,  29.2, 1003.5, 0.106, 0.020,   47,   6.2,   4.8
29-May-2000 02:00, 0.720,  30.1,  29.6, 1001.9, 0.102, 0.004,   59,   6.3,   5.1
29-May-2000 03:00, 0.701,  30.3,  29.3, 1000.7, 0.087,-0.027,   53,   6.8,   3.6
29-May-2000 04:00, 0.697,  30.4,  28.8,  999.6, 0.090,-0.037,   44,   5.2,   4.0
29-May-2000 05:00, 0.689,  30.2,  28.7,  999.8, 0.097,-0.039,   43,   4.4,   3.2
29-May-2000 06:00, 0.693,  29.7,  28.9, 1000.7, 0.117,-0.016,   88,   3.7,   2.1
29-May-2000 07:00, 0.667,  29.9,  27.5, 1001.5, 0.099,-0.025,  182,   3.4,   2.5
29-May-2000 08:00, 0.644,  29.8,  26.6, 1003.0, 0.079,-0.036,  186,   4.2,   2.2
29-May-2000 09:00, 0.632,  29.7,  26.3, 1004.5, 0.060,-0.040,  186,   3.9,   2.8
29-May-2000 10:00, 0.659,  29.7,  26.4, 1005.3, 0.063,-0.023,  198,   4.0,   2.5
29-May-2000 11:00, 0.717,  29.7,  26.0, 1006.0, 0.072,-0.006,  189,   5.0,   2.4
29-May-2000 12:00, 0.793,  29.6,  25.8, 1006.1, 0.080, 0.008,  188,   3.4,   2.7
29-May-2000 13:00, 0.882,  29.6,  25.3, 1005.9, 0.098, 0.027,  205,   4.0,   1.4
29-May-2000 14:00, 0.940,  29.5,  24.9, 1005.5, 0.096, 0.023,  194,   3.8,   2.5
29-May-2000 15:00, 0.987,  29.6,  25.0, 1004.9, 0.098, 0.021,  179,   4.1,   2.8
29-May-2000 16:00, 1.012,  29.6,  24.8, 1004.4, 0.095, 0.012,  184,   4.9,   2.7
29-May-2000 17:00, 1.006,  29.5,  24.7, 1004.4, 0.094, 0.006,  184,   5.2,   3.5
29-May-2000 18:00, 0.975,  29.5,  24.7, 1004.6, 0.095, 0.008,  186,   5.5,   3.5
29-May-2000 19:00, 0.897,  29.5,  24.4, 1005.1, 0.069,-0.016,  181,   5.2,   2.8
29-May-2000 20:00, 0.821,  29.5,  24.7, 1005.8, 0.059,-0.021,  177,   5.1,   3.0
29-May-2000 21:00, 0.752,  29.5,  25.9, 1006.3, 0.065,-0.009,  183,   5.6,   2.7
29-May-2000 22:00, 0.689,  29.5,  28.1, 1006.8, 0.072, 0.004,  175,   4.4,   0.8
29-May-2000 23:00, 0.656,  29.5,  28.7, 1006.1, 0.088, 0.023,   33,   2.8,   1.9
30-May-2000 00:00, 0.645,  29.5,  28.5, 1005.3, 0.094, 0.023,   31,   3.3,   3.0
30-May-2000 01:00, 0.654,  29.9,  31.3, 1003.2, 0.097, 0.016,-9999,  14.9,   0.0
30-May-2000 02:00, 0.666,  30.0,  30.9, 1001.5, 0.092,-0.010,  340,  17.6,   0.0
30-May-2000 03:00, 0.675,  29.8,  29.1, 1000.5, 0.081,-0.036,-9999,   4.3,   3.3
30-May-2000 04:00, 0.678,  29.8,  29.0,  999.9, 0.065,-0.064,   24,   5.0,   2.7
30-May-2000 05:00, 0.675,  29.6,  24.5, 1001.7, 0.054,-0.077,  197,   6.2,   3.3
30-May-2000 06:00, 0.690,  29.7,  25.0, 1002.4, 0.073,-0.042,  176,   7.8,   2.9
30-May-2000 07:00, 0.695,  29.8,  25.4, 1004.0, 0.080,-0.026,   30,   6.4,   2.1
30-May-2000 08:00, 0.690,  29.8,  25.2, 1004.6, 0.073,-0.019,  203,   3.6,   2.2
30-May-2000 09:00, 0.678,  29.8,  25.3, 1005.6, 0.058,-0.026,  247,   3.2,   1.1
30-May-2000 10:00, 0.699,  29.7,  25.1, 1005.0, 0.068,-0.009,  231,   2.4,   0.5
30-May-2000 11:00, 0.737,  29.7,  24.6, 1005.3, 0.073,-0.009,  183,   3.0,   1.6
30-May-2000 12:00, 0.789,  29.7,  24.6, 1005.4, 0.064,-0.015,  192,   3.6,   1.7
30-May-2000 13:00, 0.871,  29.7,  24.7, 1004.7, 0.070,-0.008,  188,   2.9,   1.4
30-May-2000 14:00, 0.942,  29.7,  24.7, 1004.5, 0.071,-0.014,  162,   3.0,   0.5
30-May-2000 15:00, 1.013,  29.6,  24.8, 1003.6, 0.093, 0.005,  217,   1.8,   0.8
30-May-2000 16:00, 1.043,  29.6,  24.7, 1002.9, 0.096,-0.001,  172,   2.5,   1.0
30-May-2000 17:00, 1.026,  29.6,  24.6, 1003.1, 0.083,-0.020,  180,   2.2,   0.3
30-May-2000 18:00, 1.004,  29.6,  24.5, 1003.3, 0.104, 0.003,-9999,   2.2,   1.5
30-May-2000 19:00, 0.950,  29.6,  24.3, 1003.9, 0.118, 0.020,  164,   3.4,   1.9
30-May-2000 20:00, 0.860,  29.6,  25.2, 1004.7, 0.109, 0.017,  181,   2.4,   1.5
30-May-2000 21:00, 0.756,  29.6,  28.2, 1005.5, 0.096, 0.012,  107,   3.2,   2.1
30-May-2000 22:00, 0.658,  29.5,  28.6, 1005.7, 0.088, 0.011,  104,   4.6,   3.0
30-May-2000 23:00, 0.592,  29.5,  29.3, 1004.7, 0.095, 0.020,  103,   5.6,   2.7
31-May-2000 00:00, 0.562,-9999 ,  29.8, 1003.1, 0.102, 0.016,   83,   5.9,   3.3
31-May-2000 01:00, 0.585,-9999 ,  29.1, 1002.8, 0.120, 0.019,  270,   5.2,   0.0
31-May-2000 02:00, 0.631,  29.9,  28.9, 1002.6, 0.134, 0.030,  270,   4.2,   0.0
31-May-2000 03:00, 0.667,  29.7,  29.2, 1001.4, 0.132, 0.025,  270,   4.8,   0.0
31-May-2000 04:00, 0.697,  29.7,  29.3,  999.9, 0.120, 0.001,   39,   3.7,   2.3
31-May-2000 05:00, 0.716,  29.8,  29.7,  999.5, 0.100,-0.033,   33,   3.9,   2.1
31-May-2000 06:00, 0.716,  29.8,  29.4, 1000.0, 0.080,-0.056,   32,   2.3,   1.3
31-May-2000 07:00, 0.780,  29.8,  29.0, 1000.6, 0.133, 0.002,  108,   2.4,   2.0
31-May-2000 08:00, 0.815,  29.9,  27.3, 1000.7, 0.155, 0.029,  189,   1.6,   1.2
31-May-2000 09:00, 0.802,  29.9,  26.9, 1000.9, 0.131, 0.006,  200,   2.5,   1.9
31-May-2000 10:00, 0.792,  29.9,  26.6, 1001.9, 0.109,-0.012,  181,   3.8,   2.5
31-May-2000 11:00, 0.804,  29.8,  25.8, 1002.8, 0.101,-0.011,  179,   4.8,   2.5
31-May-2000 12:00, 0.854,  29.7,  25.7, 1003.1, 0.105, 0.002,  185,   4.6,   2.9
31-May-2000 13:00, 0.929,  29.7,  25.6, 1003.1, 0.110, 0.009,  182,   4.7,   2.9
31-May-2000 14:00, 1.022,  29.7,  25.4, 1002.9, 0.127, 0.026,  186,   4.4,   3.0
31-May-2000 15:00, 1.092,  29.7,  25.2, 1002.6, 0.139, 0.036,  179,   4.2,   2.5
31-May-2000 16:00, 1.125,  29.7,  25.1, 1002.3, 0.146, 0.040,  184,   4.8,   3.0
31-May-2000 17:00, 1.114,  29.6,  24.8, 1002.2, 0.137, 0.028,  182,   4.6,   3.0
31-May-2000 18:00, 1.061,  29.6,  24.8, 1002.6, 0.127, 0.017,  183,   5.0,   2.6
31-May-2000 19:00, 1.014,  29.6,  24.8, 1003.2, 0.162, 0.056,  186,   4.5,   3.1
31-May-2000 20:00, 0.927,  29.5,  24.7, 1004.2, 0.170, 0.071,  187,   5.5,   3.2
31-May-2000 21:00, 0.777,  29.5,  26.7, 1005.3, 0.125, 0.036,  197,   5.0,   1.4
31-May-2000 22:00, 0.647,  29.5,  27.7, 1005.6, 0.102, 0.023,  308,   4.5,   1.2
31-May-2000 23:00, 0.555,  29.5,  28.5, 1005.1, 0.106, 0.030,  270,   2.8,   0.0
01-Jun-2000 00:00, 0.516,  29.6,  28.4, 1003.7, 0.131, 0.049,   33,   2.9,   2.6
01-Jun-2000 01:00, 0.508,  29.8,  28.3, 1002.8, 0.139, 0.043,  342,   4.0,   3.2
01-Jun-2000 02:00, 0.538,  29.8,  27.6, 1002.2, 0.140, 0.036,  313,   6.5,   3.0
01-Jun-2000 03:00, 0.599,  29.8,  27.8, 1001.4, 0.148, 0.038,  321,   4.4,   3.7
01-Jun-2000 04:00, 0.644,  29.8,  27.5, 1000.8, 0.137, 0.019,  299,   4.3,   2.5
01-Jun-2000 05:00, 0.685,  29.8,  27.6, 1001.0, 0.117,-0.007,  309,   3.4,   1.2
01-Jun-2000 06:00, 0.719,  30.0,  27.7, 1001.6, 0.099,-0.022,  284,   3.0,   1.0
01-Jun-2000 07:00, 0.762,  29.8,  27.4, 1002.0, 0.110,-0.006,  202,   1.7,   0.9
01-Jun-2000 08:00, 0.820,  29.8,  26.6, 1003.3, 0.139, 0.029,  192,   3.4,   1.5
01-Jun-2000 09:00, 0.842,  29.8,  26.1, 1004.2, 0.135, 0.037,  188,   3.1,   1.6
01-Jun-2000 10:00, 0.808,  29.6,  25.8, 1005.0, 0.080,-0.009,  184,   4.1,   2.0
01-Jun-2000 11:00, 0.808,  29.7,  25.7, 1005.3, 0.059,-0.023,  186,   4.6,   2.5
01-Jun-2000 12:00, 0.859,  29.6,  25.4, 1005.6, 0.076,-0.002,  175,   3.8,   0.7
01-Jun-2000 13:00, 0.927,  29.6,  25.3, 1005.3, 0.087, 0.011,  190,   3.7,   2.7
01-Jun-2000 14:00, 1.005,  29.6,  25.2, 1004.8, 0.091, 0.012,  165,   4.7,   1.4
01-Jun-2000 15:00, 1.083,  29.5,  25.0, 1004.7, 0.103, 0.018,  189,   3.9,   2.5
01-Jun-2000 16:00, 1.127,  29.4,  24.7, 1004.7, 0.112, 0.027,  186,   4.3,   2.7
01-Jun-2000 17:00, 1.118,  29.5,  24.6, 1004.4, 0.104, 0.018,  182,   4.4,   2.1
01-Jun-2000 18:00, 1.074,  29.4,  24.8, 1004.5, 0.099, 0.011,  184,   3.8,   2.7
01-Jun-2000 19:00, 1.015,  29.4,  24.6, 1005.1, 0.124, 0.037,  190,   4.5,   3.4
01-Jun-2000 20:00, 0.948,  29.4,  24.8, 1005.8, 0.167, 0.087,  184,   4.4,   2.9
01-Jun-2000 21:00, 0.786,  29.4,  25.7, 1006.4, 0.120, 0.047,  180,   4.1,   2.0
01-Jun-2000 22:00, 0.601,  29.4,  28.2, 1007.0, 0.055,-0.012,  112,   3.2,   1.6
01-Jun-2000 23:00, 0.495,  29.4,  29.2, 1006.1, 0.061,-0.002,   67,   3.4,   2.0
02-Jun-2000 00:00, 0.441,  29.5,  28.6, 1005.5, 0.098, 0.027,   39,   3.6,   3.2
02-Jun-2000 01:00, 0.423,  29.6,  29.2, 1004.6, 0.127, 0.049,   49,   4.7,   2.3
02-Jun-2000 02:00, 0.438,  29.7,  29.1, 1003.3, 0.134, 0.047,    5,   3.1,   2.5
02-Jun-2000 03:00, 0.497,  29.8,  29.2, 1002.5, 0.143, 0.044,  316,   3.3,   2.2
02-Jun-2000 04:00, 0.540,  29.7,  29.1, 1001.8, 0.121, 0.013,  329,   3.4,   2.3
02-Jun-2000 05:00, 0.578,  29.6,  29.2, 1001.7, 0.088,-0.027,  328,   3.3,   2.1
02-Jun-2000 06:00, 0.646,  29.6,  29.2, 1002.0, 0.080,-0.035,  296,   2.7,   2.4
02-Jun-2000 07:00, 0.720,  29.6,  29.0, 1002.7, 0.093,-0.019,  343,   2.4,   1.5
02-Jun-2000 08:00, 0.776,  29.9,  27.5, 1003.8, 0.104, 0.000,  187,   2.4,   1.3
02-Jun-2000 09:00, 0.840,  29.7,  27.0, 1004.7, 0.125, 0.032,  193,   3.1,   2.2
02-Jun-2000 10:00, 0.850,  29.7,  26.5, 1005.3, 0.099, 0.015,  196,   3.2,   1.9
02-Jun-2000 11:00, 0.843,  29.7,  26.2, 1006.0, 0.061,-0.017,  194,   4.1,   2.6
02-Jun-2000 12:00, 0.892,  29.6,  26.5, 1006.2, 0.076, 0.004,  189,   3.9,   1.9
02-Jun-2000 13:00, 0.964,  29.6,  26.0, 1006.3, 0.100, 0.030,  198,   4.1,   3.2
02-Jun-2000 14:00, 1.027,  29.6,  25.6, 1006.2, 0.098, 0.030,  183,   4.5,   2.5
02-Jun-2000 15:00, 1.104,  29.6,  25.5, 1005.7, 0.108, 0.037,  195,   4.6,   3.0
02-Jun-2000 16:00, 1.156,  29.6,  25.3, 1005.7, 0.112, 0.037,  193,   5.1,   2.9
02-Jun-2000 17:00, 1.150,  29.6,  25.2, 1005.6, 0.100, 0.025,  194,   4.7,   2.8
02-Jun-2000 18:00, 1.087,  29.5,  25.1, 1006.0, 0.069,-0.007,  190,   4.6,   3.0
02-Jun-2000 19:00, 1.000,  29.5,  24.9, 1006.7, 0.058,-0.013,  194,   4.7,   2.7
02-Jun-2000 20:00, 0.927,  29.5,  25.2, 1007.1, 0.103, 0.038,  187,   4.2,   3.1
02-Jun-2000 21:00, 0.856,  29.5,  27.1, 1007.8, 0.159, 0.099,  188,   4.3,   1.4
02-Jun-2000 22:00, 0.711,  29.5,  28.3, 1008.1, 0.140, 0.086,  222,   2.8,   0.9
02-Jun-2000 23:00, 0.537,  29.5,  28.3, 1008.1, 0.088, 0.037,   33,   3.0,   2.1
03-Jun-2000 00:00, 0.421,  29.7,  28.4, 1007.4, 0.080, 0.028,   30,   2.8,   2.5
03-Jun-2000 01:00, 0.365,  29.7,  28.7, 1006.6, 0.099, 0.040,   37,   3.1,   1.9
03-Jun-2000 02:00, 0.363,  29.9,  28.9, 1005.5, 0.120, 0.053,  345,   2.2,   1.6
03-Jun-2000 03:00, 0.400,  30.0,  29.1, 1004.9, 0.130, 0.052,  350,   3.1,   2.6
03-Jun-2000 04:00, 0.469,  30.0,  29.2, 1004.1, 0.135, 0.051,    5,   2.8,   1.9
03-Jun-2000 05:00, 0.534,  29.9,  29.4, 1003.9, 0.127, 0.035,  321,   2.2,   1.4
03-Jun-2000 06:00, 0.604,  29.6,  29.3, 1004.5, 0.116, 0.023,  327,   2.1,   1.0
03-Jun-2000 07:00, 0.657,  30.0,  28.9, 1005.2, 0.086,-0.001,  198,   1.5,   0.6
03-Jun-2000 08:00, 0.743,  29.7,  27.2, 1005.9, 0.105, 0.026,  190,   2.4,   1.7
03-Jun-2000 09:00, 0.851,  29.7,  26.4, 1006.5, 0.159, 0.086,-9999,-9999 ,-9999
03-Jun-2000 10:00, 0.887,  29.8,  26.4, 1007.4, 0.143, 0.077,  186,   3.8,   2.6
03-Jun-2000 11:00, 0.873,  29.8,  26.1, 1008.0, 0.084, 0.027,  185,   3.9,   2.9
03-Jun-2000 12:00, 0.903,  29.8,  26.1, 1008.0, 0.071, 0.019,  190,   4.3,   2.8
03-Jun-2000 13:00, 0.981,  29.8,  26.0, 1008.0, 0.103, 0.051,  185,   4.8,   2.6
03-Jun-2000 14:00, 1.052,  29.7,  25.5, 1008.1, 0.116, 0.064,  188,   4.4,   2.5
03-Jun-2000 15:00, 1.112,  29.8,  25.3, 1008.0, 0.111, 0.060,  182,   4.4,   2.4
03-Jun-2000 16:00, 1.182,  29.7,  25.1, 1007.7, 0.126, 0.073,  184,   4.6,   2.6
03-Jun-2000 17:00, 1.195,  29.7,  24.8, 1007.5, 0.118, 0.062,  190,   4.4,   3.1
03-Jun-2000 18:00, 1.144,  29.7,  24.5, 1007.7, 0.090, 0.033,  185,   5.5,   3.6
03-Jun-2000 19:00, 1.058,  29.6,  24.4, 1008.1, 0.067, 0.013,  186,   4.9,   3.2
03-Jun-2000 20:00, 0.975,  29.6,  24.5, 1008.3, 0.093, 0.042,  180,   5.0,   2.7
03-Jun-2000 21:00, 0.900,  29.4,  25.6, 1009.2, 0.153, 0.105,  184,   5.6,   4.1
03-Jun-2000 22:00, 0.772,  29.4,  27.1, 1009.5, 0.160, 0.120,  180,   4.6,   2.5
03-Jun-2000 23:00, 0.572,  29.7,  27.9, 1009.5, 0.086, 0.050,  184,   3.5,   2.1
04-Jun-2000 00:00, 0.433,  29.4,  28.9, 1008.7, 0.060, 0.022,   72,   2.7,   1.7
04-Jun-2000 01:00, 0.360,  29.4,  29.0, 1008.0, 0.079, 0.034,   43,   3.8,   3.2
04-Jun-2000 02:00, 0.328,  29.6,  29.8, 1006.9, 0.101, 0.048,   58,   6.0,   4.6
04-Jun-2000 03:00, 0.335,  29.7,  29.9, 1006.2, 0.110, 0.046,   59,   6.6,   4.6
04-Jun-2000 04:00, 0.383,  29.8,  30.2, 1005.5, 0.114, 0.043,   63,   7.2,   5.3
04-Jun-2000 05:00, 0.461,  29.8,  30.3, 1005.8, 0.124, 0.047,   65,   7.0,   4.8
04-Jun-2000 06:00, 0.514,  29.9,  30.0, 1005.8, 0.100, 0.026,   62,   6.4,   3.9
04-Jun-2000 07:00, 0.583,  29.8,  29.9, 1006.4, 0.083, 0.010,  116,   5.7,   2.6
04-Jun-2000 08:00, 0.679,  29.8,  28.6, 1006.9, 0.095, 0.028,  161,   3.2,   1.1
04-Jun-2000 09:00, 0.764,  29.7,  28.3, 1007.8, 0.114, 0.052,  132,   2.1,   1.4
04-Jun-2000 10:00, 0.847,  29.7,  26.9, 1008.8, 0.138, 0.085,  206,   1.9,   1.0
04-Jun-2000 11:00, 0.853,  29.7,  26.5, 1009.4, 0.088, 0.045,  189,   3.4,   2.2
04-Jun-2000 12:00, 0.860,  29.7,  26.6, 1009.4, 0.041, 0.002,  187,   3.4,   2.1
04-Jun-2000 13:00, 0.925,  29.6,  26.4, 1009.4, 0.052, 0.014,  195,   3.7,   2.3
04-Jun-2000 14:00, 1.005,  29.6,  26.1, 1009.2, 0.076, 0.038,  178,   4.2,   2.5
04-Jun-2000 15:00, 1.057,  29.6,  25.9, 1008.8, 0.066, 0.025,  162,   4.3,   1.5
04-Jun-2000 16:00, 1.129,  29.6,  25.9, 1008.5, 0.080, 0.036,  192,   5.2,   2.7
04-Jun-2000 17:00, 1.192,  29.6,  25.6, 1008.1, 0.108, 0.060,  184,   4.1,   2.3
04-Jun-2000 18:00, 1.170,  29.5,  25.3, 1008.3, 0.092, 0.041,  185,   4.3,   2.4
04-Jun-2000 19:00, 1.087,  29.5,  25.1, 1008.4, 0.059, 0.010,  179,   4.0,   2.2
04-Jun-2000 20:00, 0.989,  29.5,  25.2, 1008.8, 0.052, 0.004,  180,   4.6,   2.3
04-Jun-2000 21:00, 0.886,  29.5,  27.4, 1009.5, 0.078, 0.034,  175,   4.2,   1.2
04-Jun-2000 22:00, 0.795,  29.5,  29.1, 1010.1, 0.128, 0.091,  110,   4.8,   3.7
04-Jun-2000 23:00, 0.677,  29.5,  30.3, 1010.0, 0.141, 0.109,  106,   7.8,   5.5
05-Jun-2000 00:00, 0.505,  29.5,  29.6, 1009.9, 0.081, 0.049,   99,   9.3,   5.3
05-Jun-2000 01:00, 0.389,  29.6,  29.3, 1009.0, 0.060, 0.026,  106,  10.5,   6.2
05-Jun-2000 02:00, 0.329,  29.7,  30.1, 1008.0, 0.071, 0.028,  112,   7.9,   4.5
05-Jun-2000 03:00, 0.309,  29.7,  27.8, 1007.5, 0.081, 0.028,  144,   9.3,   3.8
05-Jun-2000 04:00, 0.344,  29.7,  30.3, 1007.0, 0.101, 0.043,  103,   7.4,   4.2
05-Jun-2000 05:00, 0.392,  29.7,  28.3, 1007.2, 0.099, 0.037,   75,   9.5,   5.7
05-Jun-2000 06:00, 0.468,  29.7,  29.6, 1007.7, 0.106, 0.047,   95,   6.9,   2.8
05-Jun-2000 07:00, 0.532,  29.7,  27.0, 1008.3, 0.095, 0.040,  160,   9.1,   0.7
05-Jun-2000 08:00, 0.595,  29.7,  27.5, 1008.9, 0.073, 0.025,  154,   3.2,   1.2
05-Jun-2000 09:00, 0.668,  29.7,  26.7, 1009.3, 0.068, 0.025,  158,   2.5,   1.3
05-Jun-2000 10:00, 0.763,  29.6,  27.3, 1010.3, 0.098, 0.061,  122,   5.1,   3.5
05-Jun-2000 11:00, 0.853,  29.6,  28.1, 1010.3, 0.131, 0.101,  142,   6.2,   3.5
05-Jun-2000 12:00, 0.871,  29.6,  27.2, 1010.4, 0.088, 0.060,  160,   3.4,   1.4
05-Jun-2000 13:00, 0.907,  29.5,  26.2, 1009.8, 0.061, 0.032,  188,   2.6,   0.8
05-Jun-2000 14:00, 0.975,  29.5,  26.3, 1009.4, 0.069, 0.034,  166,   2.7,   1.6
05-Jun-2000 15:00, 1.049,  29.5,  25.5, 1008.6, 0.084, 0.044,  183,   2.4,   0.5
05-Jun-2000 16:00, 1.110,  29.5,  24.8, 1008.1, 0.088, 0.041,  188,   4.2,   2.9
05-Jun-2000 17:00, 1.155,  29.4,  24.7, 1008.0, 0.092, 0.040,  182,   4.5,   2.7
05-Jun-2000 18:00, 1.179,  29.5,  25.3, 1008.3, 0.102, 0.050,  208,   3.7,   0.9
05-Jun-2000 19:00, 1.135,  29.5,  24.4, 1009.2, 0.089, 0.041,  187,   4.8,   2.3
05-Jun-2000 20:00, 1.054,  29.5,  24.6, 1009.3, 0.082, 0.042,  175,   4.4,   1.5
05-Jun-2000 21:00, 0.952,  29.4,  25.1, 1009.3, 0.089, 0.049,  176,   4.1,   1.4
05-Jun-2000 22:00, 0.820,  29.5,  26.4, 1010.7, 0.091, 0.053,  185,   2.1,   1.4
05-Jun-2000 23:00, 0.696,  29.5,  27.6, 1011.6, 0.101, 0.077,  113,   3.8,   2.8
06-Jun-2000 00:00, 0.620,  29.4,  25.1, 1010.5, 0.139, 0.121,  147,   9.7,   1.5
06-Jun-2000 01:00, 0.526,  29.5,  26.5, 1009.8, 0.134, 0.106,   87,   3.1,   1.4
06-Jun-2000 02:00, 0.424,  29.5,  27.2, 1009.0, 0.103, 0.068,  137,   3.1,   1.9
06-Jun-2000 03:00, 0.372,  29.5,  28.2, 1008.8, 0.098, 0.056,  100,   3.9,   1.7
06-Jun-2000 04:00, 0.361,  29.6,  28.4, 1008.4, 0.099, 0.054,   89,   3.3,   1.9
06-Jun-2000 05:00, 0.387,  29.6,  28.4, 1008.3, 0.100, 0.051,  110,   3.7,   2.4
06-Jun-2000 06:00, 0.432,  29.6,  24.9, 1009.7, 0.093, 0.045,  104,   9.2,   5.9
06-Jun-2000 07:00, 0.508,  29.5,  23.2, 1010.0, 0.105, 0.071,  128,  11.5,   2.4
06-Jun-2000 08:00, 0.592,  29.5,  23.1, 1009.6, 0.116, 0.083,  217,   3.5,   0.7
06-Jun-2000 09:00, 0.664,  29.5,  26.1, 1010.2, 0.112, 0.077,  160,   5.6,   2.8
06-Jun-2000 10:00, 0.727,  29.5,  25.2, 1010.0, 0.105, 0.075,  189,   4.4,   1.1
06-Jun-2000 11:00, 0.811,  29.5,  25.4, 1009.4, 0.131, 0.098,  185,   4.5,   3.4
06-Jun-2000 12:00, 0.878,  29.5,  24.4, 1010.0, 0.140, 0.102,  216,   5.0,   2.0
06-Jun-2000 13:00, 0.900,  29.3,  24.4, 1010.8, 0.099, 0.068,  186,   3.3,   1.5
06-Jun-2000 14:00, 0.944,  29.4,  24.5, 1010.4, 0.076, 0.051,  177,   2.6,   0.8
06-Jun-2000 15:00, 1.010,  29.3,  24.1, 1010.0, 0.082, 0.053,  185,   4.2,   3.3
06-Jun-2000 16:00, 1.085,  29.3,  24.0, 1009.1, 0.105, 0.072,  190,   4.6,   3.0
06-Jun-2000 17:00, 1.125,  29.3,  24.2, 1009.1, 0.103, 0.062,  185,   4.8,   2.9
06-Jun-2000 18:00, 1.148,  29.3,  24.0, 1009.5, 0.105, 0.064,  183,   4.4,   0.8
06-Jun-2000 19:00, 1.153,  29.3,  23.7, 1009.3, 0.119, 0.081,  190,   3.0,   2.1
06-Jun-2000 20:00, 1.075,  29.3,  24.4, 1010.3, 0.093, 0.054,  189,   4.4,   1.8
06-Jun-2000 21:00, 0.960,  29.3,  24.9, 1011.3, 0.065, 0.037,  183,   4.8,   3.7
06-Jun-2000 22:00, 0.847,  29.4,  27.8, 1011.4, 0.068, 0.050,  162,   4.5,   0.9
06-Jun-2000 23:00, 0.731,  29.3,  28.1, 1010.8, 0.077, 0.058,  329,   2.3,   1.5
07-Jun-2000 00:00, 0.630,  29.4,  28.3, 1010.6, 0.091, 0.067,  107,   5.9,   3.1
07-Jun-2000 01:00, 0.570,  29.4,  29.2, 1010.0, 0.119, 0.092,   85,   5.1,   2.7
07-Jun-2000 02:00, 0.508,  29.4,  30.1, 1009.3, 0.118, 0.085,   63,   4.3,   3.0
07-Jun-2000 03:00, 0.440,  29.5,  29.5, 1008.6, 0.096, 0.056,   55,   6.0,   3.9
07-Jun-2000 04:00, 0.402,  29.6,  28.5, 1008.5, 0.084, 0.038,   62,   8.5,   6.4
07-Jun-2000 05:00, 0.401,  29.6,  29.2, 1008.2, 0.080, 0.032,  125,   8.4,   3.7
07-Jun-2000 06:00, 0.430,  29.7,  27.4, 1008.8, 0.080, 0.030,  168,   6.2,   1.6
07-Jun-2000 07:00, 0.493,  29.6,  26.5, 1009.2, 0.093, 0.049,  179,   3.2,   1.9
07-Jun-2000 08:00, 0.568,  29.6,  26.0, 1009.4, 0.109, 0.070,  187,   3.7,   2.2
07-Jun-2000 09:00, 0.640,  29.6,  25.6, 1009.4, 0.116, 0.077,  185,   3.9,   2.3
07-Jun-2000 10:00, 0.707,  29.6,  25.2, 1010.1, 0.116, 0.078,  186,   3.6,   1.8
07-Jun-2000 11:00, 0.789,  29.6,  25.0, 1010.3, 0.138, 0.107,  193,   4.0,   1.9
07-Jun-2000 12:00, 0.860,  29.5,  24.8, 1010.5, 0.155, 0.126,  173,   4.1,   2.3
07-Jun-2000 13:00, 0.911,  29.5,  24.8, 1010.6, 0.151, 0.124,  186,   3.9,   1.9
07-Jun-2000 14:00, 0.935,  29.5,  24.1, 1010.0, 0.111, 0.084,  168,   3.3,   1.9
07-Jun-2000 15:00, 0.967,  29.5,  24.5, 1009.9, 0.082, 0.050,  178,   4.4,   2.3
07-Jun-2000 16:00, 1.020,  29.5,  24.8, 1009.5, 0.087, 0.053,  205,   3.7,   2.2
07-Jun-2000 17:00, 1.063,  29.5,  24.1, 1009.5, 0.095, 0.058,  177,   4.1,   2.4
07-Jun-2000 18:00, 1.092,  29.4,  24.2, 1009.8, 0.104, 0.067,  210,   3.4,   1.4
07-Jun-2000 19:00, 1.107,  29.4,  24.3, 1009.9, 0.118, 0.084,  185,   4.2,   1.9
07-Jun-2000 20:00, 1.090,  29.4,  24.3, 1010.3, 0.130, 0.097,  179,   4.1,   1.7
07-Jun-2000 21:00, 1.006,  29.4,  24.6, 1010.9, 0.111, 0.082,  183,   4.0,   2.0
07-Jun-2000 22:00, 0.871,  29.4,  25.6, 1011.7, 0.069, 0.046,  120,   3.3,   2.5
07-Jun-2000 23:00, 0.773,  29.4,  25.7, 1011.7, 0.078, 0.063,  121,   6.6,   2.6
08-Jun-2000 00:00, 0.687,  29.4,  26.6, 1011.6, 0.097, 0.082,  106,   8.2,   4.5
08-Jun-2000 01:00, 0.605,  29.4,  26.7, 1010.9, 0.102, 0.085,  117,   9.3,   3.5
08-Jun-2000 02:00, 0.563,  29.4,  27.9, 1010.3, 0.116, 0.092,   94,  10.5,   8.0
08-Jun-2000 03:00, 0.515,  29.4,  27.5, 1009.8, 0.102, 0.072,   89,  10.8,   5.7
08-Jun-2000 04:00, 0.471,  29.4,  27.4, 1009.8, 0.082, 0.048,   93,   6.7,   3.7
08-Jun-2000 05:00, 0.455,  29.3,  27.1, 1009.2, 0.074, 0.039,  135,   6.9,   2.8
08-Jun-2000 06:00, 0.471,  29.3,  27.2, 1009.2, 0.079, 0.038,  125,   5.6,   3.5
08-Jun-2000 07:00, 0.511,  29.3,  27.1, 1010.0, 0.088, 0.048,  125,   5.7,   2.5
08-Jun-2000 08:00, 0.569,  29.4,  27.1, 1010.8, 0.100, 0.068,  127,   6.7,   3.1
08-Jun-2000 09:00, 0.639,  29.4,  27.8, 1011.2, 0.116, 0.092,  138,   5.8,   4.2
08-Jun-2000 10:00, 0.694,  29.4,  28.0, 1010.9, 0.111, 0.091,  133,   6.9,   3.3
08-Jun-2000 11:00, 0.769,  29.4,  27.9, 1010.6, 0.130, 0.106,  128,   5.8,   1.5
08-Jun-2000 12:00, 0.846,  29.3,  27.9, 1010.3, 0.154, 0.127,  112,   4.1,   1.7
08-Jun-2000 13:00, 0.897,  29.4,  27.0, 1010.3, 0.156, 0.127,  137,   3.1,   0.9
08-Jun-2000 14:00, 0.919,  29.3,  26.2, 1009.9, 0.127, 0.098,  209,   1.5,   0.4
08-Jun-2000 15:00, 0.931,  29.4,  26.1, 1009.5, 0.085, 0.051,  135,   1.5,   1.1
08-Jun-2000 16:00, 0.954,  29.4,  26.2, 1009.3, 0.065, 0.027,  143,   2.4,   1.3
08-Jun-2000 17:00, 0.991,  29.4,  26.8, 1009.5, 0.075, 0.036,  143,   2.8,   1.6
08-Jun-2000 18:00, 1.014,  29.4,  27.2, 1009.5, 0.087, 0.049,  142,   4.5,   2.5
08-Jun-2000 19:00, 1.012,  29.4,  27.0, 1009.9, 0.088, 0.050,  137,   7.7,   3.4
08-Jun-2000 20:00, 0.992,  29.4,  26.1, 1010.7, 0.088, 0.055,  123,   8.0,   4.3
08-Jun-2000 21:00, 0.958,  29.3,  28.0, 1010.8, 0.098, 0.072,  127,   6.2,   3.2
08-Jun-2000 22:00, 0.862,  29.3,  27.4, 1011.5, 0.070, 0.046,  118,   7.2,   3.3
08-Jun-2000 23:00, 0.770,  29.4,  29.1, 1011.5, 0.063, 0.046,   98,   7.4,   3.3
09-Jun-2000 00:00, 0.707,  29.4,  29.1, 1010.8, 0.089, 0.071,   88,   6.6,   3.3
09-Jun-2000 01:00, 0.650,  29.4,  29.3, 1009.9, 0.107, 0.082,   97,   5.3,   2.9
09-Jun-2000 02:00, 0.608,  29.4,  29.3, 1009.2, 0.119, 0.085,   63,   5.4,   4.1
09-Jun-2000 03:00, 0.581,  29.4,  27.3, 1008.8, 0.118, 0.078,  203,   6.6,   0.8
09-Jun-2000 04:00, 0.546,  29.4,  28.1, 1008.4, 0.093, 0.048,  217,   3.9,   0.9
09-Jun-2000 05:00, 0.530,  29.4,  26.9, 1008.9, 0.081, 0.034,  147,   8.2,   4.0
09-Jun-2000 06:00, 0.524,  29.4,  26.6, 1009.2, 0.071, 0.028,  194,   6.0,   1.2
09-Jun-2000 07:00, 0.549,  29.4,  26.8, 1009.6, 0.080, 0.040,  213,   2.6,   1.3
09-Jun-2000 08:00, 0.581,  29.4,  26.5, 1010.0, 0.082, 0.046,  190,   2.2,   1.2
09-Jun-2000 09:00, 0.626,  29.4,  26.3, 1010.9, 0.083, 0.051,  197,   3.2,   1.9
09-Jun-2000 10:00, 0.693,  29.4,  26.7, 1011.6, 0.099, 0.077,  194,   3.1,   1.0
09-Jun-2000 11:00, 0.755,  29.3,  25.8, 1011.3, 0.107, 0.090,  182,   4.0,   2.4
09-Jun-2000 12:00, 0.827,  29.2,  25.6, 1011.3, 0.128, 0.109,  197,   4.4,   2.4
09-Jun-2000 13:00, 0.880,  29.2,  25.4, 1010.8, 0.135, 0.116,  161,   3.6,   0.2
09-Jun-2000 14:00, 0.918,  29.2,  25.3, 1010.3, 0.132, 0.107,  180,   2.5,   1.3
09-Jun-2000 15:00, 0.928,  29.3,  25.2, 1010.0, 0.102, 0.073,  158,   3.1,   0.3
09-Jun-2000 16:00, 0.944,  29.2,  24.6, 1009.3, 0.087, 0.054,  209,   2.0,   0.9
09-Jun-2000 17:00, 0.952,  29.2,  25.2, 1009.1, 0.078, 0.038,  187,   4.0,   2.6
09-Jun-2000 18:00, 0.950,  29.3,  25.1, 1009.9, 0.076, 0.036,  204,   3.5,   0.7
09-Jun-2000 19:00, 0.951,  29.3,  25.0, 1009.6, 0.092, 0.058,  201,   2.7,   2.0
09-Jun-2000 20:00, 0.931,  29.2,  24.7, 1010.3, 0.098, 0.062,  197,   2.8,   1.6
09-Jun-2000 21:00, 0.898,  29.3,  26.2, 1011.1, 0.102, 0.073,  161,   3.7,   2.0
09-Jun-2000 22:00, 0.831,  29.3,  27.2, 1011.4, 0.084, 0.063,  182,   3.0,   2.1
09-Jun-2000 23:00, 0.777,  29.3,  28.6, 1011.3, 0.090, 0.072,  115,   2.4,   1.1
10-Jun-2000 00:00, 0.708,  29.4,  28.1, 1010.8, 0.088, 0.068,   39,   3.3,   2.5
10-Jun-2000 01:00, 0.658,  29.5,  28.2, 1009.8, 0.100, 0.075,   20,   3.1,   2.5
10-Jun-2000 02:00, 0.608,  29.6,  28.0, 1008.8, 0.093, 0.058,   33,   4.0,   2.7
10-Jun-2000 03:00, 0.591,  29.9,  28.3, 1008.1, 0.096, 0.051,   33,   3.4,   2.0
10-Jun-2000 04:00, 0.583,  29.9,  28.5, 1007.5, 0.090, 0.038,   28,   2.7,   2.0
10-Jun-2000 05:00, 0.584,  29.7,  28.9, 1007.3, 0.082, 0.025,   10,   2.4,   1.1
10-Jun-2000 06:00, 0.589,  29.6,  29.0, 1007.8, 0.077, 0.018,  342,   1.7,   1.3
10-Jun-2000 07:00, 0.616,  29.5,  28.6, 1008.3, 0.090, 0.036,   29,   1.9,   1.1
10-Jun-2000 08:00, 0.635,  29.5,  27.3, 1009.2, 0.089, 0.041,  187,   1.7,   1.4
10-Jun-2000 09:00, 0.674,  29.6,  26.6, 1009.8, 0.098, 0.058,  183,   2.7,   2.2
10-Jun-2000 10:00, 0.721,  29.5,  26.4, 1010.3, 0.101, 0.068,  184,   2.9,   1.7
10-Jun-2000 11:00, 0.761,  29.4,  26.0, 1010.5, 0.090, 0.062,  193,   3.2,   2.2
10-Jun-2000 12:00, 0.818,  29.4,  26.0, 1010.0, 0.096, 0.068,  184,   3.6,   2.6
10-Jun-2000 13:00, 0.871,  29.3,  26.2, 1009.8, 0.105, 0.073,  184,   4.3,   2.3
10-Jun-2000 14:00, 0.917,  29.3,  25.9, 1009.3, 0.114, 0.079,  187,   4.2,   2.6
10-Jun-2000 15:00, 0.944,  29.3,  25.7, 1008.8, 0.113, 0.073,  184,   4.5,   3.1
10-Jun-2000 16:00, 0.963,  29.3,  25.7, 1008.3, 0.116, 0.071,  192,   4.3,   2.7
10-Jun-2000 17:00, 0.945,  29.3,  25.4, 1008.2, 0.096, 0.047,  195,   3.9,   2.3
10-Jun-2000 18:00, 0.920,  29.3,  25.3, 1008.7, 0.086, 0.036,  187,   4.5,   3.1
10-Jun-2000 19:00, 0.895,  29.3,  24.7, 1009.1, 0.090, 0.045,  188,   4.7,   2.5
10-Jun-2000 20:00, 0.853,  29.3,  24.7, 1009.4, 0.087, 0.045,  187,   4.3,   2.6
10-Jun-2000 21:00, 0.808,  29.2,  26.9, 1010.3, 0.085, 0.047,  198,   4.4,   1.4
10-Jun-2000 22:00, 0.767,  29.2,  27.5, 1010.4, 0.088, 0.059,  339,   2.7,   1.5
10-Jun-2000 23:00, 0.728,  29.2,  28.0, 1010.1, 0.093, 0.064,   30,   2.2,   1.2
11-Jun-2000 00:00, 0.687,  29.3,  28.1, 1009.6, 0.094, 0.062,   43,   3.1,   2.6
11-Jun-2000 01:00, 0.645,  29.6,  28.4, 1008.7, 0.095, 0.058,   43,   4.0,   2.7
11-Jun-2000 02:00, 0.622,  29.7,  28.4, 1007.8, 0.103, 0.057,   37,   3.8,   2.4
11-Jun-2000 03:00, 0.612,  30.0,  28.5, 1007.3, 0.105, 0.051,  348,   3.5,   1.5
11-Jun-2000 04:00, 0.620,  30.0,  28.8, 1006.4, 0.108, 0.047,  355,   3.2,   2.4
11-Jun-2000 05:00, 0.632,  29.9,  28.6, 1006.6, 0.102, 0.034,   43,   2.6,   1.6
11-Jun-2000 06:00, 0.657,  30.0,  29.0, 1007.4, 0.103, 0.038,  110,   3.0,   2.3
11-Jun-2000 07:00, 0.676,  30.0,  28.7, 1008.1, 0.100, 0.043,  159,   3.6,   1.1
11-Jun-2000 08:00, 0.700,  30.0,  27.6, 1008.9, 0.105, 0.054,  163,   2.3,   1.6
11-Jun-2000 09:00, 0.721,  29.9,  27.2, 1009.5, 0.101, 0.059,  158,   2.7,   1.7
11-Jun-2000 10:00, 0.762,  29.9,  26.9, 1009.9, 0.109, 0.073,-9999,-9999 ,-9999
11-Jun-2000 11:00, 0.805,  29.9,  26.7, 1010.4, 0.107, 0.074,  186,   3.8,   2.7
11-Jun-2000 12:00, 0.848,  29.9,  24.6, 1010.8, 0.097, 0.069,  221,   6.4,   3.5
11-Jun-2000 13:00, 0.899,  29.6,  24.8, 1010.5, 0.101, 0.076,  147,   5.9,   2.9
11-Jun-2000 14:00, 0.945,  29.4,  24.6, 1010.3, 0.113, 0.086,  156,   5.2,   0.3
11-Jun-2000 15:00, 0.987,  29.4,  24.6, 1009.0, 0.131, 0.100,  269,   3.3,   2.6
11-Jun-2000 16:00, 0.996,  29.5,  24.6, 1008.8, 0.135, 0.092,  186,   5.0,   1.8
11-Jun-2000 17:00, 0.957,  29.4,  24.5, 1009.4, 0.112, 0.069,  165,   1.8,   1.5
11-Jun-2000 18:00, 0.907,  29.5,  24.7, 1009.3, 0.094, 0.056,  182,   2.7,   2.1
11-Jun-2000 19:00, 0.840,  29.4,  24.4, 1009.7, 0.073, 0.034,  183,   2.9,   2.3
11-Jun-2000 20:00, 0.788,  29.4,  24.6, 1010.4, 0.075, 0.041,  184,   3.3,   1.9
11-Jun-2000 21:00, 0.737,  29.4,  24.9, 1011.3, 0.080, 0.052,  191,   3.1,   1.1
11-Jun-2000 22:00, 0.673,  29.4,  26.2, 1012.1, 0.067, 0.050,  202,   3.8,   1.7
11-Jun-2000 23:00, 0.652,  29.4,  27.2, 1011.4, 0.086, 0.074,  255,   3.9,   0.7
12-Jun-2000 00:00, 0.638,  29.4,  27.8, 1010.8, 0.099, 0.080,  324,   4.8,   2.9
12-Jun-2000 01:00, 0.615,  29.4,  28.2, 1009.7, 0.095, 0.069,    3,   4.0,   1.7
12-Jun-2000 02:00, 0.599,  29.5,  28.4, 1009.4, 0.094, 0.058,   13,   2.9,   2.3
12-Jun-2000 03:00, 0.582,  29.6,  28.6, 1009.3, 0.080, 0.042,   34,   3.2,   2.7
12-Jun-2000 04:00, 0.596,  29.7,  28.6, 1009.0, 0.081, 0.041,  337,   5.1,   3.3
12-Jun-2000 05:00, 0.625,  29.7,  27.8, 1009.5, 0.086, 0.044,   86,   5.4,   0.8
12-Jun-2000 06:00, 0.651,  29.7,  25.4, 1009.8, 0.079, 0.042,  225,   4.5,   1.8
12-Jun-2000 07:00, 0.679,  29.5,  25.2, 1010.5, 0.073, 0.039,  228,   2.3,   1.1
12-Jun-2000 08:00, 0.698,  29.5,  25.2, 1011.8, 0.064, 0.037,  192,   2.7,   1.2
12-Jun-2000 09:00, 0.720,  29.6,  24.7, 1012.9, 0.061, 0.048,  174,   4.2,   1.8
12-Jun-2000 10:00, 0.756,  29.5,  24.6, 1013.1, 0.068, 0.065,  194,   3.4,   2.5
12-Jun-2000 11:00, 0.790,  29.5,  24.2, 1013.1, 0.064, 0.064,  201,   3.0,   0.2
12-Jun-2000 12:00, 0.860,  29.5,  24.1, 1012.1, 0.085, 0.082,  228,   2.2,   1.1
12-Jun-2000 13:00, 0.917,  29.5,  24.2, 1012.8, 0.086, 0.076,  181,   2.8,   1.0
12-Jun-2000 14:00, 0.956,  29.5,  24.4, 1013.0, 0.086, 0.082,  181,   3.9,   1.5
12-Jun-2000 15:00, 0.994,  29.5,  24.3, 1012.3, 0.104, 0.101,  188,   4.0,   2.9
12-Jun-2000 16:00, 1.004,  29.5,  24.5, 1011.7, 0.113, 0.103,  188,   3.7,   2.9
12-Jun-2000 17:00, 0.978,  29.4,  24.4, 1011.7, 0.115, 0.099,  193,   4.1,   2.4
12-Jun-2000 18:00, 0.905,  29.3,  24.2, 1012.1, 0.092, 0.077,  186,   4.1,   2.1
12-Jun-2000 19:00, 0.818,  29.3,  24.3, 1012.1, 0.068, 0.057,  186,   4.4,   2.6
12-Jun-2000 20:00, 0.739,  29.3,  24.1, 1012.4, 0.061, 0.050,  175,   4.2,   2.0
12-Jun-2000 21:00, 0.671,  29.3,  24.6, 1012.6, 0.065, 0.057,  176,   4.0,   2.4
12-Jun-2000 22:00, 0.618,  29.3,  26.3, 1012.3, 0.076, 0.070,  184,   4.6,   1.1
12-Jun-2000 23:00, 0.581,  29.3,  26.9, 1012.0, 0.086, 0.076,   24,   2.8,   1.0
13-Jun-2000 00:00, 0.558,  29.4,  27.1, 1011.4, 0.088, 0.075,  309,   2.3,   2.1
13-Jun-2000 01:00, 0.559,  29.5,  27.7, 1010.7, 0.090, 0.071,   22,   3.1,   1.9
13-Jun-2000 02:00, 0.544,  29.5,  28.2, 1010.3, 0.068, 0.043,  333,   3.5,   1.0
13-Jun-2000 03:00, 0.543,  29.9,  28.5, 1009.7, 0.059, 0.029,  284,   2.0,   1.6
13-Jun-2000 04:00, 0.571,  29.9,  29.4, 1008.9, 0.066, 0.030,  275,   2.8,   1.2
13-Jun-2000 05:00, 0.615,  29.9,  30.5, 1008.9, 0.081, 0.038,   87,   7.2,   4.6
13-Jun-2000 06:00, 0.658,  29.6,  29.6, 1009.2, 0.087, 0.044,   99,   7.5,   3.0
13-Jun-2000 07:00, 0.693,  29.6,  28.4, 1010.2, 0.079, 0.040,  136,   5.4,   2.3
13-Jun-2000 08:00, 0.735,  29.9,  27.6, 1011.1, 0.082, 0.053,  149,   4.9,   2.2
13-Jun-2000 09:00, 0.764,-9999 ,  26.8, 1011.7, 0.078, 0.057,  187,   3.5,   0.7
13-Jun-2000 10:00, 0.783,  29.7,  25.7, 1012.2, 0.068, 0.053,  182,   2.2,   1.6
13-Jun-2000 11:00, 0.808,  29.7,  25.3, 1012.4, 0.057, 0.047,  196,   2.7,   1.3
13-Jun-2000 12:00, 0.858,  29.6,  25.4, 1012.2, 0.062, 0.053,  186,   3.8,   2.6
13-Jun-2000 13:00, 0.918,  29.6,  25.4, 1012.0, 0.067, 0.057,  195,   4.7,   2.7
13-Jun-2000 14:00, 0.969,  29.6,  25.0, 1011.6, 0.066, 0.053,  193,   4.2,   2.7
13-Jun-2000 15:00, 0.998,  29.5,  25.0, 1011.4, 0.071, 0.055,  186,   3.7,   2.6
13-Jun-2000 16:00, 1.007,  29.5,  24.5, 1010.8, 0.080, 0.061,  188,   4.3,   3.0
13-Jun-2000 17:00, 1.000,  29.5,  24.4, 1010.7, 0.105, 0.080,  188,   4.4,   3.1
13-Jun-2000 18:00, 0.949,  29.5,  24.3, 1010.9, 0.117, 0.092,  176,   4.5,   3.0
13-Jun-2000 19:00, 0.860,  29.4,  24.4, 1011.2, 0.110, 0.086,  187,   4.1,   2.8
13-Jun-2000 20:00, 0.740,  29.3,  24.8, 1012.0, 0.079, 0.060,  186,   4.5,   1.3
13-Jun-2000 21:00, 0.633,  29.4,  25.0, 1012.3, 0.060, 0.048,  190,   4.7,   3.0
13-Jun-2000 22:00, 0.552,  29.4,  28.3, 1012.9, 0.059, 0.050,  179,   4.1,   1.1
13-Jun-2000 23:00, 0.486,  29.5,  29.6, 1013.3, 0.051, 0.048,   95,   4.6,   3.4
14-Jun-2000 00:00, 0.462,  29.5,  30.2, 1012.9, 0.057, 0.057,   89,   5.2,   3.7
14-Jun-2000 01:00, 0.470,  29.6,  29.7, 1012.4, 0.064, 0.060,   48,   5.1,   4.0
14-Jun-2000 02:00, 0.497,  29.6,  29.5, 1011.6, 0.066, 0.057,   44,   5.1,   3.4
14-Jun-2000 03:00, 0.525,  29.6,  30.2, 1010.7, 0.067, 0.050,   60,   5.4,   4.4
14-Jun-2000 04:00, 0.545,  29.5,  30.0, 1009.7, 0.058, 0.032,   61,   6.0,   4.2
14-Jun-2000 05:00, 0.597,  29.8,  30.0, 1009.4, 0.074, 0.038,   56,   5.3,   3.4
14-Jun-2000 06:00, 0.638,  29.8,  30.2, 1009.8, 0.076, 0.038,   57,   4.4,   3.2
14-Jun-2000 07:00, 0.676,  29.7,  29.8, 1010.5, 0.069, 0.035,   73,   3.3,   1.1
14-Jun-2000 08:00, 0.724,  29.7,  27.3, 1011.2, 0.071, 0.045,  194,   1.8,   1.3
14-Jun-2000 09:00, 0.761,  29.8,  26.6, 1012.0, 0.066, 0.047,  196,   2.8,   1.7
14-Jun-2000 10:00, 0.793,  29.8,  26.3, 1012.7, 0.064, 0.052,  195,   3.4,   2.0
14-Jun-2000 11:00, 0.828,  29.7,  26.2, 1012.4, 0.063, 0.058,  193,   4.0,   2.4
14-Jun-2000 12:00, 0.863,  29.6,  25.8, 1012.1, 0.055, 0.046,  193,   4.2,   2.9
14-Jun-2000 13:00, 0.925,  29.5,  25.8, 1012.0, 0.064, 0.052,  237,   4.3,   0.8
14-Jun-2000 14:00, 0.997,  29.5,  25.5, 1011.6, 0.079, 0.066,  180,   4.0,   2.3
14-Jun-2000 15:00, 1.044,  29.5,  25.2, 1011.0, 0.087, 0.070,  177,   4.0,   2.6
14-Jun-2000 16:00, 1.069,  29.5,  24.8, 1010.2, 0.106, 0.083,  175,   3.7,   2.3
14-Jun-2000 17:00, 1.040,  29.5,  24.6, 1009.7, 0.106, 0.075,  198,   3.9,   2.1
14-Jun-2000 18:00, 0.981,  29.5,  24.4, 1010.5, 0.116, 0.081,  186,   4.0,   2.6
14-Jun-2000 19:00, 0.925,  29.4,  24.3, 1011.4, 0.154, 0.128,  197,   4.0,   1.2
14-Jun-2000 20:00, 0.819,  29.4,  24.4, 1011.8, 0.153, 0.135,  187,   4.6,   2.3
14-Jun-2000 21:00, 0.670,  29.4,  26.4, 1012.2, 0.109, 0.095,  181,   5.2,   1.6
14-Jun-2000 22:00, 0.536,  29.4,  28.0, 1012.8, 0.071, 0.061,  261,   3.1,   0.6
14-Jun-2000 23:00, 0.448,  29.4,  27.9, 1013.0, 0.058, 0.054,   19,   2.3,   1.8
15-Jun-2000 00:00, 0.427,  29.5,  28.4, 1012.8, 0.078, 0.075,   45,   4.6,   3.1
15-Jun-2000 01:00, 0.438,  29.5,  28.3, 1012.2, 0.092, 0.088,   63,   5.8,   4.5
15-Jun-2000 02:00, 0.470,  29.5,  28.6, 1010.8, 0.093, 0.081,   52,   6.4,   3.1
15-Jun-2000 03:00, 0.523,  29.4,  28.3, 1010.3, 0.101, 0.076,   46,   6.6,   3.5
15-Jun-2000 04:00, 0.545,  29.7,  28.1, 1009.7, 0.081, 0.051,   66,   6.9,   5.5
15-Jun-2000 05:00, 0.558,  29.6,  26.1, 1010.1, 0.051, 0.017,  200,   6.3,   2.6
15-Jun-2000 06:00, 0.601,  29.6,  25.5, 1010.1, 0.051, 0.020,  176,   5.2,   2.7
15-Jun-2000 07:00, 0.646,  29.6,  25.5, 1010.6, 0.052, 0.022,  277,   4.9,   2.0
15-Jun-2000 08:00, 0.696,  29.5,  25.3, 1011.1, 0.056, 0.030,  205,   3.0,   2.3
15-Jun-2000 09:00, 0.766,  29.6,  25.2, 1011.7, 0.081, 0.061,  162,   3.3,   1.9
15-Jun-2000 10:00, 0.799,  29.5,  25.1, 1012.5, 0.072, 0.058,  172,   3.4,   1.4
15-Jun-2000 11:00, 0.829,-9999 ,  25.2, 1012.5, 0.065, 0.057,  177,   4.6,   2.0
15-Jun-2000 12:00, 0.875,  29.4,  24.9, 1012.1, 0.067, 0.059,  179,   3.6,   1.9
15-Jun-2000 13:00, 0.916,  29.5,  24.6, 1011.5, 0.057, 0.045,  173,   3.5,   1.3
15-Jun-2000 14:00, 0.968,  29.5,  24.6, 1010.8, 0.050, 0.032,  189,   3.2,   2.0
15-Jun-2000 15:00, 1.023,  29.4,  24.5, 1010.2, 0.053, 0.028,  197,   3.3,   2.5
15-Jun-2000 16:00, 1.061,  29.4,  24.5, 1010.0, 0.071, 0.041,  185,   3.3,   2.1
15-Jun-2000 17:00, 1.049,  29.4,  24.4, 1009.9, 0.080, 0.048,  191,   3.3,   2.1
15-Jun-2000 18:00, 0.978,  29.4,  24.7, 1010.3, 0.071, 0.038,  190,   4.2,   1.9
15-Jun-2000 19:00, 0.880,  29.3,  24.4, 1010.9, 0.073, 0.044,  196,   3.6,   2.1
15-Jun-2000 20:00, 0.787,  29.2,  24.5, 1010.8, 0.096, 0.073,  203,   4.4,   2.5
15-Jun-2000 21:00, 0.689,  29.2,  25.1, 1011.8, 0.120, 0.097,  249,   4.2,   1.5
15-Jun-2000 22:00, 0.561,  29.2,  26.3, 1012.6, 0.103, 0.090,  173,   3.0,   0.9
15-Jun-2000 23:00, 0.427,  29.2,  26.9, 1012.8, 0.060, 0.054,  355,   1.4,   0.6
16-Jun-2000 00:00, 0.338,  29.3,  27.0, 1012.7, 0.029, 0.025,   65,   2.2,   1.5
16-Jun-2000 01:00, 0.330,  29.3,  27.2, 1012.3, 0.035, 0.030,  310,   1.8,   0.8
16-Jun-2000 02:00, 0.360,  29.4,  27.4, 1011.2, 0.038, 0.027,  312,   1.5,   0.9
16-Jun-2000 03:00, 0.424,  29.4,  27.4, 1010.4, 0.046, 0.025,   30,   2.4,   2.2
16-Jun-2000 04:00, 0.498,  29.3,  27.4, 1010.2, 0.063, 0.034,   41,   3.8,   2.9
16-Jun-2000 05:00, 0.551,  29.3,  27.6, 1010.5, 0.064, 0.034,   76,   4.2,   2.4
16-Jun-2000 06:00, 0.591,  29.4,  26.8, 1010.9, 0.055, 0.028,  148,   4.2,   2.0
16-Jun-2000 07:00, 0.612,  29.3,  24.3, 1011.2, 0.031, 0.008,  205,   5.3,   3.0
16-Jun-2000 08:00, 0.639,  29.2,  24.1, 1011.4, 0.014,-0.006,  177,   4.5,   1.9
16-Jun-2000 09:00, 0.703,  29.2,  24.1, 1012.3, 0.036, 0.018,  203,   3.3,   1.8
16-Jun-2000 10:00, 0.773,  29.1,  23.9, 1012.6, 0.065, 0.056,  193,   2.8,   2.1
16-Jun-2000 11:00, 0.807,  29.2,  24.1, 1012.2, 0.056, 0.050,  190,   3.5,   1.5
16-Jun-2000 12:00, 0.845,  29.2,  24.3, 1011.2, 0.051, 0.039,  178,   4.3,   3.1
16-Jun-2000 13:00, 0.912,  29.2,  24.1, 1010.9, 0.065, 0.045,  211,   5.0,   1.5
16-Jun-2000 14:00, 0.982,  29.2,  23.9, 1010.8, 0.077, 0.053,  186,   3.6,   2.4
16-Jun-2000 15:00, 1.038,  29.2,  24.2, 1010.4, 0.074, 0.050,  184,   4.8,   2.6
16-Jun-2000 16:00, 1.081,  29.2,  24.2, 1009.7, 0.079, 0.050,  186,   4.5,   2.5
16-Jun-2000 17:00, 1.073,  29.2,  24.1, 1009.5, 0.077, 0.041,  186,   4.4,   2.2
16-Jun-2000 18:00, 1.017,  29.2,  23.8, 1009.9, 0.070, 0.033,  176,   4.2,   1.8
16-Jun-2000 19:00, 0.908,  29.2,  24.3, 1010.4, 0.055, 0.022,  175,   5.9,   2.8
16-Jun-2000 20:00, 0.785,  29.2,  24.1, 1010.7, 0.054, 0.026,  183,   4.6,   3.3
16-Jun-2000 21:00, 0.686,  29.1,  24.7, 1011.4, 0.086, 0.062,  193,   4.1,   2.0
16-Jun-2000 22:00, 0.600,  29.2,  25.7, 1012.0, 0.128, 0.110,  177,   3.3,   2.4
16-Jun-2000 23:00, 0.445,  29.1,  25.9, 1012.5, 0.078, 0.066,  176,   3.6,   1.5
17-Jun-2000 00:00, 0.325,  29.2,  26.1, 1012.2, 0.033, 0.026,  159,   5.4,   2.3
17-Jun-2000 01:00, 0.282,  29.1,  26.3, 1011.8, 0.021, 0.011,  199,   4.2,   1.0
17-Jun-2000 02:00, 0.314,  29.2,  25.1, 1010.8, 0.036, 0.021,  183,   3.8,   1.4
17-Jun-2000 03:00, 0.389,  29.2,  25.3, 1009.6, 0.057, 0.031,  197,   2.5,   0.8
17-Jun-2000 04:00, 0.466,  29.2,  26.5, 1009.5, 0.063, 0.027,  291,   4.5,   3.0
17-Jun-2000 05:00, 0.546,  29.2,  27.0, 1008.7, 0.081, 0.043,  191,   3.7,   1.7
17-Jun-2000 06:00, 0.628,  29.2,  28.2, 1008.9, 0.108, 0.063,   71,   2.5,   1.1
17-Jun-2000 07:00, 0.653,  29.2,  27.3, 1009.7, 0.085, 0.043,  186,   1.9,   0.7
17-Jun-2000 08:00, 0.677,  29.2,  25.5, 1010.0, 0.068, 0.033,  188,   2.8,   2.1
17-Jun-2000 09:00, 0.746,  29.2,  25.2, 1010.6, 0.098, 0.066,  182,   3.8,   2.2
17-Jun-2000 10:00, 0.764,  29.2,  24.9, 1011.4, 0.079, 0.054,  191,   3.6,   2.5
17-Jun-2000 11:00, 0.778,  29.2,  25.0, 1011.8, 0.052, 0.035,  196,   4.5,   3.0
17-Jun-2000 12:00, 0.819,  29.2,  24.7, 1011.6, 0.047, 0.033,  191,   4.8,   2.8
17-Jun-2000 13:00, 0.874,  29.2,  24.6, 1011.6, 0.050, 0.034,  190,   4.4,   2.2
17-Jun-2000 14:00, 0.956,  29.1,  24.5, 1011.1, 0.074, 0.057,  185,   5.0,   3.3
17-Jun-2000 15:00, 1.034,  29.2,  24.5, 1010.9, 0.090, 0.069,  183,   5.1,   3.1
17-Jun-2000 16:00, 1.084,  29.1,  24.3, 1010.2, 0.088, 0.064,  188,   5.4,   3.6
17-Jun-2000 17:00, 1.087,  29.2,  24.1, 1010.3, 0.076, 0.046,  187,   4.9,   3.3
17-Jun-2000 18:00, 1.024,  29.2,  24.3, 1010.4, 0.045, 0.015,  177,   5.1,   2.8
17-Jun-2000 19:00, 0.932,  29.1,  24.0, 1010.8, 0.032, 0.004,  180,   4.9,   2.8
17-Jun-2000 20:00, 0.821,  29.1,  24.3, 1011.2, 0.039, 0.015,  181,   4.6,   3.0
17-Jun-2000 21:00, 0.715,  29.1,  26.3, 1011.8, 0.069, 0.049,  172,   4.2,   1.8
17-Jun-2000 22:00, 0.639,  29.1,  28.9, 1012.3, 0.130, 0.116,  109,   5.5,   3.6
17-Jun-2000 23:00, 0.494,  29.2,  29.3, 1012.1, 0.105, 0.095,  112,   5.5,   2.9
18-Jun-2000 00:00, 0.349,  29.2,  29.4, 1011.8, 0.049, 0.038,  111,   7.0,   4.8
18-Jun-2000 01:00, 0.278,  29.2,  29.4, 1011.4, 0.030, 0.015,  105,   6.1,   4.4
18-Jun-2000 02:00, 0.276,  29.3,  29.8, 1011.0, 0.029, 0.011,   91,   5.7,   3.5
18-Jun-2000 03:00, 0.332,  29.3,  29.2, 1010.2, 0.040, 0.017,   37,   5.2,   3.4
18-Jun-2000 04:00, 0.410,  29.5,  29.1, 1009.8, 0.044, 0.013,   41,   4.4,   3.5
18-Jun-2000 05:00, 0.497,  29.4,  29.5, 1009.7, 0.056, 0.021,   67,   4.8,   3.2
18-Jun-2000 06:00, 0.577,  29.6,  30.2, 1009.5, 0.075, 0.039,   73,   4.2,   3.2
18-Jun-2000 07:00, 0.616,  29.5,  29.2, 1010.0, 0.061, 0.024,  109,   4.8,   1.9
18-Jun-2000 08:00, 0.645,  29.3,  27.9, 1010.5, 0.048, 0.016,  147,   2.8,   1.8
18-Jun-2000 09:00, 0.722,  29.4,  27.6, 1011.1, 0.091, 0.064,  147,   2.5,   1.5
18-Jun-2000 10:00, 0.763,  29.3,  27.9, 1011.6, 0.101, 0.080,  140,   3.7,   1.9
18-Jun-2000 11:00, 0.744,  29.3,  27.8, 1012.3, 0.048, 0.032,  136,   4.1,   2.0
18-Jun-2000 12:00, 0.768,  29.3,  27.2, 1012.5, 0.026, 0.017,  164,   3.4,   1.6
18-Jun-2000 13:00, 0.821,  29.2,  26.1, 1012.2, 0.027, 0.019,  184,   3.3,   2.4
18-Jun-2000 14:00, 0.907,  29.2,  25.6, 1012.1, 0.054, 0.043,  190,   3.9,   2.6
18-Jun-2000 15:00, 0.978,  29.1,  25.5, 1011.7, 0.062, 0.051,  189,   4.2,   1.6
18-Jun-2000 16:00, 1.044,  29.2,  25.8, 1011.1, 0.071, 0.054,  194,   3.5,   1.7
18-Jun-2000 17:00, 1.080,  29.2,  25.7, 1011.2, 0.072, 0.051,  185,   2.8,   2.1
18-Jun-2000 18:00, 1.053,  29.2,  25.3, 1011.1, 0.055, 0.035,  176,   4.5,   2.0
18-Jun-2000 19:00, 0.960,  29.2,  26.5, 1011.5, 0.021, 0.000,  136,   4.0,   2.1
18-Jun-2000 20:00, 0.849,  29.2,  25.3, 1011.9, 0.013,-0.004,  133,   3.5,   0.1
18-Jun-2000 21:00, 0.754,  29.2,  27.3, 1012.3, 0.053, 0.040,  165,   2.4,   1.2
18-Jun-2000 22:00, 0.666,  29.1,  29.5, 1012.7, 0.105, 0.096,  110,   5.1,   2.6
18-Jun-2000 23:00, 0.554,  29.2,  29.7, 1013.0, 0.123, 0.118,  108,   6.2,   4.4
19-Jun-2000 00:00, 0.400,  29.3,  30.0, 1012.7, 0.072, 0.069,   88,   6.8,   4.8
19-Jun-2000 01:00, 0.290,  29.3,  30.1, 1011.9, 0.029, 0.023,   87,   6.7,   4.5
19-Jun-2000 02:00, 0.266,  29.5,  29.5, 1011.3, 0.028, 0.014,  107,   7.2,   4.1
19-Jun-2000 03:00, 0.309,  29.4,  29.3, 1010.4, 0.043, 0.023,   45,   6.0,   5.4
19-Jun-2000 04:00, 0.392,  29.7,  29.7, 1009.7, 0.061, 0.032,   59,   7.5,   5.4
19-Jun-2000 05:00, 0.472,  29.7,  28.0, 1010.3, 0.059, 0.025,  177,   7.4,   2.4
19-Jun-2000 06:00, 0.549,  29.8,  27.4, 1010.4, 0.065, 0.036,  146,   2.8,   0.3
19-Jun-2000 07:00, 0.600,  29.4,  27.7, 1011.1, 0.058, 0.030,  154,   5.0,   1.4
19-Jun-2000 08:00, 0.618,  29.4,  26.7, 1012.1, 0.031, 0.011,  264,   2.3,   0.8
19-Jun-2000 09:00, 0.672,  29.4,  26.7, 1012.5, 0.053, 0.042,  189,   3.0,   1.6
19-Jun-2000 10:00, 0.738,  29.5,  25.7, 1012.8, 0.093, 0.086,  193,   3.0,   2.3
19-Jun-2000 11:00, 0.749,  29.4,  25.5, 1012.7, 0.077, 0.072,  193,   3.4,   2.3
19-Jun-2000 12:00, 0.741,  29.3,  25.5, 1012.7, 0.030, 0.024,  193,   3.7,   1.4
19-Jun-2000 13:00, 0.784,  29.3,  25.3, 1013.1, 0.021, 0.016,  181,   2.6,   0.9
19-Jun-2000 14:00, 0.861,  29.3,  25.3, 1012.4, 0.041, 0.039,  186,   3.0,   1.3
19-Jun-2000 15:00, 0.937,  29.3,  25.2, 1011.8, 0.055, 0.046,  179,   3.7,   1.0
19-Jun-2000 16:00, 1.006,  29.2,  25.2, 1011.7, 0.063, 0.048,  184,   4.1,   2.9
19-Jun-2000 17:00, 1.048,  29.3,  25.4, 1011.8, 0.060, 0.045,  146,   5.7,   2.6
19-Jun-2000 18:00, 1.072,  29.3,  24.9, 1011.5, 0.073, 0.058,  181,   2.8,   2.0
19-Jun-2000 19:00, 1.017,  29.4,  24.9, 1011.9, 0.054, 0.037,  182,   3.4,   0.5
19-Jun-2000 20:00, 0.907,  29.3,  25.1, 1012.2, 0.026, 0.013,  189,   4.2,   0.9
19-Jun-2000 21:00, 0.797,  29.3,  27.1, 1012.8, 0.037, 0.028,  186,   2.8,   0.4
19-Jun-2000 22:00, 0.706,  29.3,  29.0, 1013.1, 0.085, 0.081,  110,   4.2,   2.5
19-Jun-2000 23:00, 0.616,  29.3,  29.3, 1013.5, 0.131, 0.130,  130,   7.5,   4.1
20-Jun-2000 00:00, 0.494,  29.3,  29.4, 1013.0, 0.120, 0.122,   92,   7.9,   5.1
20-Jun-2000 01:00, 0.355,  29.3,  28.7, 1012.3, 0.060, 0.058,  107,   9.5,   2.9
20-Jun-2000 02:00, 0.299,  29.4,  29.6, 1011.2, 0.047, 0.036,  129,   7.4,   4.5
20-Jun-2000 03:00, 0.297,  29.5,  29.4, 1010.4, 0.040, 0.019,  122,   9.5,   3.7
20-Jun-2000 04:00, 0.345,  29.5,  30.2, 1009.8, 0.038, 0.009,  103,   7.2,   3.6
20-Jun-2000 05:00, 0.426,  29.5,  30.4, 1009.6, 0.041, 0.007,  110,   6.2,   3.0
20-Jun-2000 06:00, 0.522,  29.4,  30.1, 1009.5, 0.058, 0.021,   95,   4.9,   2.6
20-Jun-2000 07:00, 0.580,  29.4,  29.3, 1010.1, 0.052, 0.015,  109,   4.5,   2.4
20-Jun-2000 08:00, 0.615,  29.5,  27.5, 1010.9, 0.036, 0.006,  202,   2.8,   0.7
20-Jun-2000 09:00, 0.655,  29.4,  26.8, 1011.2, 0.042, 0.019,  181,   2.5,   1.1
20-Jun-2000 10:00, 0.714,  29.3,  26.3, 1011.7, 0.078, 0.058,  181,   2.4,   0.8
20-Jun-2000 11:00, 0.778,  29.3,  27.4, 1012.1, 0.121, 0.106,  150,   3.7,   2.4
20-Jun-2000 12:00, 0.777,  29.3,  26.2, 1012.3, 0.090, 0.079,  188,   4.3,   1.5
20-Jun-2000 13:00, 0.801,  29.2,  26.2, 1012.3, 0.068, 0.058,  172,   2.6,   1.4
20-Jun-2000 14:00, 0.863,  29.2,  25.8, 1012.0, 0.073, 0.064,  184,   3.5,   2.0
20-Jun-2000 15:00, 0.939,  29.3,  25.1, 1011.6, 0.091, 0.078,  186,   3.8,   3.0
20-Jun-2000 16:00, 1.026,  29.3,  25.0, 1011.3, 0.118, 0.102,  190,   4.4,   2.8
20-Jun-2000 17:00, 1.070,  29.3,  24.8, 1011.0, 0.113, 0.094,  182,   4.7,   3.4
20-Jun-2000 18:00, 1.095,  29.2,  24.3, 1011.1, 0.113, 0.091,  179,   4.9,   2.8
20-Jun-2000 19:00, 1.069,  29.2,  24.3, 1011.3, 0.101, 0.079,  186,   5.5,   3.6
20-Jun-2000 20:00, 0.962,  29.3,  24.4, 1012.2, 0.053, 0.035,  181,   5.4,   2.9
20-Jun-2000 21:00, 0.840,  29.3,  26.0, 1012.5, 0.031, 0.021,  179,   4.8,   2.0
20-Jun-2000 22:00, 0.724,  29.2,  28.3, 1012.8, 0.045, 0.038,   87,   4.1,   2.0
20-Jun-2000 23:00, 0.645,  29.2,  29.6, 1012.6, 0.099, 0.095,   95,   4.6,   2.3
21-Jun-2000 00:00, 0.575,  29.3,  29.8, 1012.2, 0.147, 0.140,   69,   6.4,   3.5
21-Jun-2000 01:00, 0.442,  29.3,  29.7, 1011.4, 0.100, 0.089,   76,   9.3,   4.3
21-Jun-2000 02:00, 0.348,  29.4,  29.6, 1010.5, 0.059, 0.040,   61,   7.5,   5.5
21-Jun-2000 03:00, 0.318,  29.6,  29.8, 1009.5, 0.047, 0.018,   58,   8.1,   5.8
21-Jun-2000 04:00, 0.346,  29.6,  31.0, 1008.9, 0.047, 0.009,   83,   8.2,   5.0
21-Jun-2000 05:00, 0.422,  29.7,  30.5, 1008.8, 0.059, 0.016,   74,   8.5,   5.3
21-Jun-2000 06:00, 0.508,  29.6,  30.4, 1009.0, 0.065, 0.021,  107,   8.1,   3.7
21-Jun-2000 07:00, 0.593,  29.5,  29.1, 1009.7, 0.078, 0.036,  110,   6.1,   2.2
21-Jun-2000 08:00, 0.651,  29.5,  28.0, 1010.6, 0.080, 0.046,  157,   5.2,   1.5
21-Jun-2000 09:00, 0.669,  29.5,  27.7, 1010.9, 0.057, 0.031,  120,   4.1,   1.4
21-Jun-2000 10:00, 0.706,  29.5,  27.2, 1011.8, 0.069, 0.047,  139,   4.7,   1.3
21-Jun-2000 11:00, 0.765,  29.4,  26.0, 1011.8, 0.111, 0.096,  190,   3.1,   2.1
21-Jun-2000 12:00, 0.805,  29.3,  26.4, 1012.1, 0.129, 0.116,  118,   3.3,   0.2
21-Jun-2000 13:00, 0.809,  29.4,  25.7, 1011.7, 0.096, 0.084,  187,   2.6,   1.4
21-Jun-2000 14:00, 0.836,  29.2,  25.8, 1011.2, 0.071, 0.055,  174,   2.9,   1.1
21-Jun-2000 15:00, 0.883,  29.3,  25.4, 1011.0, 0.064, 0.043,  203,   2.4,   0.9
21-Jun-2000 16:00, 0.944,  29.3,  25.1, 1010.2, 0.071, 0.048,  169,   3.8,   0.4
21-Jun-2000 17:00, 0.998,  29.3,  25.0, 1009.8, 0.079, 0.048,  179,   3.3,   1.3
21-Jun-2000 18:00, 1.025,  29.3,  24.6, 1009.9, 0.075, 0.040,  181,   3.8,   1.5
21-Jun-2000 19:00, 1.027,  29.3,  24.3, 1010.2, 0.075, 0.042,  190,   3.4,   2.0
21-Jun-2000 20:00, 0.993,  29.3,  24.9, 1010.5, 0.079, 0.049,  180,   4.9,   2.6
21-Jun-2000 21:00, 0.884,  29.3,  26.2, 1011.4, 0.046, 0.020,  185,   4.1,   2.5
21-Jun-2000 22:00, 0.752,  29.3,  28.5, 1011.9, 0.023, 0.006,   88,   4.2,   2.2
21-Jun-2000 23:00, 0.648,  29.2,  28.1, 1011.4, 0.044, 0.030,  108,   4.0,   2.9
22-Jun-2000 00:00, 0.588,  29.3,  29.3, 1010.9, 0.101, 0.083,   66,   5.0,   3.3
22-Jun-2000 01:00, 0.530,  29.3,  30.2, 1010.2, 0.136, 0.113,   92,   9.0,   5.0
22-Jun-2000 02:00, 0.439,  29.4,  29.4, 1009.1, 0.104, 0.072,   91,   9.4,   5.4
22-Jun-2000 03:00, 0.380,  29.5,  28.2, 1008.3, 0.074, 0.032,  117,   6.1,   3.2
22-Jun-2000 04:00, 0.372,  29.5,  29.6, 1007.7, 0.061, 0.012,   98,   7.8,   4.5
22-Jun-2000 05:00, 0.412,  29.6,  29.7, 1007.6, 0.058, 0.002,   82,   6.5,   4.3
22-Jun-2000 06:00, 0.479,  29.5,  28.4, 1008.2, 0.056, 0.000,  102,   7.3,   3.5
22-Jun-2000 07:00, 0.556,  29.4,  27.9, 1008.6, 0.057, 0.007,  129,   5.4,   1.6
22-Jun-2000 08:00, 0.633,  29.4,  27.1, 1009.0, 0.069, 0.023,   23,   5.0,   0.0
22-Jun-2000 09:00, 0.680,  29.3,  26.2, 1009.9, 0.067, 0.026,  180,   2.3,   1.3
22-Jun-2000 10:00, 0.700,  29.3,  26.3, 1010.3, 0.055, 0.022,  160,   6.7,   3.1
22-Jun-2000 11:00, 0.745,  29.3,  26.3, 1010.1, 0.081, 0.052,  201,   2.9,   1.0
22-Jun-2000 12:00, 0.804,  29.3,  25.8, 1010.4, 0.124, 0.093,  139,   3.0,   1.4
22-Jun-2000 13:00, 0.849,  29.3,  25.7, 1009.9, 0.142, 0.113,  203,   3.7,   2.9
22-Jun-2000 14:00, 0.869,  29.2,  25.5, 1009.7, 0.119, 0.086,  191,   3.4,   1.4
22-Jun-2000 15:00, 0.878,  29.2,  25.2, 1009.2, 0.079, 0.043,  189,   4.1,   1.9
22-Jun-2000 16:00, 0.916,  29.1,  24.9, 1008.7, 0.074, 0.034,  174,   3.7,   2.0
22-Jun-2000 17:00, 0.994,  29.1,  25.0, 1007.4, 0.113, 0.066,  168,   3.5,   0.8
22-Jun-2000 18:00, 1.021,  29.1,  24.6, 1008.6, 0.113, 0.056,  164,   3.1,   0.6
22-Jun-2000 19:00, 1.038,  29.2,  24.3, 1008.7, 0.121, 0.075,  193,   2.7,   0.9
22-Jun-2000 20:00, 1.027,  29.1,  24.5, 1009.0, 0.132, 0.088,  194,   2.8,   1.1
22-Jun-2000 21:00, 0.963,  29.2,  25.5, 1009.6, 0.123, 0.081,  185,   4.4,   3.0
22-Jun-2000 22:00, 0.839,  29.2,  26.7, 1010.1, 0.083, 0.048,   87,   2.9,   1.8
22-Jun-2000 23:00, 0.706,  29.1,  25.7, 1010.1, 0.056, 0.025,  147,  11.5,   4.3
23-Jun-2000 00:00, 0.642,  29.2,  28.1, 1009.7, 0.101, 0.069,  121,   7.7,   3.7
23-Jun-2000 01:00, 0.611,  29.2,  28.9, 1008.8, 0.162, 0.126,  100,   7.0,   3.8
23-Jun-2000 02:00, 0.565,  29.3,  29.9, 1007.9, 0.179, 0.134,   88,   8.1,   4.1
23-Jun-2000 03:00, 0.477,  29.3,  27.0, 1007.2, 0.125, 0.071,  116,  12.7,   1.3
23-Jun-2000 04:00, 0.434,  29.3,  29.9, 1006.7, 0.092, 0.031,   94,   5.8,   2.7
23-Jun-2000 05:00, 0.442,  29.3,  29.9, 1007.0, 0.079, 0.014,  109,   7.0,   4.2
23-Jun-2000 06:00, 0.496,  29.4,  29.2, 1007.1, 0.081, 0.019,   91,   6.0,   4.5
23-Jun-2000 07:00, 0.569,  29.4,  28.2, 1008.0, 0.084, 0.024,  125,   5.7,   2.5
23-Jun-2000 08:00, 0.653,  29.3,  26.7, 1008.6, 0.099, 0.047,  100,   5.7,   3.2
23-Jun-2000 09:00, 0.721,  29.3,  26.4, 1008.8, 0.109, 0.063,  195,   6.5,   1.7
23-Jun-2000 10:00, 0.751,  29.3,  26.0, 1009.6, 0.096, 0.053,  183,   3.9,   1.6
23-Jun-2000 11:00, 0.764,  29.3,  26.1, 1009.9, 0.082, 0.046,  111,   3.7,   2.6
23-Jun-2000 12:00, 0.808,  29.2,  25.3, 1009.6, 0.108, 0.075,  186,   5.3,   2.0
23-Jun-2000 13:00, 0.859,  29.2,  25.2, 1009.2, 0.140, 0.103,  257,   3.9,   0.9
23-Jun-2000 14:00, 0.879,  29.2,  25.0, 1008.9, 0.130, 0.090,  203,   3.4,   1.5
23-Jun-2000 15:00, 0.885,  29.2,  24.9, 1008.5, 0.097, 0.054,  191,   2.9,   1.7
23-Jun-2000 16:00, 0.895,  29.2,  24.8, 1008.5, 0.073, 0.026,  182,   2.9,   0.7
23-Jun-2000 17:00, 0.926,  29.2,  24.5, 1008.6, 0.079, 0.032,  166,   4.7,   3.8
23-Jun-2000 18:00, 0.952,  29.1,  23.3, 1009.1, 0.090, 0.044,   96,   4.2,   1.0
23-Jun-2000 19:00, 0.962,  29.1,  23.3, 1009.9, 0.096, 0.056,   96,   3.1,   0.0
23-Jun-2000 20:00, 0.957,  29.1,  23.5, 1010.4, 0.106, 0.073,  121,   1.7,   1.4
23-Jun-2000 21:00, 0.915,  29.1,  23.4, 1010.8, 0.102, 0.074,  151,   3.0,   1.3
23-Jun-2000 22:00, 0.836,  29.0,  23.6, 1011.2, 0.085, 0.061,  215,   2.9,   0.9
23-Jun-2000 23:00, 0.723,  29.2,  24.0, 1011.5, 0.052, 0.032,  226,   1.8,   0.2
24-Jun-2000 00:00, 0.628,  29.0,  24.4, 1011.6, 0.046, 0.029,  256,   1.4,   0.4
24-Jun-2000 01:00, 0.586,  29.1,  24.4, 1010.7, 0.087, 0.070,  126,   2.3,   1.9
24-Jun-2000 02:00, 0.552,  29.1,  25.8, 1009.7, 0.116, 0.089,  137,   2.2,   1.0
24-Jun-2000 03:00, 0.504,  29.1,  26.0, 1008.9, 0.104, 0.068,  118,   2.5,   0.5
24-Jun-2000 04:00, 0.468,  29.2,  26.3, 1008.2, 0.082, 0.038,  159,   3.3,   2.5
24-Jun-2000 05:00, 0.458,  29.2,  25.7, 1008.1, 0.064, 0.013,  177,   2.5,   0.9
24-Jun-2000 06:00, 0.479,  29.2,  25.1, 1008.8, 0.054, 0.003,  205,   3.2,   1.4
24-Jun-2000 07:00, 0.537,  29.2,  24.4, 1009.4, 0.057, 0.014,  213,   3.4,   1.2
24-Jun-2000 08:00, 0.608,  29.1,  24.0, 1009.8, 0.062, 0.024,  194,   3.7,   1.7
24-Jun-2000 09:00, 0.678,  29.2,  24.2, 1010.4, 0.067, 0.033,  192,   3.7,   1.8
24-Jun-2000 10:00, 0.715,  29.2,  23.7, 1010.9, 0.051, 0.023,  201,   3.3,   2.3
24-Jun-2000 11:00, 0.735,  29.1,  23.4, 1010.8, 0.032, 0.009,  207,   3.4,   1.7
24-Jun-2000 12:00, 0.780,  29.1,  23.7, 1010.5, 0.052, 0.027,  192,   3.5,   2.3
24-Jun-2000 13:00, 0.836,  29.1,  24.0, 1010.2, 0.091, 0.063,  194,   3.8,   2.2
24-Jun-2000 14:00, 0.884,  29.1,  24.0, 1009.6, 0.119, 0.088,  187,   4.4,   3.0
24-Jun-2000 15:00, 0.883,  29.1,  24.0, 1009.1, 0.094, 0.057,  185,   4.2,   2.8
24-Jun-2000 16:00, 0.885,  29.1,  23.7, 1008.6, 0.073, 0.031,  173,   4.1,   2.7
24-Jun-2000 17:00, 0.888,  29.1,  23.7, 1008.3, 0.065, 0.018,  175,   4.0,   2.1
24-Jun-2000 18:00, 0.893,  29.1,  23.5, 1008.5, 0.071, 0.022,  182,   4.5,   3.0
24-Jun-2000 19:00, 0.887,  29.1,  23.5, 1009.0, 0.076, 0.029,  200,   4.2,   2.9
24-Jun-2000 20:00, 0.882,  29.1,  23.2, 1009.5, 0.092, 0.050,  191,   4.0,   2.3
24-Jun-2000 21:00, 0.851,  29.1,  23.6, 1010.3, 0.092, 0.056,  187,   3.9,   2.9
24-Jun-2000 22:00, 0.797,  29.0,  24.2, 1010.7, 0.083, 0.055,  184,   4.0,   2.6
24-Jun-2000 23:00, 0.731,  29.0,  26.4, 1010.4, 0.073, 0.048,  314,   3.9,   1.9
25-Jun-2000 00:00, 0.654,  29.0,  27.1, 1009.6, 0.059, 0.030,  341,   3.1,   2.8
25-Jun-2000 01:00, 0.600,  29.2,  27.8, 1008.9, 0.067, 0.031,    7,   3.1,   2.0
25-Jun-2000 02:00, 0.566,  29.3,  27.7, 1008.1, 0.086, 0.042,  346,   3.6,   2.8
25-Jun-2000 03:00, 0.553,  29.6,  27.1, 1007.4, 0.107, 0.055,  351,   4.7,   4.1
25-Jun-2000 04:00, 0.521,  29.7,  27.3, 1006.9, 0.087, 0.029,  313,   4.5,   2.1
25-Jun-2000 05:00, 0.511,  29.6,  27.2, 1006.9, 0.073, 0.009,  271,   5.5,   3.0
25-Jun-2000 06:00, 0.516,  29.8,  27.5, 1007.4, 0.059,-0.004,  331,   4.1,   1.1
25-Jun-2000 07:00, 0.546,  29.8,  26.1, 1008.1, 0.053,-0.005,  174,   4.1,   2.4
25-Jun-2000 08:00, 0.602,  29.5,  25.4, 1008.6, 0.056, 0.005,  178,   3.8,   1.9
25-Jun-2000 09:00, 0.672,  29.4,  24.7, 1009.3, 0.063, 0.017,  174,   3.6,   2.5
25-Jun-2000 10:00, 0.731,  29.3,  24.8, 1009.8, 0.061, 0.023,  194,   4.1,   2.0
25-Jun-2000 11:00, 0.770,  29.3,  24.7, 1010.0, 0.048, 0.015,  181,   4.7,   3.0
25-Jun-2000 12:00, 0.796,  29.2,  24.8, 1009.7, 0.038, 0.006,  177,   4.2,   2.8
25-Jun-2000 13:00, 0.837,  29.2,  24.6, 1009.0, 0.056, 0.020,  186,   4.8,   3.1
25-Jun-2000 14:00, 0.884,  29.2,  24.4, 1008.7, 0.087, 0.044,  193,   5.4,   2.6
25-Jun-2000 15:00, 0.912,  29.1,  24.0, 1008.5, 0.104, 0.058,  188,   5.1,   3.4
25-Jun-2000 16:00, 0.905,  29.1,  24.2, 1008.2, 0.091, 0.043,  186,   4.6,   3.0
25-Jun-2000 17:00, 0.893,  29.0,  23.9, 1008.2, 0.082, 0.032,  187,   4.8,   3.6
25-Jun-2000 18:00, 0.872,  29.1,  23.8, 1008.3, 0.080, 0.030,  185,   5.0,   3.0
25-Jun-2000 19:00, 0.846,  29.0,  24.0, 1008.7, 0.085, 0.036,  194,   4.5,   3.2
25-Jun-2000 20:00, 0.818,  29.1,  23.8, 1009.4, 0.095, 0.050,  188,   5.0,   2.9
25-Jun-2000 21:00, 0.773,  29.0,  24.9, 1010.1, 0.089, 0.052,  186,   4.7,   3.1
25-Jun-2000 22:00, 0.741,  29.0,  27.5, 1010.7, 0.095, 0.065,  123,   3.2,   0.3
25-Jun-2000 23:00, 0.703,  29.1,  27.6, 1010.5, 0.095, 0.069,  105,   3.5,   2.1
26-Jun-2000 00:00, 0.657,  29.1,  28.2, 1010.4, 0.087, 0.060,   26,   3.0,   1.3
26-Jun-2000 01:00, 0.614,  29.2,  28.2, 1009.4, 0.080, 0.050,   35,   2.2,   1.6
26-Jun-2000 02:00, 0.584,  29.3,  27.0, 1009.1, 0.079, 0.041,   42,   5.9,   4.6
26-Jun-2000 03:00, 0.579,  29.5,  27.4, 1008.2, 0.095, 0.052,   43,   5.7,   1.7
26-Jun-2000 04:00, 0.573,  29.5,  27.6, 1007.8, 0.097, 0.047,   34,   3.4,   2.3
26-Jun-2000 05:00, 0.556,  29.6,  27.7, 1007.9, 0.072, 0.018,   28,   4.0,   2.6
26-Jun-2000 06:00, 0.553,  29.5,  27.5, 1008.2, 0.050,-0.003,   41,   3.1,   1.2
26-Jun-2000 07:00, 0.573,  29.4,  27.6, 1008.9, 0.045,-0.005,  168,   2.2,   1.2
26-Jun-2000 08:00, 0.624,  29.4,  26.4, 1009.3, 0.057, 0.015,  182,   2.4,   1.6
26-Jun-2000 09:00, 0.680,  29.7,  25.9, 1009.7, 0.064, 0.025,  197,   2.8,   2.0
26-Jun-2000 10:00, 0.744,  29.6,  25.6, 1010.0, 0.069, 0.033,  214,   4.3,   0.9
26-Jun-2000 11:00, 0.790,  29.4,  25.0, 1010.4, 0.054, 0.022,  199,   3.5,   1.9
26-Jun-2000 12:00, 0.832,  29.4,  25.2, 1010.2, 0.046, 0.018,  194,   3.9,   0.8
26-Jun-2000 13:00, 0.856,  29.3,  24.9, 1010.1, 0.037, 0.007,  131,   5.0,   1.3
26-Jun-2000 14:00, 0.879,  29.3,  23.9, 1010.3, 0.042, 0.011,  129,   3.4,   1.2
26-Jun-2000 15:00, 0.904,  29.2,  24.0, 1009.5, 0.061, 0.031,  191,   4.1,   2.3
26-Jun-2000 16:00, 0.933,  29.2,  24.1, 1008.5, 0.100, 0.061,  193,   5.3,   2.6
26-Jun-2000 17:00, 0.909,  29.2,  24.1, 1008.4, 0.098, 0.050,  192,   4.8,   3.3
26-Jun-2000 18:00, 0.851,  29.2,  24.1, 1008.7, 0.074, 0.026,  217,   4.8,   1.3
26-Jun-2000 19:00, 0.792,  29.2,  23.8, 1008.9, 0.065, 0.020,  173,   3.9,   2.1
26-Jun-2000 20:00, 0.736,  29.3,  23.9, 1009.4, 0.067, 0.024,  188,   4.3,   2.7
26-Jun-2000 21:00, 0.682,  29.2,  25.4, 1010.1, 0.073, 0.036,  190,   5.0,   3.1
26-Jun-2000 22:00, 0.650,  29.3,  27.8, 1010.3, 0.090, 0.060,  193,   3.5,   1.0
26-Jun-2000 23:00, 0.623,  29.2,  27.7, 1010.1, 0.096, 0.066,   40,   2.5,   2.2
27-Jun-2000 00:00, 0.593,  29.4,  27.5, 1010.0, 0.084, 0.053,   35,   2.9,   2.1
27-Jun-2000 01:00, 0.571,  29.5,  27.3, 1009.2, 0.073, 0.040,   24,   3.3,   2.3
27-Jun-2000 02:00, 0.562,  29.5,  27.5, 1008.2, 0.068, 0.027,   17,   2.4,   1.6
27-Jun-2000 03:00, 0.567,  29.4,  27.8, 1007.4, 0.069, 0.018,    6,   2.6,   1.8
27-Jun-2000 04:00, 0.592,  29.6,  28.3, 1007.0, 0.087, 0.028,  360,   2.9,   1.7
27-Jun-2000 05:00, 0.610,  29.6,  28.4, 1007.2, 0.090, 0.028,   18,   3.0,   1.9
27-Jun-2000 06:00, 0.637,  29.7,  29.0, 1007.4, 0.091, 0.031,   25,   2.5,   0.9
27-Jun-2000 07:00, 0.648,  29.5,  28.5, 1007.8, 0.073, 0.015,    5,   1.6,   0.5
27-Jun-2000 08:00, 0.657,  29.8,  26.8, 1008.4, 0.051,-0.003,  187,   2.9,   2.2
27-Jun-2000 09:00, 0.709,  29.8,  26.8, 1009.1, 0.067, 0.019,  152,   2.6,   1.3
27-Jun-2000 10:00, 0.769,  29.8,  26.2, 1009.3, 0.079, 0.038,  198,   4.3,   2.7
27-Jun-2000 11:00, 0.824,  29.7,  26.1, 1009.6, 0.076, 0.037,  180,   3.9,   2.3
27-Jun-2000 12:00, 0.886,  29.4,  26.0, 1009.5, 0.080, 0.043,  193,   3.7,   0.3
27-Jun-2000 13:00, 0.919,  29.4,  25.4, 1009.4, 0.068, 0.031,  195,   3.1,   1.6
27-Jun-2000 14:00, 0.940,  29.5,  25.3, 1008.9, 0.063, 0.024,  184,   3.3,   1.9
27-Jun-2000 15:00, 0.949,  29.6,  25.3, 1008.7, 0.064, 0.021,  157,   3.3,   1.6
27-Jun-2000 16:00, 0.951,  29.5,  25.1, 1007.9, 0.082, 0.035,  200,   3.5,   1.7
27-Jun-2000 17:00, 0.946,  29.4,  25.2, 1008.0, 0.116, 0.063,  196,   3.0,   2.0
27-Jun-2000 18:00, 0.891,  29.3,  25.1, 1008.0, 0.114, 0.062,  183,   4.4,   3.2
27-Jun-2000 19:00, 0.799,  29.3,  24.8, 1008.1, 0.087, 0.035,  191,   4.6,   2.6
27-Jun-2000 20:00, 0.712,  29.3,  24.6, 1008.8, 0.078, 0.027,  183,   4.5,   2.8
27-Jun-2000 21:00, 0.625,  29.3,  25.9, 1009.2, 0.073, 0.029,  191,   3.7,   1.2
27-Jun-2000 22:00, 0.562,  29.3,  26.9, 1009.6, 0.082, 0.042,  299,   2.6,   0.6
27-Jun-2000 23:00, 0.520,  29.3,  27.2, 1009.7, 0.085, 0.050,  355,   2.9,   1.9
28-Jun-2000 00:00, 0.523,  29.3,  27.2, 1009.2, 0.104, 0.068,  336,   2.4,   1.1
28-Jun-2000 01:00, 0.536,  29.4,  27.7, 1008.3, 0.111, 0.070,  337,   2.4,   1.9
28-Jun-2000 02:00, 0.539,  29.4,  27.9, 1007.4, 0.094, 0.044,  354,   3.2,   2.6
28-Jun-2000 03:00, 0.555,  29.8,  28.3, 1006.6, 0.082, 0.023,    1,   4.1,   1.3
28-Jun-2000 04:00, 0.580,  29.8,  27.8, 1005.7, 0.073, 0.006,   49,   4.5,   2.2
28-Jun-2000 05:00, 0.624,  29.8,  27.8, 1005.4, 0.085, 0.010,  136,   8.7,   2.5
28-Jun-2000 06:00, 0.661,  29.9,  26.2, 1006.1, 0.087, 0.010,   80,   6.7,   3.9
28-Jun-2000 07:00, 0.680,  30.0,  26.3, 1006.8, 0.065,-0.006,  175,   4.8,   1.5
28-Jun-2000 08:00, 0.695,  29.9,  24.7, 1007.9, 0.044,-0.020,  123,   6.2,   4.0
28-Jun-2000 09:00, 0.741,  29.9,  24.3, 1008.4, 0.057, 0.005,  144,   6.3,   3.9
28-Jun-2000 10:00, 0.799,  29.7,  25.0, 1008.2, 0.080, 0.031,  186,   7.6,   2.9
28-Jun-2000 11:00, 0.856,  29.6,  25.0, 1008.7, 0.091, 0.042,  179,   5.0,   2.5
28-Jun-2000 12:00, 0.919,  29.5,  24.6, 1008.3, 0.097, 0.051,  187,   4.0,   2.3
28-Jun-2000 13:00, 0.964,  29.4,  24.5, 1008.7, 0.087, 0.038,  199,   4.2,   1.6
28-Jun-2000 14:00, 0.996,  29.4,  24.4, 1008.3, 0.082, 0.037,  189,   4.0,   1.5
28-Jun-2000 15:00, 0.994,  29.4,  24.2, 1007.5, 0.068, 0.018,  189,   3.9,   2.4
28-Jun-2000 16:00, 0.976,  29.4,  24.7, 1006.9, 0.063, 0.005,  180,   4.4,   2.8
28-Jun-2000 17:00, 0.933,  29.4,  24.4, 1006.5, 0.065, 0.001,  187,   4.2,   1.9
28-Jun-2000 18:00, 0.885,  29.3,  24.4, 1007.1, 0.087, 0.021,  185,   4.5,   2.9
28-Jun-2000 19:00, 0.816,  29.4,  24.0, 1007.2, 0.099, 0.038,  183,   4.0,   2.6
28-Jun-2000 20:00, 0.717,  29.1,  24.0, 1008.5, 0.092, 0.033,  188,   4.6,   3.0
28-Jun-2000 21:00, 0.596,  29.2,  24.6, 1009.3, 0.071, 0.025,  196,   3.8,   1.5
28-Jun-2000 22:00, 0.497,  29.2,  25.1, 1010.0, 0.069, 0.031,  163,   4.2,   2.5
28-Jun-2000 23:00, 0.427,  29.2,  27.7, 1009.7, 0.072, 0.040,  133,   3.8,   1.1
29-Jun-2000 00:00, 0.383,  29.3,  27.1, 1009.0, 0.060, 0.024,  111,   7.8,   1.7
29-Jun-2000 01:00, 0.411,  29.3,  29.2, 1008.3, 0.079, 0.036,   83,   3.8,   1.8
29-Jun-2000 02:00, 0.448,  29.4,  28.4, 1007.8, 0.081, 0.032,  350,   4.7,   2.7
29-Jun-2000 03:00, 0.499,  29.6,  29.1, 1006.8, 0.086, 0.030,   56,   6.1,   4.5
29-Jun-2000 04:00, 0.552,  29.8,  29.0, 1006.2, 0.082, 0.017,   47,   5.9,   3.2
29-Jun-2000 05:00, 0.593,  29.7,  29.4, 1006.2, 0.065,-0.006,   56,   5.7,   5.0
29-Jun-2000 06:00, 0.655,  29.5,  29.7, 1006.6, 0.076, 0.006,   84,   5.4,   2.6
29-Jun-2000 07:00, 0.726,  29.3,  29.0, 1007.0, 0.093, 0.027,  126,   3.4,   1.3
29-Jun-2000 08:00, 0.768,  29.4,  26.5, 1007.8, 0.086, 0.024,  179,   2.7,   1.3
29-Jun-2000 09:00, 0.795,  29.4,  25.8, 1008.3, 0.072, 0.019,  187,   3.3,   1.1
29-Jun-2000 10:00, 0.830,  29.4,  25.6, 1008.9, 0.073, 0.024,  198,   3.0,   2.1
29-Jun-2000 11:00, 0.863,  29.4,  25.5, 1009.3, 0.071, 0.029,  202,   4.0,   2.2
29-Jun-2000 12:00, 0.915,  29.4,  25.4, 1009.2, 0.077, 0.038,  200,   4.0,   2.9
29-Jun-2000 13:00, 0.985,  29.3,  25.0, 1009.0, 0.091, 0.050,  193,   4.1,   2.6
29-Jun-2000 14:00, 1.041,  29.3,  24.6, 1008.4, 0.099, 0.056,  194,   4.1,   2.8
29-Jun-2000 15:00, 1.065,  29.3,  24.2, 1007.9, 0.101, 0.052,  194,   5.0,   2.3
29-Jun-2000 16:00, 1.034,  29.2,  24.2, 1007.5, 0.076, 0.023,  186,   4.9,   2.9
29-Jun-2000 17:00, 0.983,  29.2,  23.8, 1007.2, 0.065, 0.007,  186,   4.6,   2.8
29-Jun-2000 18:00, 0.913,  29.2,  24.0, 1007.4, 0.072, 0.012,  187,   4.7,   3.2
29-Jun-2000 19:00, 0.847,  29.1,  23.9, 1007.8, 0.103, 0.046,  187,   5.5,   3.1
29-Jun-2000 20:00, 0.780,  29.1,  23.5, 1008.2, 0.141, 0.087,  191,   4.9,   3.3
29-Jun-2000 21:00, 0.640,  29.1,  25.1, 1009.0, 0.113, 0.064,  184,   4.7,   3.1
29-Jun-2000 22:00, 0.492,  29.0,  27.3, 1009.4, 0.078, 0.037,  177,   4.0,   0.8
29-Jun-2000 23:00, 0.392,  29.1,  27.8, 1009.3, 0.079, 0.042,  303,   1.8,   1.5
30-Jun-2000 00:00, 0.336,  29.1,  27.9, 1008.9, 0.085, 0.045,  325,   2.6,   2.1
30-Jun-2000 01:00, 0.340,  29.2,  28.7, 1008.5, 0.100, 0.056,   11,   2.8,   1.4
30-Jun-2000 02:00, 0.384,  29.7,  29.0, 1007.8, 0.110, 0.063,   25,   3.0,   2.6
30-Jun-2000 03:00, 0.448,  29.5,  29.7, 1007.1, 0.117, 0.062,   62,   7.8,   6.6
30-Jun-2000 04:00, 0.516,  29.7,  30.0, 1006.7, 0.115, 0.053,   68,   9.0,   5.4
30-Jun-2000 05:00, 0.593,  29.6,  30.4, 1006.6, 0.112, 0.046,   83,   7.3,   4.3
30-Jun-2000 06:00, 0.643,  29.7,  29.9, 1007.2, 0.086, 0.021,  108,   8.3,   4.1
30-Jun-2000 07:00, 0.728,  29.6,  28.7, 1008.0, 0.105, 0.046,  128,   6.4,   2.0
30-Jun-2000 08:00, 0.825,  29.6,  28.1, 1008.4, 0.138, 0.086,  115,   4.5,   2.8
30-Jun-2000 09:00, 0.844,  29.6,  27.6, 1009.1, 0.102, 0.055,  150,   4.8,   2.4
30-Jun-2000 10:00, 0.878,  29.5,  27.2, 1009.4, 0.094, 0.053,  157,   2.8,   1.6
30-Jun-2000 11:00, 0.913,  29.3,  26.2, 1009.7, 0.094, 0.056,  177,   3.6,   1.1
30-Jun-2000 12:00, 0.949,  29.4,  25.7, 1009.7, 0.093, 0.058,  189,   2.8,   1.0
30-Jun-2000 13:00, 1.014,  29.3,  25.2, 1009.5, 0.109, 0.074,  189,   4.9,   3.3
30-Jun-2000 14:00, 1.071,  29.3,  25.0, 1009.0, 0.114, 0.076,  183,   5.5,   3.3
30-Jun-2000 15:00, 1.103,  29.3,  24.9, 1008.3, 0.110, 0.067,  182,   6.1,   3.0
30-Jun-2000 16:00, 1.108,  29.3,  24.6, 1007.2, 0.111, 0.061,  185,   5.8,   3.6
30-Jun-2000 17:00, 1.047,  29.2,  24.7, 1007.4, 0.081, 0.021,  193,   5.7,   2.9
30-Jun-2000 18:00, 0.960,  29.2,  24.9, 1007.6, 0.062, 0.004,  183,   4.5,   1.6
30-Jun-2000 19:00, 0.859,  29.2,  24.5, 1007.9, 0.066, 0.010,  198,   3.8,   2.0
30-Jun-2000 20:00, 0.772,  29.1,  24.0, 1008.3, 0.096, 0.043,  191,   3.0,   1.6
30-Jun-2000 21:00, 0.703,  29.1,  25.5, 1009.2, 0.147, 0.099,  197,   3.2,   1.3
30-Jun-2000 22:00, 0.576,  29.1,  27.5, 1010.0, 0.143, 0.104,   33,   2.9,   1.0
30-Jun-2000 23:00, 0.414,  29.2,  28.1, 1010.3, 0.099, 0.067,  102,   2.8,   1.2
01-Jul-2000 00:00, 0.305,  29.4,  28.5, 1010.2, 0.082, 0.053,   53,   3.5,   2.8
01-Jul-2000 01:00, 0.250,  29.4,  28.8, 1009.7, 0.070, 0.040,   80,   8.4,   5.6
01-Jul-2000 02:00, 0.259,  29.3,  27.7, 1008.9, 0.068, 0.032,  110,   8.0,   4.9
01-Jul-2000 03:00, 0.342,  29.3,  27.3, 1007.9, 0.096, 0.052,  149,   7.0,   1.0
01-Jul-2000 04:00, 0.427,  29.3,  27.7, 1007.4, 0.107, 0.053,   30,   3.0,   1.1
01-Jul-2000 05:00, 0.517,  29.3,  28.0, 1007.2, 0.109, 0.050,  342,   2.5,   0.8
01-Jul-2000 06:00, 0.593,  29.3,  28.4, 1007.7, 0.089, 0.030,   85,   3.8,   2.1
01-Jul-2000 07:00, 0.656,  29.2,  27.6, 1008.0, 0.068, 0.013,  133,   4.4,   2.2
01-Jul-2000 08:00, 0.754,  29.2,  26.8, 1008.8, 0.091, 0.040,  193,   3.4,   1.0
01-Jul-2000 09:00, 0.867,  29.1,  26.1, 1009.3, 0.137, 0.093,  205,   2.3,   0.6
01-Jul-2000 10:00, 0.905,  29.2,  26.0, 1009.7, 0.120, 0.081,  187,   2.5,   1.1
01-Jul-2000 11:00, 0.917,  29.1,  26.4, 1010.0, 0.087, 0.052,  176,   2.3,   1.9
01-Jul-2000 12:00, 0.941,  29.1,  27.0, 1010.1, 0.074, 0.042,  170,   4.4,   2.3
01-Jul-2000 13:00, 0.991,  29.1,  26.2, 1009.8, 0.082, 0.050,  169,   2.9,   1.2
01-Jul-2000 14:00, 1.045,  29.1,  25.5, 1009.7, 0.087, 0.053,  187,   2.8,   1.1
01-Jul-2000 15:00, 1.101,  29.1,  25.3, 1008.8, 0.097, 0.061,  181,   2.7,   1.5
01-Jul-2000 16:00, 1.128,  29.1,  25.2, 1008.8, 0.104, 0.060,  175,   2.7,   0.4
01-Jul-2000 17:00, 1.099,  29.0,  25.0, 1008.5, 0.093, 0.048,  183,   3.8,   2.5
01-Jul-2000 18:00, 1.015,  29.0,  24.8, 1008.7, 0.063, 0.016,  185,   3.7,   2.8
01-Jul-2000 19:00, 0.878,  29.0,  24.4, 1008.8, 0.021,-0.025,  181,   4.3,   2.6
01-Jul-2000 20:00, 0.731,  28.9,  24.2, 1009.4,-0.001,-0.045,  186,   4.9,   3.3
01-Jul-2000 21:00, 0.632,  28.9,  26.1, 1010.3, 0.029,-0.008,  177,   4.7,   2.2
01-Jul-2000 22:00, 0.605,  29.0,  28.2, 1010.7, 0.128, 0.100,   92,   3.7,   0.9
01-Jul-2000 23:00, 0.481,  29.0,  28.4, 1010.3, 0.126, 0.101,   72,   3.8,   1.7
02-Jul-2000 00:00, 0.308,  29.1,  29.4, 1009.8, 0.064, 0.034,   70,   6.6,   4.0
02-Jul-2000 01:00, 0.223,  29.3,  28.6, 1009.2, 0.054, 0.019,   56,   6.6,   4.1
02-Jul-2000 02:00, 0.218,  29.4,  28.6, 1008.2, 0.070, 0.029,   56,   6.7,   5.6
02-Jul-2000 03:00, 0.258,  29.4,  28.8, 1007.4, 0.077, 0.026,   62,   6.9,   4.4
02-Jul-2000 04:00, 0.342,  29.5,  28.6, 1007.0, 0.092, 0.034,   53,   6.9,   3.7
02-Jul-2000 05:00, 0.446,  29.5,  28.9, 1006.6, 0.112, 0.049,   56,   5.9,   4.4
02-Jul-2000 06:00, 0.571,  29.4,  28.8, 1007.1, 0.138, 0.073,   62,   6.3,   4.4
02-Jul-2000 07:00, 0.644,  29.5,  28.5, 1007.5, 0.109, 0.047,   86,   5.7,   2.9
02-Jul-2000 08:00, 0.684,  29.4,  26.6, 1008.3, 0.065, 0.008,  171,   4.0,   2.1
02-Jul-2000 09:00, 0.784,  29.2,  26.2, 1008.6, 0.092, 0.043,  192,   3.7,   1.7
02-Jul-2000 10:00, 0.901,  29.2,  25.8, 1009.1, 0.145, 0.099,  187,   4.0,   1.7
02-Jul-2000 11:00, 0.936,  29.2,  25.4, 1009.3, 0.124, 0.083,  195,   4.2,   2.0
02-Jul-2000 12:00, 0.954,  29.1,  25.2, 1009.1, 0.095, 0.055,  181,   4.3,   2.8
02-Jul-2000 13:00, 0.976,  29.1,  25.1, 1009.3, 0.075, 0.034,  177,   4.0,   2.6
02-Jul-2000 14:00, 1.029,  29.1,  25.0, 1009.1, 0.083, 0.044,  179,   3.9,   1.7
02-Jul-2000 15:00, 1.094,  29.1,  24.6, 1009.0, 0.102, 0.061,  189,   3.3,   1.3
02-Jul-2000 16:00, 1.157,  29.1,  24.5, 1008.1, 0.130, 0.087,  182,   3.0,   2.0
02-Jul-2000 17:00, 1.173,  29.1,  24.0, 1007.6, 0.144, 0.092,  198,   3.1,   1.9
02-Jul-2000 18:00, 1.126,  29.0,  23.8, 1007.4, 0.134, 0.078,  190,   3.4,   1.4
02-Jul-2000 19:00, 1.003,  29.1,  24.2, 1007.5, 0.087, 0.029,  194,   3.2,   2.3
02-Jul-2000 20:00, 0.829,  29.0,  24.0, 1008.2, 0.028,-0.028,  189,   3.9,   2.6
02-Jul-2000 21:00, 0.709,  29.0,  25.2, 1008.5, 0.044,-0.006,  196,   4.0,   1.9
02-Jul-2000 22:00, 0.649,  29.0,  27.1, 1009.2, 0.117, 0.070,   27,   2.9,   0.6
02-Jul-2000 23:00, 0.589,  29.0,  25.0, 1009.8, 0.177, 0.138,  130,   5.5,   2.1
03-Jul-2000 00:00, 0.441,  29.0,  26.2, 1009.2, 0.141, 0.107,  144,   3.6,   1.7
03-Jul-2000 01:00, 0.308,  29.1,  27.2, 1008.4, 0.101, 0.060,   89,   3.4,   2.3
03-Jul-2000 02:00, 0.237,  29.1,  27.4, 1007.8, 0.081, 0.032,   12,   2.6,   1.7
03-Jul-2000 03:00, 0.256,  29.2,  27.1, 1007.1, 0.098, 0.043,   51,   4.6,   3.3
03-Jul-2000 04:00, 0.321,  29.2,  26.1, 1006.7, 0.115, 0.053,  109,   5.9,   3.4
03-Jul-2000 05:00, 0.405,  29.2,  27.0, 1006.4, 0.122, 0.057,  119,   6.0,   3.4
03-Jul-2000 06:00, 0.496,  29.1,  27.1, 1006.6, 0.125, 0.057,   85,   4.5,   2.1
03-Jul-2000 07:00, 0.610,  29.1,  26.8, 1006.8, 0.136, 0.070,  204,   2.5,   1.3
03-Jul-2000 08:00, 0.663,  29.1,  25.8, 1007.1, 0.092, 0.028,  184,   2.3,   0.9
03-Jul-2000 09:00, 0.712,  29.1,  25.3, 1007.7, 0.066, 0.005,  173,   2.7,   1.4
03-Jul-2000 10:00, 0.838,  29.0,  24.9, 1008.3, 0.128, 0.074,  201,   2.9,   2.3
03-Jul-2000 11:00, 0.936,  29.0,  24.8, 1008.7, 0.167, 0.118,  193,   3.2,   2.7
03-Jul-2000 12:00, 0.959,  29.0,  24.8, 1008.2, 0.132, 0.086,  195,   4.1,   2.4
03-Jul-2000 13:00, 0.967,  29.0,  24.7, 1008.5, 0.093, 0.043,  191,   3.9,   2.2
03-Jul-2000 14:00, 0.987,  28.9,  25.0, 1008.5, 0.068, 0.021,  209,   3.7,   1.4
03-Jul-2000 15:00, 1.052,  28.9,  24.1, 1008.5, 0.088, 0.042,  177,   3.5,   2.1
03-Jul-2000 16:00, 1.098,  28.9,  24.2, 1007.6, 0.094, 0.046,  182,   4.7,   2.3
03-Jul-2000 17:00, 1.147,  28.9,  24.2, 1007.1, 0.120, 0.063,  189,   4.3,   2.4
03-Jul-2000 18:00, 1.138,  28.9,  24.4, 1008.0, 0.130, 0.069,  181,   3.7,   1.8
03-Jul-2000 19:00, 1.075,  28.9,  24.4, 1007.9, 0.122, 0.071,  174,   3.7,   1.4
03-Jul-2000 20:00, 0.930,  28.9,  24.1, 1007.8, 0.071, 0.017,  205,   2.7,   0.9
03-Jul-2000 21:00, 0.758,  28.8,  24.9, 1009.2, 0.026,-0.026,  216,   2.1,   1.4
03-Jul-2000 22:00, 0.634,  28.9,  27.2, 1009.5, 0.040, 0.000,  219,   2.7,   1.8
03-Jul-2000 23:00, 0.559,  28.9,  27.3, 1010.2, 0.089, 0.053,   70,   3.4,   2.6
04-Jul-2000 00:00, 0.537,  29.0,  27.1, 1009.7, 0.170, 0.139,  213,   4.4,   0.6
04-Jul-2000 01:00, 0.428,  29.0,  27.2, 1009.0, 0.152, 0.116,   49,   4.4,   3.3
04-Jul-2000 02:00, 0.284,  29.5,  27.4, 1008.2, 0.076, 0.033,  328,   5.9,   1.0
04-Jul-2000 03:00, 0.251,  29.3,  27.9, 1007.2, 0.069, 0.018,  283,   2.8,   2.3
04-Jul-2000 04:00, 0.290,  29.5,  29.4, 1006.6, 0.087, 0.026,   65,   5.8,   3.2
04-Jul-2000 05:00, 0.366,  29.4,  29.5, 1006.5, 0.103, 0.036,   71,   7.3,   3.4
04-Jul-2000 06:00, 0.459,  29.4,  29.1, 1006.7, 0.118, 0.051,   63,   4.0,   2.9
04-Jul-2000 07:00, 0.547,  29.2,  28.6, 1007.1, 0.117, 0.053,  102,   5.7,   2.4
04-Jul-2000 08:00, 0.659,  29.1,  27.8, 1007.6, 0.132, 0.071,  120,   3.3,   1.9
04-Jul-2000 09:00, 0.708,  29.2,  27.5, 1008.1, 0.100, 0.044,  139,   3.5,   1.2
04-Jul-2000 10:00, 0.748,  29.2,  27.2, 1008.4, 0.080, 0.030,  112,   3.0,   2.4
04-Jul-2000 11:00, 0.859,  29.1,  27.2, 1008.7, 0.142, 0.094,  125,   3.7,   0.2
04-Jul-2000 12:00, 0.949,  29.1,  26.8, 1008.7, 0.175, 0.130,  120,   7.6,   2.7
04-Jul-2000 13:00, 0.946,  29.1,  25.6, 1009.1, 0.116, 0.071,  150,   5.4,   2.6
04-Jul-2000 14:00, 0.958,  29.1,  25.4, 1008.7, 0.080, 0.039,  175,   6.7,   1.8
04-Jul-2000 15:00, 0.994,  29.1,  25.7, 1008.2, 0.073, 0.027,  172,   4.1,   1.8
04-Jul-2000 16:00, 1.069,  29.1,  26.0, 1007.8, 0.109, 0.059,  184,   3.8,   1.5
04-Jul-2000 17:00, 1.129,  29.1,  26.2, 1007.3, 0.138, 0.083,  182,   3.0,   0.3
04-Jul-2000 18:00, 1.150,  29.1,  26.1, 1007.5, 0.154, 0.095,  163,   2.1,   0.8
04-Jul-2000 19:00, 1.123,  29.0,  26.8, 1008.0, 0.163, 0.106,  154,   4.6,   2.8
04-Jul-2000 20:00, 1.037,  29.0,  25.8, 1008.5, 0.148, 0.096,  164,   3.9,   0.9
04-Jul-2000 21:00, 0.879,  29.0,  27.7, 1009.0, 0.095, 0.049,  133,   2.5,   1.4
04-Jul-2000 22:00, 0.716,  29.0,  28.8, 1009.2, 0.063, 0.021,  110,   4.8,   3.1
04-Jul-2000 23:00, 0.630,  29.1,  29.5, 1009.2, 0.105, 0.065,   88,   5.4,   2.8
05-Jul-2000 00:00, 0.619,  29.1,  29.9, 1008.8, 0.196, 0.156,   89,   5.5,   3.0
05-Jul-2000 01:00, 0.493,  29.2,  29.2, 1008.4, 0.147, 0.102,   47,   5.1,   3.9
05-Jul-2000 02:00, 0.362,  29.3,  28.7, 1007.9, 0.079, 0.031,   45,   5.2,   4.1
05-Jul-2000 03:00, 0.329,  29.5,  28.8, 1006.8, 0.085, 0.031,   33,   4.3,   2.4
05-Jul-2000 04:00, 0.323,  29.5,  28.8, 1006.4, 0.082, 0.017,   17,   2.9,   2.1
05-Jul-2000 05:00, 0.389,  29.4,  28.9, 1006.6, 0.110, 0.042,    0,   2.2,   1.0
05-Jul-2000 06:00, 0.463,  29.4,  28.8, 1006.9, 0.119, 0.053,   47,   2.4,   0.9
05-Jul-2000 07:00, 0.547,  29.3,  28.7, 1007.6, 0.128, 0.065,   29,   2.0,   0.0
05-Jul-2000 08:00, 0.632,  29.3,  27.2, 1008.1, 0.129, 0.074,  202,   2.1,   1.9
05-Jul-2000 09:00, 0.662,  29.3,  26.5, 1008.8, 0.078, 0.027,  197,   2.9,   2.2
05-Jul-2000 10:00, 0.693,  29.2,  26.1, 1009.3, 0.048, 0.004,  198,   3.2,   2.4
05-Jul-2000 11:00, 0.797,  29.1,  26.1, 1009.6, 0.114, 0.075,  186,   3.9,   1.9
05-Jul-2000 12:00, 0.857,  29.1,  25.8, 1009.4, 0.135, 0.099,  190,   3.3,   2.4
05-Jul-2000 13:00, 0.867,  29.0,  25.8, 1009.2, 0.092, 0.053,  187,   4.4,   2.5
05-Jul-2000 14:00, 0.904,  29.0,  25.3, 1009.0, 0.077, 0.037,  200,   4.0,   2.7
05-Jul-2000 15:00, 0.941,  29.0,  25.2, 1008.5, 0.071, 0.029,  188,   4.9,   2.8
05-Jul-2000 16:00, 0.972,  29.0,  24.9, 1007.8, 0.067, 0.019,  179,   4.9,   3.0
05-Jul-2000 17:00, 1.032,  28.9,  24.9, 1007.8, 0.098, 0.044,  189,   5.4,   3.8
05-Jul-2000 18:00, 1.067,  28.9,  24.7, 1007.8, 0.116, 0.062,  189,   5.1,   2.8
05-Jul-2000 19:00, 1.055,  28.9,  24.7, 1008.1, 0.117, 0.063,  185,   5.2,   3.5
05-Jul-2000 20:00, 1.010,  28.9,  24.5, 1008.3, 0.124, 0.073,  187,   5.2,   3.7
05-Jul-2000 21:00, 0.873,  28.9,  25.4, 1008.8, 0.070, 0.022,  179,   5.0,   3.1
05-Jul-2000 22:00, 0.722,  28.9,  27.7, 1009.2, 0.029,-0.015,  232,   3.9,   1.5
05-Jul-2000 23:00, 0.624,  28.9,  27.9, 1009.1, 0.052, 0.012,  345,   2.3,   1.7
06-Jul-2000 00:00, 0.578,  29.0,  28.4, 1008.6, 0.112, 0.070,  360,   2.8,   1.7
06-Jul-2000 01:00, 0.543,  29.3,  28.4, 1008.3, 0.148, 0.101,   20,   4.0,   3.4
06-Jul-2000 02:00, 0.458,  29.4,  28.4, 1007.5, 0.108, 0.058,   32,   4.3,   2.7
06-Jul-2000 03:00, 0.382,  29.5,  28.8, 1006.5, 0.063, 0.005,   40,   5.3,   3.9
06-Jul-2000 04:00, 0.372,  29.6,  29.1, 1006.0, 0.064,-0.004,   33,   4.9,   3.5
06-Jul-2000 05:00, 0.422,  29.7,  29.1, 1006.1, 0.096, 0.024,   40,   4.8,   4.1
06-Jul-2000 06:00, 0.493,  29.6,  30.0, 1006.3, 0.117, 0.047,  298,   5.2,   0.7
06-Jul-2000 07:00, 0.554,  29.6,  28.2, 1006.6, 0.112, 0.043,  180,   3.5,   2.2
06-Jul-2000 08:00, 0.627,  29.2,  27.2, 1007.6, 0.116, 0.051,  175,   3.9,   2.3
06-Jul-2000 09:00, 0.667,  29.1,  26.6, 1008.1, 0.086, 0.030,  196,   2.9,   1.6
06-Jul-2000 10:00, 0.659,  29.0,  26.2, 1008.7, 0.018,-0.032,  185,   3.7,   1.7
06-Jul-2000 11:00, 0.720,  29.1,  26.1, 1008.7, 0.043,-0.002,  164,   4.4,   1.6
06-Jul-2000 12:00, 0.817,  29.0,  25.6, 1008.5, 0.117, 0.071,  193,   3.8,   1.7
06-Jul-2000 13:00, 0.873,  29.0,  25.8, 1008.8, 0.142, 0.095,  186,   4.1,   2.2
06-Jul-2000 14:00, 0.872,  29.0,  25.6, 1008.3, 0.096, 0.051,  183,   4.0,   2.3
06-Jul-2000 15:00, 0.880,  28.9,  25.4, 1007.8, 0.061, 0.012,  180,   3.7,   2.3
06-Jul-2000 16:00, 0.912,  28.9,  25.2, 1007.5, 0.063, 0.009,  184,   4.0,   2.2
06-Jul-2000 17:00, 0.946,  28.9,  25.5, 1007.4, 0.076, 0.019,  189,   5.0,   2.7
06-Jul-2000 18:00, 0.988,  29.0,  25.3, 1007.6, 0.104, 0.046,  181,   4.5,   2.7
06-Jul-2000 19:00, 0.985,  29.0,  25.0, 1008.1, 0.102, 0.046,  182,   4.5,   3.4
06-Jul-2000 20:00, 0.965,  28.9,  25.1, 1008.6, 0.112, 0.062,  190,   4.1,   3.3
06-Jul-2000 21:00, 0.903,  28.9,  27.2, 1008.9, 0.114, 0.068,  192,   4.1,   1.7
06-Jul-2000 22:00, 0.772,  29.0,  27.6, 1009.4, 0.071, 0.028,  204,   3.2,   0.9
06-Jul-2000 23:00, 0.658,  29.0,  27.5, 1009.2, 0.060, 0.021,  175,   3.2,   2.2
07-Jul-2000 00:00, 0.555,  29.0,  28.7, 1008.6, 0.056, 0.016,   96,   3.2,   0.9
07-Jul-2000 01:00, 0.531,  29.0,  28.4, 1007.7, 0.106, 0.059,    6,   2.1,   1.9
07-Jul-2000 02:00, 0.540,  29.1,  28.6, 1007.2, 0.149, 0.093,    9,   3.4,   2.6
07-Jul-2000 03:00, 0.479,  29.3,  28.7, 1006.4, 0.100, 0.039,   31,   3.2,   2.5
07-Jul-2000 04:00, 0.446,  29.5,  29.3, 1006.0, 0.067,-0.002,   55,   4.2,   2.9
07-Jul-2000 05:00, 0.462,  29.5,  29.3, 1006.1, 0.070,-0.002,   61,   5.2,   3.7
07-Jul-2000 06:00, 0.518,  29.5,  29.1, 1006.4, 0.092, 0.021,   72,   5.7,   4.2
07-Jul-2000 07:00, 0.589,  29.5,  28.8, 1007.2, 0.108, 0.041,   80,   5.1,   2.5
07-Jul-2000 08:00, 0.664,  29.4,  28.4, 1007.2, 0.120, 0.059,  105,   4.3,   2.6
07-Jul-2000 09:00, 0.730,  29.4,  27.7, 1007.9, 0.126, 0.067,  166,   4.4,   0.9
07-Jul-2000 10:00, 0.763,  29.3,  27.2, 1008.2, 0.107, 0.054,  213,   1.9,   0.6
07-Jul-2000 11:00, 0.771,  29.4,  26.8, 1008.5, 0.078, 0.029,  190,   3.2,   1.5
07-Jul-2000 12:00, 0.789,  29.3,  26.5, 1008.2, 0.078, 0.031,  172,   2.4,   1.4
07-Jul-2000 13:00, 0.849,  29.2,  26.0, 1007.9, 0.128, 0.077,  200,   3.2,   1.2
07-Jul-2000 14:00, 0.911,  29.2,  25.5, 1007.9, 0.167, 0.113,  188,   3.5,   1.4
07-Jul-2000 15:00, 0.903,  29.1,  25.4, 1007.7, 0.127, 0.074,  185,   4.0,   2.3
07-Jul-2000 16:00, 0.897,  29.2,  25.0, 1007.3, 0.097, 0.042,  190,   4.6,   3.2
07-Jul-2000 17:00, 0.915,  29.2,  25.0, 1007.1, 0.102, 0.043,  187,   4.4,   2.5
07-Jul-2000 18:00, 0.914,  29.1,  25.0, 1007.4, 0.099, 0.039,  189,   4.7,   3.2
07-Jul-2000 19:00, 0.927,  29.2,  24.9, 1007.5, 0.117, 0.059,  180,   4.4,   2.9
07-Jul-2000 20:00, 0.909,  29.1,  25.1, 1008.4, 0.119, 0.063,  193,   4.6,   2.3
07-Jul-2000 21:00, 0.875,  29.2,  25.5, 1008.6, 0.129, 0.081,  179,   4.2,   2.0
07-Jul-2000 22:00, 0.814,  29.1,  27.1, 1009.1, 0.136, 0.091,  179,   3.7,   1.6
07-Jul-2000 23:00, 0.706,  29.2,  28.0, 1008.9, 0.111, 0.069,   23,   2.9,   1.8
08-Jul-2000 00:00, 0.589,  29.3,  27.9, 1008.6, 0.078, 0.035,  337,   3.5,   2.0
08-Jul-2000 01:00, 0.522,  29.3,  28.3, 1007.6, 0.078, 0.031,   34,   4.5,   3.6
08-Jul-2000 02:00, 0.523,  29.3,  28.8, 1006.8, 0.114, 0.057,   59,   6.4,   5.2
08-Jul-2000 03:00, 0.533,  29.4,  29.3, 1005.7, 0.123, 0.057,   57,   7.6,   6.0
08-Jul-2000 04:00, 0.524,  29.7,  29.2, 1006.1, 0.094, 0.019,   87,   8.2,   5.3
08-Jul-2000 05:00, 0.526,  29.6,  28.2, 1006.2, 0.071, 0.000,  189,   6.6,   1.8
08-Jul-2000 06:00, 0.557,  29.4,  26.5, 1006.4, 0.071, 0.002,  179,   4.7,   2.8
08-Jul-2000 07:00, 0.632,  29.3,  25.7, 1006.9, 0.102, 0.034,  189,   5.3,   2.9
08-Jul-2000 08:00, 0.700,  29.3,  25.4, 1007.4, 0.115, 0.053,  184,   3.9,   3.1
08-Jul-2000 09:00, 0.754,  29.4,  25.3, 1007.5, 0.114, 0.055,  183,   4.5,   1.6
08-Jul-2000 10:00, 0.811,  29.4,  25.3, 1008.3, 0.122, 0.066,  192,   3.4,   2.3
08-Jul-2000 11:00, 0.818,  29.4,  25.3, 1008.8, 0.095, 0.046,  178,   4.3,   1.9
08-Jul-2000 12:00, 0.824,  29.4,  25.8, 1008.7, 0.083, 0.039,  137,   3.7,   1.9
08-Jul-2000 13:00, 0.839,  29.4,  24.6, 1008.6, 0.094, 0.049,  183,   3.0,   2.3
08-Jul-2000 14:00, 0.872,  29.3,  24.4, 1008.1, 0.126, 0.080,  191,   4.4,   3.2
08-Jul-2000 15:00, 0.896,  29.3,  24.4, 1007.3, 0.141, 0.089,  177,   4.6,   2.3
08-Jul-2000 16:00, 0.875,  29.2,  24.3, 1007.7, 0.109, 0.051,  163,   4.7,   2.1
08-Jul-2000 17:00, 0.858,  29.2,  24.2, 1007.5, 0.091, 0.035,  191,   4.2,   2.6
08-Jul-2000 18:00, 0.845,  29.1,  23.9, 1007.9, 0.088, 0.032,  183,   4.4,   2.3
08-Jul-2000 19:00, 0.827,  29.2,  24.1, 1008.7, 0.090, 0.037,  181,   3.7,   2.3
08-Jul-2000 20:00, 0.808,  29.2,  23.9, 1009.0, 0.094, 0.050,  185,   4.4,   3.1
08-Jul-2000 21:00, 0.771,  29.2,  25.4, 1009.2, 0.093, 0.051,  186,   4.5,   2.3
08-Jul-2000 22:00, 0.737,  29.2,  26.8, 1009.9, 0.110, 0.070,  202,   3.8,   0.8
08-Jul-2000 23:00, 0.677,  29.2,  27.7, 1009.8, 0.111, 0.078,    8,   2.7,   2.1
09-Jul-2000 00:00, 0.580,  29.2,  28.8, 1009.6, 0.079, 0.044,   73,   9.5,   7.3
09-Jul-2000 01:00, 0.515,  29.4,  27.8, 1009.0, 0.068, 0.032,   75,  11.1,   5.4
09-Jul-2000 02:00, 0.492,  29.3,  28.7, 1008.1, 0.075, 0.031,   84,   8.9,   5.2
09-Jul-2000 03:00, 0.519,  29.3,  28.7, 1007.5, 0.099, 0.047,   66,   8.2,   4.6
09-Jul-2000 04:00, 0.547,  29.4,  29.4, 1007.0, 0.095, 0.037,   97,   7.7,   3.7
09-Jul-2000 05:00, 0.576,  29.2,  27.0, 1007.6, 0.081, 0.020,  189,   7.2,   2.0
09-Jul-2000 06:00, 0.616,  29.3,  26.5, 1007.8, 0.079, 0.023,  186,   3.1,   1.6
09-Jul-2000 07:00, 0.663,  29.3,  26.3, 1008.7, 0.084, 0.030,  188,   3.1,   1.2
09-Jul-2000 08:00, 0.708,  29.3,  26.0, 1009.7, 0.082, 0.038,  180,   2.4,   1.7
09-Jul-2000 09:00, 0.761,  29.3,  25.9, 1010.2, 0.085, 0.051,  193,   3.3,   1.1
09-Jul-2000 10:00, 0.812,  29.3,  25.5, 1010.7, 0.091, 0.061,  182,   3.4,   2.1
09-Jul-2000 11:00, 0.847,  29.3,  26.6, 1010.8, 0.089, 0.063,   15,   4.8,   3.9
09-Jul-2000 12:00, 0.849,  29.3,  25.3, 1011.2, 0.069, 0.045,   22,   4.9,   1.1
09-Jul-2000 13:00, 0.840,  29.2,  23.1, 1010.8, 0.056, 0.036,  176,  11.9,   1.7
09-Jul-2000 14:00, 0.848,  29.2,  23.3, 1010.5, 0.072, 0.047,  213,   2.3,   0.8
09-Jul-2000 15:00, 0.846,  29.3,  23.8, 1010.7, 0.081, 0.054,  165,   2.4,   1.1
09-Jul-2000 16:00, 0.868,  29.2,  23.8, 1009.6, 0.114, 0.088,  182,   2.2,   0.8
09-Jul-2000 17:00, 0.863,  29.3,  24.1, 1008.8, 0.122, 0.085,  143,   3.1,   1.0
09-Jul-2000 18:00, 0.815,  29.2,  24.2, 1009.3, 0.099, 0.055,  177,   4.4,   2.7
09-Jul-2000 19:00, 0.764,  29.0,  24.9, 1010.0, 0.083, 0.044,  181,   5.6,   1.1
09-Jul-2000 20:00, 0.730,  29.0,  24.3, 1010.0, 0.087, 0.055,  196,   4.7,   2.1
09-Jul-2000 21:00, 0.697,  29.0,  25.7, 1010.0, 0.094, 0.061,  180,   4.1,   2.9
09-Jul-2000 22:00, 0.646,  29.1,  27.9, 1011.2, 0.087, 0.055,   33,   3.5,   0.9
09-Jul-2000 23:00, 0.616,  29.1,  27.3, 1011.7, 0.101, 0.082,   30,   3.7,   1.8
10-Jul-2000 00:00, 0.581,  29.2,  27.5, 1010.9, 0.110, 0.094,  354,   2.7,   2.3
10-Jul-2000 01:00, 0.530,  29.3,  27.9, 1010.3, 0.097, 0.073,  348,   3.3,   1.8
10-Jul-2000 02:00, 0.493,  29.5,  28.8, 1009.4, 0.080, 0.050,   64,   9.2,   6.2
10-Jul-2000 03:00, 0.515,  29.4,  29.7, 1008.1, 0.095, 0.054,   71,   9.3,   7.0
10-Jul-2000 04:00, 0.554,  29.5,  28.5, 1008.4, 0.099, 0.049,  204,   7.8,   3.9
10-Jul-2000 05:00, 0.605,  29.3,  28.5, 1008.5, 0.097, 0.049,  198,   6.1,   1.7
10-Jul-2000 06:00, 0.649,  29.3,  27.8, 1009.1, 0.084, 0.037,  247,   4.4,   1.4
10-Jul-2000 07:00, 0.691,  29.3,  26.7, 1009.5, 0.075, 0.034,  203,   3.4,   1.3
10-Jul-2000 08:00, 0.736,  29.4,  25.8, 1009.8, 0.074, 0.037,  185,   3.6,   2.6
10-Jul-2000 09:00, 0.780,  29.3,  25.3, 1010.4, 0.075, 0.041,  193,   4.7,   2.8
10-Jul-2000 10:00, 0.829,  29.3,  24.9, 1010.8, 0.082, 0.055,  190,   4.3,   2.1
10-Jul-2000 11:00, 0.874,  29.3,  24.5, 1010.8, 0.089, 0.065,  192,   3.8,   2.1
10-Jul-2000 12:00, 0.907,  29.3,  24.7, 1010.7, 0.093, 0.068,  187,   4.0,   2.4
10-Jul-2000 13:00, 0.897,  29.2,  24.0, 1011.1, 0.071, 0.046,  167,   4.1,   1.9
10-Jul-2000 14:00, 0.891,  29.1,  24.1, 1011.1, 0.072, 0.051,  185,   4.3,   2.6
10-Jul-2000 15:00, 0.883,  29.2,  23.7, 1010.5, 0.083, 0.061,  187,   5.0,   3.4
10-Jul-2000 16:00, 0.863,  29.2,  23.5, 1010.2, 0.092, 0.064,  190,   5.5,   3.5
10-Jul-2000 17:00, 0.846,  29.0,  24.0, 1010.4, 0.110, 0.080,  193,   5.1,   2.8
10-Jul-2000 18:00, 0.815,  29.0,  23.7, 1010.2, 0.120, 0.092,  188,   5.1,   3.2
10-Jul-2000 19:00, 0.748,  29.0,  23.6, 1010.7, 0.102, 0.072,  161,   5.8,   1.0
10-Jul-2000 20:00, 0.681,  29.0,  23.7, 1011.5, 0.090, 0.065,  103,   3.8,   1.0
10-Jul-2000 21:00, 0.623,  29.0,  24.2, 1011.8, 0.085, 0.068,  186,   4.4,   3.2
10-Jul-2000 22:00, 0.573,  29.0,  26.5, 1012.4, 0.083, 0.070,  181,   4.3,   1.4
10-Jul-2000 23:00, 0.547,  29.0,  27.3, 1012.4, 0.096, 0.088,   42,   2.1,   0.9
11-Jul-2000 00:00, 0.536,  29.0,  27.0, 1011.7, 0.112, 0.103,   11,   3.5,   1.5
11-Jul-2000 01:00, 0.521,  29.2,  27.7, 1011.0, 0.114, 0.097,   21,   3.3,   1.9
11-Jul-2000 02:00, 0.494,  29.3,  27.7, 1010.2, 0.095, 0.072,   45,   4.4,   3.5
11-Jul-2000 03:00, 0.498,  29.4,  27.8, 1009.2, 0.086, 0.055,   60,   5.4,   4.7
11-Jul-2000 04:00, 0.529,  29.6,  28.2, 1009.1, 0.081, 0.040,   61,   7.0,   4.7
11-Jul-2000 05:00, 0.580,  29.7,  28.1, 1008.9, 0.076, 0.035,   42,   5.9,   3.9
11-Jul-2000 06:00, 0.649,  29.5,  27.6, 1009.6, 0.079, 0.037,  206,   5.4,   2.0
11-Jul-2000 07:00, 0.698,  29.4,  26.6, 1010.3, 0.066, 0.030,  179,   4.8,   2.6
11-Jul-2000 08:00, 0.757,  29.3,  25.9, 1010.7, 0.073, 0.044,  169,   5.4,   2.3
11-Jul-2000 09:00, 0.795,  29.3,  25.7, 1011.5, 0.069, 0.044,  194,   3.8,   1.7
11-Jul-2000 10:00, 0.824,  29.3,  25.4, 1012.2, 0.060, 0.044,  194,   3.9,   2.2
11-Jul-2000 11:00, 0.866,  29.3,  25.2, 1012.4, 0.067, 0.057,  172,   4.1,   2.3
11-Jul-2000 12:00, 0.914,  29.3,  24.9, 1012.3, 0.080, 0.072,  192,   3.1,   2.4
11-Jul-2000 13:00, 0.934,  29.3,  24.5, 1012.1, 0.076, 0.066,  181,   4.0,   2.4
11-Jul-2000 14:00, 0.929,  29.2,  24.3, 1011.4, 0.068, 0.055,  196,   4.1,   2.5
11-Jul-2000 15:00, 0.919,  29.2,  24.1, 1011.1, 0.076, 0.057,-9999,-9999 ,-9999
11-Jul-2000 16:00, 0.885,  29.2,  23.8, 1010.6, 0.078, 0.056,  197,   4.4,   2.2
11-Jul-2000 17:00, 0.843,  29.2,  23.9, 1010.4, 0.088, 0.061,  191,   4.4,   2.6
11-Jul-2000 18:00, 0.798,  29.1,  23.9, 1010.4, 0.102, 0.074,  184,   4.5,   2.1
11-Jul-2000 19:00, 0.734,  29.0,  23.7, 1010.7, 0.105, 0.077,  190,   4.5,   2.5
11-Jul-2000 20:00, 0.665,  29.0,  23.6, 1011.2, 0.106, 0.080,  187,   4.8,   2.8
11-Jul-2000 21:00, 0.580,  29.0,  24.5, 1012.2, 0.088, 0.069,  188,   4.5,   2.9
11-Jul-2000 22:00, 0.518,  29.0,  26.9, 1012.3, 0.085, 0.075,  163,   4.4,   2.0
11-Jul-2000 23:00, 0.474,  29.0,  27.4, 1012.1, 0.084, 0.074,   14,   2.4,   2.0
12-Jul-2000 00:00, 0.469,  29.3,  27.5, 1011.8, 0.100, 0.088,   30,   3.7,   3.1
12-Jul-2000 01:00, 0.481,  29.3,  27.6, 1011.0, 0.111, 0.096,   41,   4.4,   3.1
12-Jul-2000 02:00, 0.479,  29.5,  27.7, 1010.3, 0.101, 0.078,   37,   4.1,   2.7
12-Jul-2000 03:00, 0.499,  29.6,  27.8, 1009.4, 0.100, 0.070,   16,   4.1,   3.0
12-Jul-2000 04:00, 0.546,  29.6,  28.0, 1008.8, 0.108, 0.069,  350,   4.0,   1.7
12-Jul-2000 05:00, 0.592,  29.6,  28.2, 1008.5, 0.100, 0.055,  325,   2.6,   1.7
12-Jul-2000 06:00, 0.660,  29.6,  28.5, 1008.8, 0.101, 0.054,  344,   2.2,   1.1
12-Jul-2000 07:00, 0.722,  29.7,  28.3, 1009.6, 0.095, 0.052,  350,   2.2,   1.4
12-Jul-2000 08:00, 0.771,  29.7,  26.7, 1010.1, 0.085, 0.049,  186,   1.9,   1.4
12-Jul-2000 09:00, 0.823,  29.7,  25.6, 1010.6, 0.089, 0.058,  196,   3.4,   2.1
12-Jul-2000 10:00, 0.862,  29.6,  25.3, 1011.2, 0.091, 0.066,  194,   3.4,   2.0
12-Jul-2000 11:00, 0.892,  29.6,  25.1, 1011.3, 0.088, 0.068,  187,   3.9,   2.5
12-Jul-2000 12:00, 0.940,  29.6,  25.0, 1011.2, 0.103, 0.083,  185,   4.5,   3.2
12-Jul-2000 13:00, 0.979,  29.5,  24.9, 1011.2, 0.106, 0.086,  128,   4.3,   2.0
12-Jul-2000 14:00, 0.996,  29.5,  24.3, 1010.9, 0.103, 0.083,  181,   4.1,   2.5
12-Jul-2000 15:00, 0.981,  29.3,  24.3, 1010.3, 0.097, 0.073,  178,   4.7,   3.3
12-Jul-2000 16:00, 0.947,  29.4,  24.1, 1010.1, 0.097, 0.067,  187,   4.6,   2.6
12-Jul-2000 17:00, 0.885,  29.3,  23.9, 1010.0, 0.093, 0.061,  187,   4.8,   3.2
12-Jul-2000 18:00, 0.807,  29.3,  24.1, 1010.4, 0.090, 0.058,  186,   4.9,   2.2
12-Jul-2000 19:00, 0.721,  29.2,  24.0, 1011.2, 0.087, 0.060,  183,   4.9,   2.8
12-Jul-2000 20:00, 0.648,  29.1,  24.1, 1011.7, 0.100, 0.080,  184,   5.6,   3.0
12-Jul-2000 21:00, 0.561,  29.1,  25.3, 1012.2, 0.095, 0.080,  177,   4.9,   2.7
12-Jul-2000 22:00, 0.474,  29.1,  28.0, 1012.8, 0.079, 0.070,  173,   4.3,   1.2
12-Jul-2000 23:00, 0.404,  29.2,  28.1, 1012.8, 0.062, 0.058,   22,   2.2,   1.5
13-Jul-2000 00:00, 0.373,  29.3,  28.1, 1012.5, 0.054, 0.050,   38,   2.8,   1.9
13-Jul-2000 01:00, 0.397,  29.4,  28.0, 1012.0, 0.072, 0.065,    5,   2.5,   1.7
13-Jul-2000 02:00, 0.436,  29.5,  28.1, 1010.9, 0.085, 0.071,  320,   2.7,   1.6
13-Jul-2000 03:00, 0.477,  29.8,  28.2, 1010.1, 0.094, 0.070,  328,   2.8,   1.9
13-Jul-2000 04:00, 0.538,  29.9,  28.3, 1009.1, 0.113, 0.080,  325,   3.0,   2.5
13-Jul-2000 05:00, 0.585,  29.6,  28.5, 1009.0, 0.106, 0.064,  333,   3.1,   2.1
13-Jul-2000 06:00, 0.637,  29.6,  28.6, 1009.2, 0.094, 0.052,  317,   3.2,   1.7
13-Jul-2000 07:00, 0.684,  29.6,  28.3, 1009.9, 0.076, 0.036,  309,   3.1,   2.5
13-Jul-2000 08:00, 0.745,  29.8,  27.0, 1010.3, 0.075, 0.042,  205,   2.9,   1.3
13-Jul-2000 09:00, 0.800,  29.7,  26.4, 1011.0, 0.076, 0.047,  184,   3.0,   1.9
13-Jul-2000 10:00, 0.836,  29.5,  26.1, 1011.6, 0.071, 0.049,-9999,-9999 ,-9999
13-Jul-2000 11:00, 0.865,  29.5,  25.9, 1011.9, 0.067, 0.051,  193,   3.5,   2.2
13-Jul-2000 12:00, 0.899,  29.5,  25.5, 1012.1, 0.067, 0.054,  197,   4.4,   2.4
13-Jul-2000 13:00, 0.944,  29.4,  25.1, 1011.8, 0.075, 0.063,  187,   3.1,   2.3
13-Jul-2000 14:00, 0.988,  29.4,  24.8, 1011.4, 0.083, 0.068,  188,   4.3,   2.6
13-Jul-2000 15:00, 0.993,  29.4,  24.6, 1011.0, 0.076, 0.057,  178,   4.3,   2.2
13-Jul-2000 16:00, 0.964,  29.4,  24.8, 1010.7, 0.071, 0.048,  180,   4.5,   2.4
13-Jul-2000 17:00, 0.896,  29.3,  24.2, 1010.7, 0.056, 0.031,  188,   4.3,   2.5
13-Jul-2000 18:00, 0.799,  29.3,  24.2, 1010.9, 0.041, 0.016,  175,   4.5,   2.4
13-Jul-2000 19:00, 0.702,  29.3,  24.2, 1011.6, 0.042, 0.019,  188,   4.3,   2.9
13-Jul-2000 20:00, 0.620,  29.2,  24.3, 1012.3, 0.062, 0.046,  187,   4.6,   2.9
13-Jul-2000 21:00, 0.554,  29.2,  25.8, 1012.7, 0.093, 0.084,  175,   4.5,   2.3
13-Jul-2000 22:00, 0.464,  29.2,  28.0, 1013.1, 0.088, 0.083,   69,   3.3,   0.6
13-Jul-2000 23:00, 0.379,  29.3,  27.7, 1013.0, 0.069, 0.067,   42,   3.2,   2.6
14-Jul-2000 00:00, 0.332,  29.4,  27.5, 1012.5, 0.055, 0.052,   45,   4.2,   2.7
14-Jul-2000 01:00, 0.328,  29.5,  27.8, 1011.6, 0.047, 0.039,   39,   4.9,   4.1
14-Jul-2000 02:00, 0.377,  29.7,  27.9, 1010.9, 0.060, 0.043,   39,   5.0,   3.0
14-Jul-2000 03:00, 0.429,  29.6,  28.1, 1010.1, 0.065, 0.040,   12,   3.9,   2.2
14-Jul-2000 04:00, 0.490,  29.8,  28.4, 1009.9, 0.079, 0.047,   20,   3.2,   1.5
14-Jul-2000 05:00, 0.551,  29.8,  28.5, 1009.7, 0.085, 0.051,    3,   2.6,   0.9
14-Jul-2000 06:00, 0.603,  29.9,  28.9, 1009.9, 0.077, 0.042,  328,   2.4,   0.7
14-Jul-2000 07:00, 0.655,  29.8,  28.3, 1010.4, 0.067, 0.033,   48,   1.9,   1.3
14-Jul-2000 08:00, 0.714,  29.8,  28.5, 1011.1, 0.068, 0.041,   80,   2.6,   1.3
14-Jul-2000 09:00, 0.777,  29.7,  27.5, 1011.7, 0.078, 0.058,  163,   2.4,   1.4
14-Jul-2000 10:00, 0.821,  29.7,  26.7, 1012.3, 0.076, 0.061,  170,   3.2,   2.2
14-Jul-2000 11:00, 0.850,  29.6,  26.2, 1012.4, 0.068, 0.058,  186,   4.1,   2.1
14-Jul-2000 12:00, 0.873,  29.6,  26.1, 1012.5, 0.056, 0.048,  199,   4.3,   2.4
14-Jul-2000 13:00, 0.918,  29.6,  25.8, 1012.1, 0.063, 0.055,  205,   4.2,   1.6
14-Jul-2000 14:00, 0.973,  29.5,  25.8, 1012.1, 0.074, 0.063,  125,   4.2,   1.2
14-Jul-2000 15:00, 1.004,  29.5,  25.4, 1011.2, 0.074, 0.061,  201,   3.6,   2.1
14-Jul-2000 16:00, 0.999,  29.4,  25.0, 1010.7, 0.072, 0.051,  190,   4.0,   2.7
14-Jul-2000 17:00, 0.967,  29.4,  25.0, 1010.2, 0.081, 0.054,  152,   3.6,   1.1
14-Jul-2000 18:00, 0.869,  29.4,  24.7, 1010.9, 0.060, 0.030,  206,   2.9,   2.5
14-Jul-2000 19:00, 0.744,  29.4,  24.7, 1011.3, 0.038, 0.016,  123,   3.6,   2.0
14-Jul-2000 20:00, 0.635,  29.3,  24.7, 1011.6, 0.045, 0.026,  162,   4.1,   0.9
14-Jul-2000 21:00, 0.554,  29.3,  25.9, 1012.4, 0.077, 0.062,  198,   2.6,   1.3
14-Jul-2000 22:00, 0.490,  29.3,  26.6, 1012.5, 0.112, 0.104,  193,   3.2,   0.8
14-Jul-2000 23:00, 0.390,  29.3,  26.8, 1012.4, 0.092, 0.084,   62,   3.8,   3.2
15-Jul-2000 00:00, 0.316,  29.4,  26.8, 1012.2, 0.065, 0.057,   39,   3.3,   2.3
15-Jul-2000 01:00, 0.295,  29.3,  27.6, 1011.2, 0.049, 0.038,    6,   2.3,   1.5
15-Jul-2000 02:00, 0.329,  29.4,  27.2, 1010.6, 0.049, 0.028,   27,   2.5,   0.9
15-Jul-2000 03:00, 0.406,  29.4,  27.0, 1009.9, 0.068, 0.041,  334,   4.8,   1.1
15-Jul-2000 04:00, 0.477,  29.5,  28.0, 1009.1, 0.080, 0.046,  301,   2.9,   0.0
15-Jul-2000 05:00, 0.561,  29.5,  27.7, 1009.1, 0.107, 0.065,   82,   1.7,   1.1
15-Jul-2000 06:00, 0.624,  29.5,  27.6, 1009.7, 0.110, 0.070,   99,   3.7,   2.5
15-Jul-2000 07:00, 0.656,  29.4,  26.9, 1010.2, 0.086, 0.051,  137,   3.9,   0.9
15-Jul-2000 08:00, 0.681,  29.4,  26.9, 1011.0, 0.059, 0.029,  245,   1.4,   0.3
15-Jul-2000 09:00, 0.747,  29.4,  26.2, 1011.5, 0.079, 0.057,  177,   1.6,   0.7
15-Jul-2000 10:00, 0.802,  29.3,  25.9, 1012.3, 0.089, 0.072,  175,   2.1,   1.2
15-Jul-2000 11:00, 0.837,  29.3,  25.9, 1012.4, 0.082, 0.073,  186,   2.8,   1.7
15-Jul-2000 12:00, 0.862,  29.3,  25.8, 1012.6, 0.070, 0.062,  197,   3.1,   1.6
15-Jul-2000 13:00, 0.897,  29.2,  25.5, 1012.3, 0.064, 0.057,  184,   3.2,   1.4
15-Jul-2000 14:00, 0.958,  29.1,  25.1, 1012.0, 0.079, 0.069,  179,   3.1,   2.1
15-Jul-2000 15:00, 1.017,  29.2,  24.8, 1011.6, 0.092, 0.079,  170,   3.2,   1.9
15-Jul-2000 16:00, 1.042,  29.1,  24.5, 1011.1, 0.096, 0.079,  180,   4.0,   2.4
15-Jul-2000 17:00, 1.013,  29.2,  23.9, 1011.0, 0.088, 0.067,  205,   4.5,   2.4
15-Jul-2000 18:00, 0.935,  29.2,  24.2, 1011.1, 0.072, 0.050,  201,   3.9,   2.6
15-Jul-2000 19:00, 0.820,  29.2,  23.8, 1012.3, 0.057, 0.037,  262,   4.4,   1.4
15-Jul-2000 20:00, 0.690,  29.2,  24.0, 1012.8, 0.048, 0.039,  196,   4.1,   3.0
15-Jul-2000 21:00, 0.589,  29.2,  24.1, 1013.5, 0.074, 0.070,  187,   5.6,   3.9
15-Jul-2000 22:00, 0.509,  29.1,  23.7, 1014.5, 0.109, 0.112,  175,   6.6,   3.7
15-Jul-2000 23:00, 0.401,  29.0,  24.3, 1014.3, 0.093, 0.105,  169,   7.5,   2.9
16-Jul-2000 00:00, 0.301,  29.0,  25.0, 1013.3, 0.057, 0.067,  173,   4.7,   3.6
16-Jul-2000 01:00, 0.259,  29.0,  26.8, 1012.9, 0.036, 0.036,  183,   4.6,   0.2
16-Jul-2000 02:00, 0.275,  29.1,  26.8, 1012.1, 0.027, 0.023,  309,   2.4,   1.0
16-Jul-2000 03:00, 0.354,  29.2,  27.2, 1010.6, 0.047, 0.034,  309,   3.0,   2.6
16-Jul-2000 04:00, 0.454,  29.2,  27.4, 1009.7, 0.076, 0.049,  322,   3.6,   3.0
16-Jul-2000 05:00, 0.540,  29.1,  27.6, 1009.6, 0.099, 0.063,  328,   3.5,   2.9
16-Jul-2000 06:00, 0.606,  29.2,  27.5, 1009.9, 0.104, 0.068,  298,   4.1,   1.5
16-Jul-2000 07:00, 0.641,  29.2,  27.5, 1010.4, 0.084, 0.051,  274,   2.3,   1.3
16-Jul-2000 08:00, 0.666,  29.1,  26.0, 1011.5, 0.063, 0.036,  199,   2.6,   1.9
16-Jul-2000 09:00, 0.713,  29.1,  25.6, 1012.0, 0.072, 0.055,  183,   3.5,   2.1
16-Jul-2000 10:00, 0.773,  29.1,  25.4, 1012.4, 0.095, 0.083,  192,   3.5,   2.0
16-Jul-2000 11:00, 0.815,  29.1,  25.4, 1012.5, 0.094, 0.086,  189,   3.5,   2.4
16-Jul-2000 12:00, 0.827,  29.1,  25.3, 1012.6, 0.066, 0.058,  185,   3.6,   2.3
16-Jul-2000 13:00, 0.863,  29.1,  25.1, 1012.3, 0.059, 0.053,  195,   3.8,   2.3
16-Jul-2000 14:00, 0.920,  29.1,  24.8, 1011.8, 0.069, 0.059,  188,   4.2,   2.6
16-Jul-2000 15:00, 0.973,  29.0,  24.6, 1011.2, 0.070, 0.055,  184,   4.7,   2.8
16-Jul-2000 16:00, 1.018,  29.0,  24.4, 1010.6, 0.073, 0.052,  185,   4.2,   2.3
16-Jul-2000 17:00, 1.016,  29.0,  24.5, 1010.5, 0.067, 0.041,  190,   4.6,   3.1
16-Jul-2000 18:00, 0.973,  29.0,  24.1, 1010.4, 0.066, 0.038,  198,   4.3,   3.0
16-Jul-2000 19:00, 0.870,  29.0,  24.2, 1011.1, 0.047, 0.019,  182,   4.5,   2.9
16-Jul-2000 20:00, 0.726,  29.0,  24.3, 1011.6, 0.022, 0.001,  196,   4.0,   1.9
16-Jul-2000 21:00, 0.589,  29.0,  25.2, 1012.4, 0.018, 0.002,  201,   4.2,   1.7
16-Jul-2000 22:00, 0.484,  29.0,  26.3, 1013.0, 0.041, 0.034,  142,   2.5,   1.2
16-Jul-2000 23:00, 0.427,  29.0,  26.9, 1012.8, 0.091, 0.089,   22,   2.3,   1.2
17-Jul-2000 00:00, 0.334,  29.1,  27.0, 1012.3, 0.077, 0.072,  357,   3.0,   2.3
17-Jul-2000 01:00, 0.247,  29.3,  27.0, 1011.6, 0.031, 0.021,  355,   3.3,   2.7
17-Jul-2000 02:00, 0.255,  29.3,  27.1, 1010.9, 0.029, 0.012,  346,   3.6,   2.7
17-Jul-2000 03:00, 0.294,  29.5,  27.4, 1010.5, 0.016,-0.008,  311,   6.6,   5.1
17-Jul-2000 04:00, 0.381,  29.5,  26.6, 1009.8, 0.027,-0.001,  288,   7.6,   3.7
17-Jul-2000 05:00, 0.476,  29.7,  27.1, 1009.3, 0.048, 0.013,  318,   4.8,   1.6
17-Jul-2000 06:00, 0.561,  29.2,  26.1, 1009.8, 0.069, 0.030,  240,   4.4,   1.9
17-Jul-2000 07:00, 0.631,  29.2,  25.6, 1010.4, 0.082, 0.048,    8,   6.0,   4.0
17-Jul-2000 08:00, 0.646,  29.4,  25.1, 1010.9, 0.053, 0.025,  212,   5.2,   1.8
17-Jul-2000 09:00, 0.651,  29.2,  24.7, 1011.9, 0.027, 0.005,  261,   4.2,   1.6
17-Jul-2000 10:00, 0.669,  29.1,  24.2, 1012.1, 0.018, 0.005,  202,   3.2,   1.6
17-Jul-2000 11:00, 0.750,  29.1,  24.5, 1012.2, 0.065, 0.054,  188,   4.0,   2.7
17-Jul-2000 12:00, 0.815,  29.1,  24.7, 1012.0, 0.088, 0.077,  197,   4.4,   0.7
17-Jul-2000 13:00, 0.829,  29.2,  24.1, 1012.0, 0.058, 0.045,  185,   3.7,   2.3
17-Jul-2000 14:00, 0.860,  29.2,  24.1, 1012.0, 0.040, 0.028,  184,   3.6,   2.2
17-Jul-2000 15:00, 0.907,  29.2,  24.0, 1011.7, 0.034, 0.021,  194,   4.4,   2.8
17-Jul-2000 16:00, 0.971,  29.2,  23.9, 1011.0, 0.046, 0.030,  178,   4.2,   2.2
17-Jul-2000 17:00, 1.003,  29.1,  23.7, 1010.5, 0.052, 0.029,  183,   3.9,   1.7
17-Jul-2000 18:00, 0.987,  29.1,  23.8, 1010.9, 0.052, 0.025,  194,   4.1,   1.9
17-Jul-2000 19:00, 0.926,  29.0,  23.3, 1011.3, 0.052, 0.029,  191,   3.3,   2.0
17-Jul-2000 20:00, 0.812,  29.0,  23.2, 1011.8, 0.044, 0.025,  189,   3.7,   2.5
17-Jul-2000 21:00, 0.652,  29.0,  25.2, 1012.5, 0.017, 0.003,  157,   4.4,   2.0
17-Jul-2000 22:00, 0.500,  29.0,  26.0, 1013.2, 0.002,-0.005,  173,   2.2,   0.8
17-Jul-2000 23:00, 0.395,  29.0,  26.6, 1013.2, 0.016, 0.016,   83,   2.3,   1.6
18-Jul-2000 00:00, 0.360,  29.0,  26.6, 1012.7, 0.072, 0.071,   29,   3.0,   2.2
18-Jul-2000 01:00, 0.322,  29.1,  27.0, 1011.9, 0.091, 0.084,   53,   4.3,   3.4
18-Jul-2000 02:00, 0.276,  29.3,  26.9, 1011.4, 0.056, 0.042,    9,   4.7,   2.2
18-Jul-2000 03:00, 0.290,  29.3,  27.2, 1010.7, 0.032, 0.013,  320,   3.6,   1.9
18-Jul-2000 04:00, 0.358,  29.4,  27.1, 1010.0, 0.028, 0.001,  340,   2.9,   1.8
18-Jul-2000 05:00, 0.449,  29.6,  27.0, 1009.9, 0.036, 0.004,  285,   3.3,   2.4
18-Jul-2000 06:00, 0.530,  29.4,  26.1, 1010.2, 0.046, 0.013,   45,   4.7,   2.4
18-Jul-2000 07:00, 0.615,  29.4,  26.5, 1010.9, 0.070, 0.040,  162,   4.5,   0.9
18-Jul-2000 08:00, 0.660,  29.4,  25.5, 1011.5, 0.068, 0.046,  157,   2.6,   1.2
18-Jul-2000 09:00, 0.674,  29.4,  25.1, 1012.1, 0.056, 0.039,  212,   1.7,   1.1
18-Jul-2000 10:00, 0.660,  29.3,  24.6, 1012.5, 0.024, 0.013,  240,   3.0,   1.6
18-Jul-2000 11:00, 0.703,  29.2,  23.9, 1012.8, 0.045, 0.039,  193,   3.5,   1.3
18-Jul-2000 12:00, 0.798,  29.1,  23.7, 1012.3, 0.103, 0.098,  195,   4.3,   3.3
18-Jul-2000 13:00, 0.830,  29.1,  23.5, 1011.9, 0.092, 0.083,  157,   2.8,   0.0
18-Jul-2000 14:00, 0.849,  29.1,  23.4, 1011.1, 0.063, 0.049,  191,   4.8,   2.1
18-Jul-2000 15:00, 0.881,  29.1,  23.0, 1010.8, 0.042, 0.020,  189,   4.4,   1.8
18-Jul-2000 16:00, 0.942,  29.1,  22.9, 1010.5, 0.050, 0.025,  167,   4.0,   2.6
18-Jul-2000 17:00, 1.004,  29.1,  22.5, 1010.4, 0.071, 0.044,  192,   4.9,   3.3
18-Jul-2000 18:00, 1.025,  29.1,  22.7, 1010.7, 0.086, 0.058,  193,   4.4,   2.5
18-Jul-2000 19:00, 0.994,  29.0,  22.8, 1011.1, 0.092, 0.067,  191,   5.1,   3.3
18-Jul-2000 20:00, 0.903,  29.0,  22.8, 1011.5, 0.082, 0.061,  187,   4.9,   3.1
18-Jul-2000 21:00, 0.759,  28.9,  24.2, 1012.3, 0.060, 0.044,  183,   4.8,   3.0
18-Jul-2000 22:00, 0.595,  29.0,  26.1, 1012.8, 0.035, 0.026,  164,   4.2,   2.2
18-Jul-2000 23:00, 0.453,  29.0,  26.9, 1012.6, 0.021, 0.017,   46,   3.2,   1.6
19-Jul-2000 00:00, 0.375,  29.1,  26.9, 1012.0, 0.044, 0.036,   52,   3.4,   2.5
19-Jul-2000 01:00, 0.334,  29.2,  26.9, 1011.4, 0.071, 0.058,   26,   3.5,   3.0
19-Jul-2000 02:00, 0.293,  29.3,  27.8, 1010.6, 0.060, 0.041,   37,   4.0,   3.0
19-Jul-2000 03:00, 0.284,  29.6,  27.9, 1010.0, 0.032, 0.005,   23,   3.9,   3.4
19-Jul-2000 04:00, 0.326,  29.6,  27.7, 1009.8, 0.013,-0.020,    3,   4.2,   2.7
19-Jul-2000 05:00, 0.411,  29.6,  27.9, 1009.5, 0.013,-0.022,  317,   3.2,   1.5
19-Jul-2000 06:00, 0.521,  29.7,  28.0, 1009.7, 0.044, 0.006,  339,   2.6,   1.5
19-Jul-2000 07:00, 0.604,  29.7,  27.5, 1010.4, 0.060, 0.026,  289,   2.5,   2.2
19-Jul-2000 08:00, 0.663,  29.6,  26.2, 1010.7, 0.067, 0.039,  201,   2.2,   0.9
19-Jul-2000 09:00, 0.682,  29.6,  25.2, 1011.3, 0.057, 0.032,  191,   3.5,   2.3
19-Jul-2000 10:00, 0.683,  29.6,  25.0, 1011.9, 0.047, 0.028,  187,   3.4,   2.4
19-Jul-2000 11:00, 0.692,  29.6,  25.2, 1012.2, 0.046, 0.033,  191,   4.3,   2.4
19-Jul-2000 12:00, 0.740,  29.4,  24.6, 1012.2, 0.071, 0.060,  187,   3.8,   2.8
19-Jul-2000 13:00, 0.813,  29.4,  24.7, 1012.3, 0.105, 0.095,  172,   4.2,   1.8
19-Jul-2000 14:00, 0.859,  29.4,  24.7, 1011.6, 0.106, 0.097,  188,   4.1,   2.9
19-Jul-2000 15:00, 0.871,  29.3,  24.4, 1010.8, 0.068, 0.050,  191,   4.3,   3.1
19-Jul-2000 16:00, 0.899,  29.3,  24.2, 1010.7, 0.045, 0.020,  178,   3.3,   1.4
19-Jul-2000 17:00, 0.943,  29.3,  24.1, 1010.5, 0.044, 0.018,  187,   4.5,   1.6
19-Jul-2000 18:00, 0.973,  29.3,  23.6, 1010.8, 0.052, 0.026,  195,   3.5,   1.9
19-Jul-2000 19:00, 0.977,  29.2,  23.8, 1011.0, 0.073, 0.048,  183,   3.8,   1.9
19-Jul-2000 20:00, 0.926,  29.1,  23.8, 1012.2, 0.078, 0.058,  178,   3.4,   2.1
19-Jul-2000 21:00, 0.820,  29.1,  25.9, 1012.3, 0.072, 0.062,  175,   4.2,   1.8
19-Jul-2000 22:00, 0.687,  29.1,  26.5, 1012.4, 0.069, 0.059,  161,   5.0,   2.0
19-Jul-2000 23:00, 0.534,  29.1,  27.4, 1012.7, 0.048, 0.040,   52,   4.0,   2.6
20-Jul-2000 00:00, 0.401,  29.2,  27.0, 1012.3, 0.023, 0.017,   45,   4.6,   3.9
20-Jul-2000 01:00, 0.360,  29.2,  27.2, 1012.1, 0.055, 0.045,   86,   4.1,   1.9
20-Jul-2000 02:00, 0.348,  29.2,  27.3, 1011.2, 0.084, 0.072,  293,   2.3,   0.9
20-Jul-2000 03:00, 0.340,  29.2,  27.3, 1010.5, 0.076, 0.055,    5,   2.6,   1.6
20-Jul-2000 04:00, 0.357,  29.3,  27.2, 1010.0, 0.048, 0.020,   41,   3.2,   1.6
20-Jul-2000 05:00, 0.420,  29.3,  28.0, 1009.9, 0.034, 0.001,   31,   3.2,   0.0
20-Jul-2000 06:00, 0.509,  29.3,  27.7, 1010.1, 0.037, 0.004,  343,   2.2,   1.2
20-Jul-2000 07:00, 0.601,  29.2,  27.4, 1010.8, 0.055, 0.025,  260,   2.2,   0.8
20-Jul-2000 08:00, 0.662,  29.3,  26.6, 1011.4, 0.058, 0.034,  198,   1.9,   1.2
20-Jul-2000 09:00, 0.706,  29.2,  26.1, 1011.7, 0.065, 0.048,  211,   2.0,   1.1
20-Jul-2000 10:00, 0.726,  29.2,  25.8, 1012.0, 0.074, 0.058,  185,   2.9,   1.5
20-Jul-2000 11:00, 0.710,  29.2,  25.7, 1012.7, 0.059, 0.047,  182,   3.3,   2.3
20-Jul-2000 12:00, 0.713,  29.1,  26.0, 1012.8, 0.054, 0.049,  190,   3.5,   0.6
20-Jul-2000 13:00, 0.774,  29.1,  25.3, 1012.3, 0.088, 0.083,  196,   3.2,   2.4
20-Jul-2000 14:00, 0.844,  29.1,  24.9, 1012.2, 0.118, 0.109,  181,   3.2,   0.9
20-Jul-2000 15:00, 0.861,  29.0,  24.8, 1011.6, 0.093, 0.082,  192,   3.7,   2.5
20-Jul-2000 16:00, 0.893,  29.0,  24.8, 1010.8, 0.080, 0.063,  180,   3.9,   2.2
20-Jul-2000 17:00, 0.919,  29.0,  24.8, 1010.4, 0.063, 0.038,  194,   3.5,   1.7
20-Jul-2000 18:00, 0.960,  29.0,  24.6, 1011.1, 0.076, 0.048,  199,   4.0,   2.8
20-Jul-2000 19:00, 0.970,  29.0,  24.2, 1011.5, 0.088, 0.067,  188,   3.0,   2.0
20-Jul-2000 20:00, 0.932,  28.9,  24.6, 1012.4, 0.087, 0.071,  187,   3.9,   2.0
20-Jul-2000 21:00, 0.846,  28.9,  25.0, 1012.8, 0.074, 0.066,  193,   4.0,   2.1
20-Jul-2000 22:00, 0.736,  28.9,  25.1, 1013.3, 0.074, 0.071,  194,   4.2,   1.0
20-Jul-2000 23:00, 0.598,  29.0,  25.4, 1013.3, 0.062, 0.062,  177,   3.5,   1.9
21-Jul-2000 00:00, 0.469,  28.9,  25.5, 1013.2, 0.044, 0.044,  190,   5.2,   3.7
21-Jul-2000 01:00, 0.378,  28.9,  25.5, 1012.7, 0.031, 0.030,  181,   5.0,   2.6
21-Jul-2000 02:00, 0.364,  28.9,  27.1, 1011.7, 0.059, 0.052,  281,   3.6,   2.5
21-Jul-2000 03:00, 0.384,  29.0,  27.3, 1011.4, 0.090, 0.075,   11,   4.0,   1.4
21-Jul-2000 04:00, 0.397,  29.0,  27.0, 1011.1, 0.077, 0.058,   59,   2.4,   1.1
21-Jul-2000 05:00, 0.436,  29.0,  25.9, 1011.3, 0.051, 0.030,   26,   2.9,   1.9
21-Jul-2000 06:00, 0.498,  29.0,  26.3, 1011.5, 0.028, 0.009,  259,   1.6,   0.5
21-Jul-2000 07:00, 0.592,  29.0,  26.0, 1011.3, 0.041, 0.023,  222,   2.1,   0.3
21-Jul-2000 08:00, 0.664,  29.0,  25.4, 1012.2, 0.050, 0.031,  164,   1.5,   0.7
21-Jul-2000 09:00, 0.708,  29.0,  25.1, 1012.6, 0.048, 0.039,  201,   2.8,   1.2
21-Jul-2000 10:00, 0.724,  29.0,  25.5, 1012.4, 0.046, 0.040,  274,   3.6,   0.9
21-Jul-2000 11:00, 0.711,  29.0,  24.9, 1012.9, 0.037, 0.029,  222,   3.0,   1.6
21-Jul-2000 12:00, 0.700,  29.0,  24.5, 1013.2, 0.033, 0.030,  193,   3.3,   2.6
21-Jul-2000 13:00, 0.712,  29.0,  24.6, 1012.3, 0.035, 0.034,  198,   3.8,   2.8
21-Jul-2000 14:00, 0.759,  29.0,  24.7, 1012.5, 0.053, 0.043,  187,   3.6,   2.5
21-Jul-2000 15:00, 0.816,  28.9,  24.7, 1012.3, 0.076, 0.069,  187,   3.9,   2.7
21-Jul-2000 16:00, 0.842,  28.9,  24.2, 1011.3, 0.069, 0.059,  184,   4.4,   2.1
21-Jul-2000 17:00, 0.856,  28.9,  24.4, 1011.1, 0.049, 0.030,  201,   4.1,   1.6
21-Jul-2000 18:00, 0.879,  28.9,  24.1, 1010.7, 0.047, 0.025,  162,   3.3,   1.5
21-Jul-2000 19:00, 0.895,  28.9,  23.9, 1011.2, 0.057, 0.031,  180,   3.4,   1.0
21-Jul-2000 20:00, 0.874,  28.9,  23.7, 1012.2, 0.060, 0.040,  187,   2.9,   2.0
21-Jul-2000 21:00, 0.824,  28.9,  24.3, 1012.8, 0.063, 0.054,  274,   3.1,   1.2
21-Jul-2000 22:00, 0.741,  28.8,  24.9, 1013.2, 0.063, 0.059,  118,   2.8,   1.7
21-Jul-2000 23:00, 0.631,  28.9,  26.7, 1013.1, 0.058, 0.058,  330,   2.2,   0.6
22-Jul-2000 00:00, 0.515,  28.9,  27.1, 1012.8, 0.047, 0.045,   16,   2.2,   0.4
22-Jul-2000 01:00, 0.400,  28.9,  26.7, 1012.0, 0.012, 0.007,  278,   2.8,   2.3
22-Jul-2000 02:00, 0.349,  28.9,  27.4, 1011.3, 0.003,-0.010,  287,   4.3,   3.3
22-Jul-2000 03:00, 0.373,  29.0,  27.9, 1010.7, 0.039, 0.019,   15,   2.6,   2.1
22-Jul-2000 04:00, 0.407,  29.1,  28.0, 1010.0, 0.057, 0.031,   66,   4.9,   3.9
22-Jul-2000 05:00, 0.447,  29.3,  27.9, 1010.1, 0.048, 0.016,   65,   4.2,   2.4
22-Jul-2000 06:00, 0.510,  29.2,  28.0, 1010.3, 0.036, 0.004,   80,   3.7,   2.0
22-Jul-2000 07:00, 0.570,  29.2,  27.6, 1010.8, 0.013,-0.016,   99,   4.0,   2.3
22-Jul-2000 08:00, 0.648,  29.1,  26.6, 1011.0, 0.021,-0.004,  132,   3.0,   1.1
22-Jul-2000 09:00, 0.705,  29.1,  25.6, 1011.6, 0.026, 0.005,  249,   1.7,   0.8
22-Jul-2000 10:00, 0.728,  29.1,  25.1, 1011.9, 0.021, 0.005,  194,   2.3,   1.3
22-Jul-2000 11:00, 0.727,  29.1,  24.8, 1012.4, 0.018, 0.006,  171,   2.9,   1.7
22-Jul-2000 12:00, 0.711,  29.1,  24.6, 1012.2, 0.015, 0.006,  179,   3.0,   1.9
22-Jul-2000 13:00, 0.690,  29.1,  24.3, 1012.0, 0.002,-0.008,  198,   3.3,   1.7
22-Jul-2000 14:00, 0.708,  29.0,  24.5, 1011.4, 0.010,-0.003,  195,   4.6,   2.5
22-Jul-2000 15:00, 0.757,  29.0,  24.5, 1011.2, 0.036, 0.018,  189,   4.1,   2.5
22-Jul-2000 16:00, 0.794,  29.0,  24.1, 1010.8, 0.052, 0.031,  188,   4.6,   2.5
22-Jul-2000 17:00, 0.802,  28.9,  24.3, 1010.8, 0.044, 0.020,  188,   5.1,   3.5
22-Jul-2000 18:00, 0.814,  28.9,  24.4, 1010.7, 0.042, 0.017,  193,   3.9,   2.0
22-Jul-2000 19:00, 0.813,  28.9,  24.2, 1011.1, 0.037, 0.012,  195,   3.4,   2.4
22-Jul-2000 20:00, 0.815,  28.9,  24.1, 1011.4, 0.054, 0.033,  175,   4.9,   2.8
22-Jul-2000 21:00, 0.786,  28.9,  25.0, 1011.8, 0.065, 0.047,  185,   4.7,   2.5
22-Jul-2000 22:00, 0.733,  28.9,  27.7, 1011.9, 0.072, 0.057,  157,   4.3,   0.9
22-Jul-2000 23:00, 0.647,  28.9,  28.1, 1012.1, 0.065, 0.052,   42,   3.7,   2.4
23-Jul-2000 00:00, 0.542,  29.0,  27.9, 1011.6, 0.045, 0.034,   25,   3.0,   1.9
23-Jul-2000 01:00, 0.454,  29.1,  28.4, 1010.8, 0.029, 0.012,  330,   4.8,   3.3
23-Jul-2000 02:00, 0.403,  29.3,  29.0, 1010.2, 0.021,-0.004,   71,   8.3,   5.0
23-Jul-2000 03:00, 0.394,  29.2,  28.9, 1009.3, 0.020,-0.011,   66,   9.2,   6.6
23-Jul-2000 04:00, 0.435,  29.3,  29.0, 1009.1, 0.044, 0.004,   95,   9.1,   3.0
23-Jul-2000 05:00, 0.485,  29.2,  28.3, 1009.8, 0.057, 0.016,  115,   9.5,   2.9
23-Jul-2000 06:00, 0.533,  29.2,  28.4, 1009.9, 0.043, 0.009,  120,   7.2,   3.9
23-Jul-2000 07:00, 0.601,  29.2,  28.2, 1010.3, 0.035, 0.003,  117,   5.8,   2.0
23-Jul-2000 08:00, 0.663,  29.1,  26.9, 1011.0, 0.023,-0.006,  159,   2.6,   0.9
23-Jul-2000 09:00, 0.727,  29.1,  25.5, 1011.7, 0.029, 0.007,  176,   2.3,   1.6
23-Jul-2000 10:00, 0.759,  29.1,  25.8, 1012.1, 0.025, 0.010,  181,   3.6,   0.5
23-Jul-2000 11:00, 0.781,  29.0,  25.4, 1012.1, 0.035, 0.023,  179,   3.2,   1.3
23-Jul-2000 12:00, 0.765,  29.1,  25.9, 1012.4, 0.028, 0.017,  148,   6.3,   4.7
23-Jul-2000 13:00, 0.762,  29.0,  25.5, 1011.9, 0.042, 0.033,  183,   4.5,   2.1
23-Jul-2000 14:00, 0.747,  29.0,  24.9, 1011.7, 0.037, 0.023,  188,   4.5,   2.6
23-Jul-2000 15:00, 0.761,  29.0,  24.8, 1011.4, 0.048, 0.032,  187,   3.7,   1.0
23-Jul-2000 16:00, 0.794,  28.9,  24.6, 1010.5, 0.074, 0.054,  184,   2.9,   1.6
23-Jul-2000 17:00, 0.793,  28.9,  24.5, 1010.7, 0.072, 0.044,  200,   3.1,   1.9
23-Jul-2000 18:00, 0.786,  28.9,  24.1, 1011.0, 0.070, 0.045,  187,   3.4,   2.0
23-Jul-2000 19:00, 0.764,  28.9,  23.8, 1011.6, 0.058, 0.036,  194,   4.9,   2.7
23-Jul-2000 20:00, 0.725,  28.9,  23.9, 1012.5, 0.038, 0.023,  177,   4.3,   2.6
23-Jul-2000 21:00, 0.689,  28.8,  24.2, 1013.6, 0.033, 0.026,  148,   3.9,   1.9
23-Jul-2000 22:00, 0.655,  28.9,  23.6, 1014.7, 0.043, 0.049,  149,   4.6,   2.5
23-Jul-2000 23:00, 0.616,  28.9,  24.5, 1013.2, 0.058, 0.071,  182,   5.4,   4.1
24-Jul-2000 00:00, 0.553,  28.9,  28.6, 1012.7, 0.053, 0.052,  114,   7.4,   4.3
24-Jul-2000 01:00, 0.499,  29.0,  29.9, 1011.9, 0.052, 0.045,  100,   5.8,   3.7
24-Jul-2000 02:00, 0.454,  29.1,  28.9, 1011.1, 0.040, 0.026,   75,   6.3,   4.6
24-Jul-2000 03:00, 0.439,  29.2,  28.4, 1010.5, 0.030, 0.007,   43,   5.3,   3.3
24-Jul-2000 04:00, 0.463,  29.1,  27.0, 1010.8, 0.032, 0.004,   92,   9.2,   2.9
24-Jul-2000 05:00, 0.518,  29.1,  26.5, 1011.2, 0.048, 0.024,   91,   9.4,   3.4
24-Jul-2000 06:00, 0.557,  29.2,  26.1, 1011.5, 0.036, 0.016,  124,   5.0,   3.0
24-Jul-2000 07:00, 0.613,  29.2,  26.2, 1011.8, 0.029, 0.012,   84,   5.4,   1.6
24-Jul-2000 08:00, 0.681,  29.0,  25.7, 1012.3, 0.029, 0.015,  126,   4.9,   2.7
24-Jul-2000 09:00, 0.736,  29.1,  26.3, 1013.0, 0.022, 0.014,  124,   4.4,   2.7
24-Jul-2000 10:00, 0.805,  29.0,  25.8, 1012.9, 0.047, 0.044,  152,   5.5,   2.8
24-Jul-2000 11:00, 0.846,  29.0,  25.8, 1012.5, 0.066, 0.062,  156,   4.8,   1.5
24-Jul-2000 12:00, 0.834,  29.0,  24.9, 1012.3, 0.054, 0.046,  192,   3.7,   2.2
24-Jul-2000 13:00, 0.810,  29.0,  24.8, 1012.3, 0.044, 0.035,  185,   2.9,   1.3
24-Jul-2000 14:00, 0.796,  29.0,  24.2, 1011.6, 0.051, 0.041,  190,   3.0,   1.1
24-Jul-2000 15:00, 0.779,  28.9,  24.2, 1011.1, 0.052, 0.035,  192,   4.0,   2.6
24-Jul-2000 16:00, 0.783,  28.9,  24.1, 1011.0, 0.068, 0.047,  229,   3.3,   1.3
24-Jul-2000 17:00, 0.772,  28.7,  24.3, 1010.7, 0.073, 0.050,  185,   3.9,   2.7
24-Jul-2000 18:00, 0.725,  28.7,  24.3, 1011.0, 0.050, 0.026,  185,   4.8,   2.9
24-Jul-2000 19:00, 0.682,  28.9,  24.1, 1011.3, 0.039, 0.017,  239,   4.2,   0.9
24-Jul-2000 20:00, 0.650,  28.7,  23.8, 1012.0, 0.042, 0.023,  188,   4.0,   2.4
24-Jul-2000 21:00, 0.618,  28.7,  24.6, 1012.7, 0.045, 0.033,  190,   5.5,   2.5
24-Jul-2000 22:00, 0.580,  28.7,  25.5, 1013.6, 0.044, 0.040,   96,   4.8,   3.6
24-Jul-2000 23:00, 0.551,  28.8,  26.2, 1013.0, 0.051, 0.054,  106,   4.5,   2.9
25-Jul-2000 00:00, 0.525,  28.8,  27.3, 1012.5, 0.058, 0.055,  126,   5.0,   2.3
25-Jul-2000 01:00, 0.492,  28.8,  27.3, 1011.8, 0.049, 0.041,   77,   5.0,   3.1
25-Jul-2000 02:00, 0.462,  28.9,  26.4, 1011.4, 0.032, 0.017,   74,  10.3,   5.5
25-Jul-2000 03:00, 0.448,  28.9,  27.3, 1010.8, 0.013,-0.006,   87,   6.2,   3.1
25-Jul-2000 04:00, 0.492,  28.9,  28.0, 1010.0, 0.028, 0.003,   86,   7.4,   5.4
25-Jul-2000 05:00, 0.555,  28.9,  27.6, 1009.7, 0.046, 0.013,   94,   7.9,   4.8
25-Jul-2000 06:00, 0.602,  28.9,  27.2, 1009.8, 0.042, 0.006,  111,   7.4,   2.8
25-Jul-2000 07:00, 0.647,  28.9,  26.8, 1010.3, 0.032,-0.001,   91,   6.3,   2.5
25-Jul-2000 08:00, 0.699,  28.9,  25.7, 1010.5, 0.027,-0.002,  209,   4.0,   1.2
25-Jul-2000 09:00, 0.757,  28.9,  24.9, 1010.6, 0.030, 0.003,  189,   3.2,   1.0
25-Jul-2000 10:00, 0.804,  28.9,  24.6, 1010.6, 0.028, 0.001,  186,   3.0,   2.1
25-Jul-2000 11:00, 0.836,  28.9,  24.5, 1011.2, 0.029, 0.004,  199,   3.3,   2.2
25-Jul-2000 12:00, 0.842,  28.9,  24.2, 1011.0, 0.022, 0.002,  195,   3.4,   2.2
25-Jul-2000 13:00, 0.833,  28.9,  24.0, 1010.8, 0.020,-0.003,  196,   3.9,   2.8
25-Jul-2000 14:00, 0.803,  28.9,  23.8, 1010.4, 0.009,-0.016,  190,   4.0,   2.4
25-Jul-2000 15:00, 0.768,  28.9,  23.6, 1010.1, 0.004,-0.025,  168,   3.9,   2.4
25-Jul-2000 16:00, 0.747,  28.9,  23.8, 1009.7, 0.016,-0.016,  175,   4.5,   2.3
25-Jul-2000 17:00, 0.714,  28.9,  23.5, 1009.6, 0.017,-0.019,  189,   4.2,   2.6
25-Jul-2000 18:00, 0.697,  28.8,  24.0, 1009.8, 0.042, 0.006,  181,   4.3,   2.5
25-Jul-2000 19:00, 0.661,  28.8,  24.2, 1010.4, 0.058, 0.024,  185,   4.1,   2.7
25-Jul-2000 20:00, 0.581,  28.8,  23.8, 1011.2, 0.035, 0.008,  186,   4.3,   2.8
25-Jul-2000 21:00, 0.507,  28.8,  24.9, 1011.6, 0.017,-0.003,  172,   4.6,   3.1
25-Jul-2000 22:00, 0.456,  28.8,  28.1, 1011.9, 0.009,-0.006,   89,   3.7,   1.3
25-Jul-2000 23:00, 0.438,  28.8,  28.7, 1012.0, 0.020, 0.006,   91,   6.6,   4.7
26-Jul-2000 00:00, 0.434,  28.9,  29.3, 1012.0, 0.031, 0.020,   91,   6.4,   4.6
26-Jul-2000 01:00, 0.439,  28.9,  29.6, 1010.8, 0.037, 0.024,   83,   7.2,   4.3
26-Jul-2000 02:00, 0.463,  29.1,  29.4, 1009.9, 0.047, 0.021,   62,   8.1,   5.3
26-Jul-2000 03:00, 0.484,  29.2,  29.9, 1009.3, 0.040, 0.006,   66,   7.8,   4.6
26-Jul-2000 04:00, 0.503,  29.3,  29.5, 1009.0, 0.021,-0.019,   62,   7.4,   5.9
26-Jul-2000 05:00, 0.543,  29.2,  29.5, 1008.8, 0.008,-0.035,   72,   6.8,   4.2
26-Jul-2000 06:00, 0.611,  29.2,  29.2, 1009.4, 0.016,-0.028,   80,   5.6,   2.8
26-Jul-2000 07:00, 0.661,  29.2,  28.5, 1010.3, 0.010,-0.027,   96,   5.8,   2.7
26-Jul-2000 08:00, 0.696,  29.2,  27.4, 1010.9,-0.005,-0.034,  114,   4.9,   1.7
26-Jul-2000 09:00, 0.727,  29.2,  26.0, 1011.5,-0.019,-0.042,  181,   3.0,   1.2
26-Jul-2000 10:00, 0.776,  28.9,  25.6, 1011.8,-0.013,-0.029,  129,   1.7,   1.0
26-Jul-2000 11:00, 0.829,  29.0,  24.6, 1011.9, 0.003,-0.011,  177,   2.3,   1.1
26-Jul-2000 12:00, 0.871,  28.9,  24.1, 1011.9, 0.022, 0.008,  197,   2.8,   1.9
26-Jul-2000 13:00, 0.875,  28.9,  24.3, 1011.5, 0.020, 0.006,  189,   3.6,   1.4
26-Jul-2000 14:00, 0.857,  28.9,  24.1, 1011.1, 0.012,-0.005,  185,   4.5,   2.7
26-Jul-2000 15:00, 0.833,  28.9,  24.0, 1010.5, 0.016,-0.006,  185,   4.3,   2.4
26-Jul-2000 16:00, 0.766,  28.9,  23.6, 1010.2,-0.007,-0.035,  187,   4.6,   2.6
26-Jul-2000 17:00, 0.705,  28.8,  23.6, 1010.2,-0.014,-0.044,  185,   4.3,   3.4
26-Jul-2000 18:00, 0.670,  28.8,  23.3, 1010.3, 0.010,-0.020,  179,   4.7,   2.9
26-Jul-2000 19:00, 0.639,  28.8,  23.2, 1010.7, 0.047, 0.018,  186,   5.4,   2.5
26-Jul-2000 20:00, 0.559,  28.7,  23.1, 1011.3, 0.046, 0.020,  181,   4.7,   2.5
26-Jul-2000 21:00, 0.457,  28.7,  24.8, 1012.4, 0.022, 0.005,  172,   4.9,   1.7
26-Jul-2000 22:00, 0.384,  28.7,  28.4, 1012.7, 0.016, 0.008,  161,   3.3,   0.1
26-Jul-2000 23:00, 0.322,  28.7,  27.2, 1012.7,-0.007,-0.012,   28,   2.9,   2.5
27-Jul-2000 00:00, 0.333,  28.8,  29.5, 1012.2, 0.015, 0.010,   88,   7.6,   4.6
27-Jul-2000 01:00, 0.346,  29.1,  30.0, 1011.3, 0.014, 0.003,   83,   9.0,   5.5
27-Jul-2000 02:00, 0.388,  29.0,  29.7, 1010.4, 0.021, 0.001,   72,   9.1,   5.8
27-Jul-2000 03:00, 0.451,  29.2,  29.9, 1009.5, 0.034, 0.004,   70,   9.6,   5.5
27-Jul-2000 04:00, 0.511,  29.2,  29.5, 1009.0, 0.033,-0.005,   70,   8.9,   5.8
27-Jul-2000 05:00, 0.567,  29.2,  29.8, 1008.8, 0.025,-0.017,   90,   8.3,   5.8
27-Jul-2000 06:00, 0.630,  29.1,  29.5, 1009.1, 0.019,-0.026,   97,   8.1,   4.2
27-Jul-2000 07:00, 0.703,  29.2,  28.5, 1010.1, 0.027,-0.013,  103,   6.6,   2.5
27-Jul-2000 08:00, 0.761,  29.1,  27.5, 1010.4, 0.032, 0.001,  127,   5.0,   1.9
27-Jul-2000 09:00, 0.795,  29.0,  26.4, 1011.0, 0.024,-0.004,  143,   3.5,   1.3
27-Jul-2000 10:00, 0.818,  29.0,  24.4, 1011.6, 0.013,-0.008,  181,   3.0,   1.9
27-Jul-2000 11:00, 0.840,  29.0,  24.1, 1011.8, 0.003,-0.013,  199,   3.4,   1.0
27-Jul-2000 12:00, 0.868,  28.9,  23.6, 1011.8, 0.000,-0.014,  190,   3.4,   2.1
27-Jul-2000 13:00, 0.897,  28.9,  23.6, 1011.5, 0.009,-0.005,  199,   3.5,   2.3
27-Jul-2000 14:00, 0.891,  28.9,  23.0, 1011.1, 0.001,-0.016,  196,   3.5,   2.4
27-Jul-2000 15:00, 0.880,  28.9,  22.7, 1010.8, 0.008,-0.013,  188,   3.8,   2.5
27-Jul-2000 16:00, 0.844,  28.8,  22.5, 1010.4, 0.013,-0.012,  185,   3.9,   3.0
27-Jul-2000 17:00, 0.762,  28.8,  22.3, 1010.3,-0.005,-0.033,  195,   4.5,   2.8
27-Jul-2000 18:00, 0.699,  28.7,  22.2, 1010.4, 0.008,-0.021,  189,   5.1,   3.4
27-Jul-2000 19:00, 0.640,  28.7,  22.0, 1011.1, 0.031, 0.004,  189,   4.8,   3.0
27-Jul-2000 20:00, 0.560,  28.6,  22.0, 1012.0, 0.045, 0.024,  194,   5.2,   2.8
27-Jul-2000 21:00, 0.465,  28.7,  23.5, 1012.7, 0.047, 0.036,  185,   5.4,   3.1
27-Jul-2000 22:00, 0.358,  28.7,  26.1, 1013.2, 0.034, 0.029,  275,   4.4,   0.9
27-Jul-2000 23:00, 0.276,  28.8,  26.4, 1013.4, 0.018, 0.019,  345,   3.2,   1.7
28-Jul-2000 00:00, 0.245,  28.8,  27.1, 1012.5, 0.011, 0.012,   53,   2.6,   1.9
28-Jul-2000 01:00, 0.274,  29.1,  27.5, 1011.7, 0.025, 0.017,   46,   4.2,   3.4
28-Jul-2000 02:00, 0.323,  29.3,  28.1, 1010.8, 0.030, 0.013,   57,   4.6,   3.6
28-Jul-2000 03:00, 0.386,  29.4,  28.2, 1010.3, 0.027, 0.002,   57,   6.2,   4.3
28-Jul-2000 04:00, 0.499,  29.4,  28.3, 1009.6, 0.059, 0.028,   62,   6.5,   4.7
28-Jul-2000 05:00, 0.590,  29.4,  28.3, 1009.6, 0.067, 0.031,   50,   6.1,   4.2
28-Jul-2000 06:00, 0.657,  29.4,  28.4, 1009.9, 0.055, 0.019,   66,   6.3,   3.9
28-Jul-2000 07:00, 0.729,  29.5,  28.5, 1010.8, 0.052, 0.019,   91,   4.7,   2.0
28-Jul-2000 08:00, 0.791,  29.4,  26.9, 1011.3, 0.051, 0.027,  196,   3.6,   1.2
28-Jul-2000 09:00, 0.826,  29.3,  25.0, 1012.0, 0.039, 0.020,  190,   3.3,   2.4
28-Jul-2000 10:00, 0.837,  29.1,  25.0, 1012.4, 0.016, 0.004,  192,   4.1,   2.6
28-Jul-2000 11:00, 0.846,  29.1,  24.5, 1012.6, 0.000,-0.009,  201,   5.2,   2.8
28-Jul-2000 12:00, 0.862,  29.0,  24.3, 1012.6,-0.013,-0.019,  207,   4.4,   2.2
28-Jul-2000 13:00, 0.909,  28.9,  23.9, 1012.4, 0.006, 0.000,  199,   4.3,   3.2
28-Jul-2000 14:00, 0.940,  28.9,  23.3, 1011.7, 0.019, 0.010,  183,   4.7,   2.6
28-Jul-2000 15:00, 0.944,  28.8,  22.9, 1011.3, 0.026, 0.010,  190,   4.8,   3.3
28-Jul-2000 16:00, 0.917,  28.8,  22.7, 1011.1, 0.028, 0.009,  194,   5.2,   2.8
28-Jul-2000 17:00, 0.854,  28.8,  22.3, 1010.5, 0.021,-0.001,  189,   5.3,   3.0
28-Jul-2000 18:00, 0.763,  28.7,  22.2, 1010.7, 0.016,-0.011,  192,   4.9,   3.0
28-Jul-2000 19:00, 0.651,  28.7,  21.6, 1011.2, 0.000,-0.025,  189,   5.2,   3.4
28-Jul-2000 20:00, 0.570,  28.6,  21.7, 1012.4, 0.022, 0.003,  189,   5.4,   3.3
28-Jul-2000 21:00, 0.484,  28.6,  23.1, 1012.9, 0.046, 0.038,  190,   5.6,   4.1
28-Jul-2000 22:00, 0.364,  28.6,  26.5, 1013.6, 0.036, 0.034,  176,   4.3,   1.3
28-Jul-2000 23:00, 0.239,  28.7,  27.0, 1013.5, 0.007, 0.011,  346,   1.7,   1.1
29-Jul-2000 00:00, 0.181,  28.7,  27.1, 1012.7, 0.003, 0.005,  337,   3.1,   2.1
29-Jul-2000 01:00, 0.185,  29.0,  27.4, 1011.8, 0.011, 0.004,  333,   5.0,   3.7
29-Jul-2000 02:00, 0.245,  29.0,  27.6, 1011.2, 0.028, 0.013,  352,   4.5,   3.1
29-Jul-2000 03:00, 0.319,  29.1,  27.7, 1010.6, 0.032, 0.010,  355,   4.3,   3.2
29-Jul-2000 04:00, 0.419,  29.3,  28.0, 1010.2, 0.043, 0.017,  340,   3.9,   2.9
29-Jul-2000 05:00, 0.530,  29.1,  28.1, 1010.1, 0.053, 0.022,  287,   4.0,   3.5
29-Jul-2000 06:00, 0.604,  29.1,  25.1, 1010.5, 0.033, 0.002,  183,   5.4,   4.2
29-Jul-2000 07:00, 0.672,  29.1,  25.0, 1010.9, 0.019,-0.008,  185,   5.8,   3.0
29-Jul-2000 08:00, 0.764,  29.1,  24.2, 1011.9, 0.039, 0.017,  148,   5.5,   1.9
29-Jul-2000 09:00, 0.827,  29.1,  24.1, 1012.1, 0.044, 0.032,  250,   3.8,   1.7
29-Jul-2000 10:00, 0.855,  29.0,  24.1, 1012.3, 0.031, 0.020,  181,   2.9,   1.2
29-Jul-2000 11:00, 0.853,  29.1,  24.4, 1012.9, 0.003,-0.006,  149,   3.3,   1.6
29-Jul-2000 12:00, 0.866,  29.1,  23.8, 1013.0,-0.008,-0.011,  194,   4.5,   2.9
29-Jul-2000 13:00, 0.893,  29.0,  24.3, 1013.3,-0.011,-0.013,  179,   3.7,   1.4
29-Jul-2000 14:00, 0.936,  29.0,  23.6, 1012.6, 0.003, 0.003,  197,   3.8,   1.6
29-Jul-2000 15:00, 0.960,  29.0,  23.5, 1011.9, 0.012, 0.005,  193,   3.2,   2.3
29-Jul-2000 16:00, 0.949,  29.0,  23.7, 1011.5, 0.014, 0.001,  195,   3.3,   2.0
29-Jul-2000 17:00, 0.918,  28.9,  23.6, 1011.0, 0.025, 0.007,  215,   2.9,   1.5
29-Jul-2000 18:00, 0.808,  28.9,  23.6, 1011.3,-0.010,-0.032,  186,   4.0,   2.3
29-Jul-2000 19:00, 0.688,  28.9,  23.6, 1011.9,-0.026,-0.044,  185,   4.1,   2.3
29-Jul-2000 20:00, 0.568,  28.8,  24.1, 1012.5,-0.033,-0.046,  186,   3.9,   1.7
29-Jul-2000 21:00, 0.498,  28.7,  24.4, 1013.3, 0.012, 0.005,  182,   3.7,   2.1
29-Jul-2000 22:00, 0.418,  28.8,  26.3, 1013.8, 0.049, 0.050,  295,   3.7,   1.2
29-Jul-2000 23:00, 0.280,  28.8,  27.0, 1013.7, 0.024, 0.030,    4,   2.7,   2.4
30-Jul-2000 00:00, 0.164,  28.9,  27.3, 1012.9,-0.006,-0.002,  354,   2.9,   1.9
30-Jul-2000 01:00, 0.112,  29.1,  27.4, 1012.0,-0.024,-0.028,  341,   3.3,   2.4
30-Jul-2000 02:00, 0.145,  29.2,  27.5, 1011.4,-0.012,-0.025,   22,   5.0,   4.3
30-Jul-2000 03:00, 0.227,  29.4,  27.7, 1010.7, 0.005,-0.014,  323,   5.0,   3.0
30-Jul-2000 04:00, 0.308,  29.3,  27.9, 1010.0, 0.000,-0.026,  282,   6.1,   4.6
30-Jul-2000 05:00, 0.431,  29.2,  28.3, 1009.6, 0.019,-0.014,  281,   6.1,   4.2
30-Jul-2000 06:00, 0.563,  29.3,  28.5, 1009.6, 0.040, 0.004,  280,   5.1,   3.9
30-Jul-2000 07:00, 0.637,  29.2,  28.2, 1010.1, 0.023,-0.013,  260,   4.7,   1.6
30-Jul-2000 08:00, 0.698,  29.0,  27.3, 1010.8, 0.009,-0.022,  185,   3.1,   1.3
30-Jul-2000 09:00, 0.776,  29.0,  26.6, 1011.4, 0.024, 0.001,  185,   3.9,   2.4
30-Jul-2000 10:00, 0.849,  28.9,  26.2, 1011.6, 0.047, 0.029,  196,   4.2,   2.4
30-Jul-2000 11:00, 0.878,  28.9,  25.7, 1011.9, 0.040, 0.024,  210,   4.0,   1.5
30-Jul-2000 12:00, 0.858,  28.9,  25.6, 1012.2,-0.005,-0.018,  176,   3.2,   2.3
30-Jul-2000 13:00, 0.878,  28.9,  25.0, 1011.9,-0.011,-0.021,  189,   4.2,   2.7
30-Jul-2000 14:00, 0.925,  28.8,  25.1, 1011.3, 0.004,-0.010,  191,   5.1,   2.8
30-Jul-2000 15:00, 0.973,  28.8,  24.7, 1011.1, 0.020, 0.001,  222,   4.2,   1.2
30-Jul-2000 16:00, 0.997,  28.8,  24.6, 1010.6, 0.037, 0.015,  190,   3.7,   2.3
30-Jul-2000 17:00, 0.990,  28.8,  24.4, 1009.9, 0.055, 0.027,  186,   4.4,   3.0
30-Jul-2000 18:00, 0.933,  28.8,  24.4, 1010.2, 0.053, 0.020,  188,   4.3,   2.6
30-Jul-2000 19:00, 0.796,  28.8,  24.4, 1010.7, 0.009,-0.020,  191,   4.2,   2.4
30-Jul-2000 20:00, 0.633,  28.8,  24.7, 1011.2,-0.034,-0.059,  195,   4.9,   3.1
30-Jul-2000 21:00, 0.507,  28.7,  24.9, 1012.2,-0.039,-0.057,  182,   4.2,   1.9
30-Jul-2000 22:00, 0.436,  28.7,  25.9, 1012.5, 0.007,-0.003,  169,   4.9,   2.2
30-Jul-2000 23:00, 0.365,  28.8,  27.3, 1012.7, 0.050, 0.043,  119,   3.9,   1.1
31-Jul-2000 00:00, 0.261,  28.7,  27.9, 1012.0, 0.050, 0.044,   66,   4.0,   2.3
31-Jul-2000 01:00, 0.144,  28.8,  27.7, 1010.8,-0.003,-0.017,    1,   3.3,   2.4
31-Jul-2000 02:00, 0.127,  29.2,  28.3, 1010.7,-0.010,-0.034,   37,   4.7,   4.0
31-Jul-2000 03:00, 0.182,  29.2,  28.8, 1009.2, 0.000,-0.027,   34,   7.0,   1.2
31-Jul-2000 04:00, 0.287,  29.4,  28.7, 1008.6, 0.027,-0.014,   72,   7.2,   5.4
31-Jul-2000 05:00, 0.384,  29.2,  28.4, 1008.8, 0.029,-0.017,  101,   8.6,   4.7
31-Jul-2000 06:00, 0.492,  28.9,  27.5, 1009.0, 0.025,-0.019,  112,   8.4,   3.2
31-Jul-2000 07:00, 0.621,  29.0,  27.2, 1009.5, 0.050, 0.008,   92,   4.4,   1.5
31-Jul-2000 08:00, 0.665,  28.9,  26.6, 1009.9, 0.017,-0.020,  145,   4.0,   3.0
31-Jul-2000 09:00, 0.702,  28.8,  26.1, 1010.5,-0.005,-0.037,  168,   3.7,   1.8
31-Jul-2000 10:00, 0.753,  28.8,  25.9, 1011.2,-0.005,-0.032,  182,   4.2,   1.2
31-Jul-2000 11:00, 0.838,  28.8,  25.3, 1011.7, 0.035, 0.015,  196,   2.4,   1.4
31-Jul-2000 12:00, 0.888,  28.8,  25.3, 1011.9, 0.053, 0.038,  148,   2.8,   1.2
31-Jul-2000 13:00, 0.857,  28.8,  25.2, 1011.9,-0.004,-0.017,  176,   2.6,   1.5
31-Jul-2000 14:00, 0.881,  28.8,  25.4, 1011.3,-0.012,-0.025,  189,   3.4,   1.6
31-Jul-2000 15:00, 0.924,  28.8,  25.1, 1010.7,-0.005,-0.025,  189,   3.6,   1.7
31-Jul-2000 16:00, 0.981,  28.7,  24.9, 1010.2, 0.025,-0.001,  166,   2.9,   1.5
31-Jul-2000 17:00, 0.996,  28.8,  24.9, 1009.4, 0.044, 0.012,  179,   2.7,   1.6
31-Jul-2000 18:00, 0.966,  28.8,  24.8, 1009.8, 0.050, 0.012,  241,   2.3,   1.0
31-Jul-2000 19:00, 0.874,  28.7,  24.8, 1010.7, 0.027,-0.007,  138,   3.5,   1.0
31-Jul-2000 20:00, 0.708,  28.7,  23.9, 1012.2,-0.029,-0.053,  114,   6.5,   1.9
31-Jul-2000 21:00, 0.549,  28.7,  23.4, 1012.3,-0.060,-0.070,  168,  13.1,   2.6
31-Jul-2000 22:00, 0.433,  28.7,  24.5, 1011.4,-0.056,-0.066,  180,   3.5,   1.0
31-Jul-2000 23:00, 0.362,  28.7,  26.6, 1011.1,-0.021,-0.040,   27,   3.0,   1.5
01-Aug-2000 00:00, 0.335,  28.7,  27.7, 1012.0, 0.053, 0.033,   98,   6.1,   3.3
01-Aug-2000 01:00, 0.282,  28.8,  27.7, 1011.2, 0.081, 0.068,  137,   6.2,   1.7
01-Aug-2000 02:00, 0.173,  28.8,  28.5, 1010.5, 0.009,-0.012,   43,   2.9,   1.8
01-Aug-2000 03:00, 0.178,  29.0,  28.3, 1009.4,-0.002,-0.031,  339,   3.6,   2.9
01-Aug-2000 04:00, 0.246,  29.3,  29.2, 1008.5, 0.002,-0.037,   61,   5.5,   3.9
01-Aug-2000 05:00, 0.350,  28.9,  28.9, 1008.4, 0.022,-0.026,   57,   5.9,   4.6
01-Aug-2000 06:00, 0.447,  28.9,  29.0, 1008.7, 0.022,-0.026,   67,   5.9,   4.2
01-Aug-2000 07:00, 0.552,  29.0,  28.7, 1009.2, 0.020,-0.025,   73,   5.0,   2.5
01-Aug-2000 08:00, 0.655,  28.9,  27.9, 1010.0, 0.038,-0.001,  160,   3.4,   1.1
01-Aug-2000 09:00, 0.672,  28.8,  27.0, 1010.9, 0.003,-0.029,  155,   2.2,   0.3
01-Aug-2000 10:00, 0.685,  28.8,  26.7, 1011.5,-0.023,-0.045,  165,   3.2,   0.0
01-Aug-2000 11:00, 0.715,  28.8,  25.9, 1011.5,-0.035,-0.052,  165,   1.4,   0.9
01-Aug-2000 12:00, 0.841,  28.8,  25.2, 1011.4, 0.050, 0.033,  180,   2.0,   1.0
01-Aug-2000 13:00, 0.908,  28.8,  25.1, 1011.2, 0.088, 0.069,  184,   2.0,   1.3
01-Aug-2000 14:00, 0.861,  28.7,  25.3, 1011.0, 0.012,-0.009,  169,   2.0,   0.6
01-Aug-2000 15:00, 0.875,  28.7,  24.9, 1010.7,-0.008,-0.031,  189,   1.6,   0.8
01-Aug-2000 16:00, 0.903,  28.7,  24.6, 1010.3,-0.017,-0.043,  189,   2.8,   1.9
01-Aug-2000 17:00, 0.929,  28.7,  24.9, 1010.1,-0.010,-0.040,  174,   3.5,   1.9
01-Aug-2000 18:00, 0.954,  28.7,  24.5, 1010.5, 0.033, 0.003,  187,   3.9,   2.8
01-Aug-2000 19:00, 0.915,  28.7,  24.6, 1010.3, 0.040, 0.013,  196,   3.1,   2.1
01-Aug-2000 20:00, 0.812,  28.7,  24.3, 1010.8, 0.022,-0.007,  186,   4.1,   2.4
01-Aug-2000 21:00, 0.672,  28.7,  25.0, 1011.7, 0.002,-0.022,  181,   4.1,   2.2
01-Aug-2000 22:00, 0.507,  28.7,  26.8, 1012.1,-0.037,-0.052,  128,   4.5,   2.2
01-Aug-2000 23:00, 0.370,  28.6,  25.3, 1012.6,-0.068,-0.079,   75,   9.1,   5.1
02-Aug-2000 00:00, 0.275,  28.7,  26.5, 1012.4,-0.078,-0.084,  122,   8.5,   3.8
02-Aug-2000 01:00, 0.280,  28.7,  26.8, 1011.5, 0.002,-0.007,  114,   8.5,   3.0
02-Aug-2000 02:00, 0.311,  28.7,  28.4, 1010.6, 0.084, 0.066,   78,   7.7,   5.9
02-Aug-2000 03:00, 0.286,  28.8,  29.1, 1008.9, 0.065, 0.037,   89,  10.3,   5.0
02-Aug-2000 04:00, 0.278,  29.0,  29.0, 1008.3, 0.016,-0.028,   90,   9.0,   6.2
02-Aug-2000 05:00, 0.337,  29.0,  28.9, 1008.6, 0.001,-0.048,   91,  10.0,   6.6
02-Aug-2000 06:00, 0.424,  28.9,  28.3, 1009.0, 0.005,-0.040,   91,  11.4,   5.0
02-Aug-2000 07:00, 0.519,  28.9,  27.7, 1009.2, 0.008,-0.034,  108,   6.2,   3.1
02-Aug-2000 08:00, 0.623,  28.8,  27.2, 1009.6, 0.024,-0.016,  116,   5.1,   2.1
02-Aug-2000 09:00, 0.664,  28.8,  26.8, 1010.6, 0.011,-0.024,  152,   4.4,   2.7
02-Aug-2000 10:00, 0.692,  28.8,  25.6, 1010.4, 0.015,-0.012,  201,   3.8,   1.0
02-Aug-2000 11:00, 0.685,  28.7,  25.4, 1010.8,-0.014,-0.041,  156,   2.6,   1.7
02-Aug-2000 12:00, 0.699,  28.6,  25.2, 1010.6,-0.034,-0.059,  206,   3.6,   0.9
02-Aug-2000 13:00, 0.798,  28.6,  25.1, 1010.3, 0.029, 0.002,  182,   3.9,   2.7
02-Aug-2000 14:00, 0.864,  28.6,  25.2, 1010.6, 0.067, 0.039,   88,   3.8,   1.4
02-Aug-2000 15:00, 0.850,  28.6,  25.2, 1009.6, 0.024,-0.004,  133,   5.8,   1.7
02-Aug-2000 16:00, 0.883,  28.6,  25.7, 1009.5, 0.023,-0.013,  144,   2.8,   2.1
02-Aug-2000 17:00, 0.886,  28.6,  24.9, 1009.6,-0.006,-0.044,  207,   3.3,   1.2
02-Aug-2000 18:00, 0.915,  28.6,  25.5, 1009.7, 0.019,-0.017,  136,   4.8,   2.7
02-Aug-2000 19:00, 0.927,  28.6,  24.0, 1009.8, 0.061, 0.025,  205,   4.5,   1.6
02-Aug-2000 20:00, 0.861,  28.6,  24.7, 1011.3, 0.055, 0.022,  185,   3.9,   1.2
02-Aug-2000 21:00, 0.737,  28.6,  24.9, 1011.8, 0.027, 0.008,  183,   2.0,   0.4
02-Aug-2000 22:00, 0.591,  28.6,  27.3, 1012.3, 0.001,-0.012,   65,   2.7,   1.9
02-Aug-2000 23:00, 0.459,  28.6,  27.9, 1011.7,-0.018,-0.029,  132,   5.5,   2.8
03-Aug-2000 00:00, 0.349,  28.6,  28.1, 1011.4,-0.050,-0.066,   89,   5.4,   3.2
03-Aug-2000 01:00, 0.294,  28.7,  30.5, 1010.6,-0.051,-0.070,  105,   9.1,   4.9
03-Aug-2000 02:00, 0.351,  28.7,  29.8, 1010.2, 0.046, 0.020,   93,   7.3,   4.7
03-Aug-2000 03:00, 0.382,  28.7,  29.6, 1009.4, 0.093, 0.062,   77,   6.0,   4.0
03-Aug-2000 04:00, 0.344,  28.8,  29.4, 1008.5, 0.032,-0.007,   68,   7.3,   3.8
03-Aug-2000 05:00, 0.381,  29.0,  29.8, 1008.4, 0.009,-0.039,   75,   7.4,   4.1
03-Aug-2000 06:00, 0.457,  28.9,  29.1, 1008.9, 0.009,-0.039,   70,   7.6,   4.3
03-Aug-2000 07:00, 0.551,  28.9,  28.5, 1009.3, 0.027,-0.016,   88,   7.7,   4.6
03-Aug-2000 08:00, 0.635,  28.8,  27.4, 1009.9, 0.035,-0.004,  133,   5.9,   1.6
03-Aug-2000 09:00, 0.685,  28.7,  26.3, 1010.8, 0.028,-0.004,  160,   3.2,   1.0
03-Aug-2000 10:00, 0.714,  28.7,  25.2, 1011.2, 0.036, 0.012,  193,   3.2,   2.1
03-Aug-2000 11:00, 0.709,  28.6,  25.4, 1011.6, 0.034, 0.015,  206,   4.1,   1.1
03-Aug-2000 12:00, 0.697,  28.6,  25.1, 1010.5, 0.013,-0.005,  189,   3.4,   2.3
03-Aug-2000 13:00, 0.751,  28.6,  24.7, 1010.7, 0.038, 0.011,  167,   4.3,   2.3
03-Aug-2000 14:00, 0.827,  28.6,  24.2, 1010.5, 0.085, 0.059,  198,   3.2,   2.5
03-Aug-2000 15:00, 0.801,  28.6,  24.0, 1010.3, 0.033, 0.006,  187,   3.9,   2.0
03-Aug-2000 16:00, 0.792,  28.6,  24.0, 1010.0,-0.001,-0.031,  192,   3.5,   2.7
03-Aug-2000 17:00, 0.824,  28.6,  24.4, 1009.5, 0.001,-0.032,  196,   3.4,   1.9
03-Aug-2000 18:00, 0.857,  28.6,  24.0, 1009.9, 0.014,-0.023,  195,   3.8,   2.7
03-Aug-2000 19:00, 0.872,  28.6,  24.3, 1010.3, 0.042, 0.009,  189,   3.2,   2.5
03-Aug-2000 20:00, 0.854,  28.6,  24.3, 1010.7, 0.068, 0.039,  187,   3.4,   2.1
03-Aug-2000 21:00, 0.754,  28.6,  25.0, 1011.4, 0.040, 0.015,  187,   4.3,   2.0
03-Aug-2000 22:00, 0.624,  28.6,  26.8, 1011.9, 0.010,-0.008,  294,   3.1,   1.0
03-Aug-2000 23:00, 0.491,  28.5,  27.0, 1012.0,-0.015,-0.028,    7,   3.3,   2.0
04-Aug-2000 00:00, 0.371,  28.6,  27.5, 1011.1,-0.052,-0.065,  292,   2.6,   2.2
04-Aug-2000 01:00, 0.382,  28.7,  30.4, 1009.8, 0.001,-0.022,   97,   8.5,   4.9
04-Aug-2000 02:00, 0.452,  28.7,  31.1, 1008.9, 0.087, 0.052,   98,   9.4,   6.1
04-Aug-2000 03:00, 0.409,  28.8,  31.5, 1008.0, 0.047, 0.003,   86,   9.2,   5.1
04-Aug-2000 04:00, 0.380,  28.8,  30.9, 1007.8, 0.001,-0.052,  153,   6.8,   1.3
04-Aug-2000 05:00, 0.404,  28.9,  30.9, 1007.8,-0.022,-0.076,   84,   5.7,   2.1
04-Aug-2000 06:00, 0.483,  28.9,  30.8, 1008.1,-0.012,-0.066,   85,   5.5,   3.9
04-Aug-2000 07:00, 0.588,  28.8,  29.6, 1008.6, 0.022,-0.029,   72,   5.5,   3.4
04-Aug-2000 08:00, 0.650,  28.9,  27.7, 1009.4, 0.022,-0.023,   61,  11.4,   6.8
04-Aug-2000 09:00, 0.679,  28.8,  27.6, 1010.0, 0.001,-0.036,  160,   9.3,   1.1
04-Aug-2000 10:00, 0.711,  28.6,  26.3, 1010.6, 0.012,-0.020,  171,   2.5,   0.6
04-Aug-2000 11:00, 0.706,  28.6,  25.6, 1010.5, 0.017,-0.009,  193,   2.7,   1.3
04-Aug-2000 12:00, 0.657,  28.5,  25.4, 1010.5,-0.012,-0.039,  186,   4.2,   3.0
04-Aug-2000 13:00, 0.659,  28.6,  25.3, 1010.3,-0.012,-0.039,  191,   4.4,   2.1
04-Aug-2000 14:00, 0.750,  28.6,  25.2, 1010.2, 0.058, 0.029,  171,   4.5,   2.3
04-Aug-2000 15:00, 0.754,  28.6,  24.8, 1009.9, 0.039, 0.009,  181,   4.6,   2.7
04-Aug-2000 16:00, 0.717,  28.5,  24.4, 1009.4,-0.015,-0.048,  197,   5.0,   2.1
04-Aug-2000 17:00, 0.736,  28.5,  24.3, 1008.9,-0.012,-0.051,  201,   4.8,   3.3
04-Aug-2000 18:00, 0.755,  28.6,  24.1, 1009.3,-0.013,-0.055,  189,   4.0,   2.5
04-Aug-2000 19:00, 0.775,  28.5,  24.0, 1009.6, 0.005,-0.034,  211,   4.9,   1.6
04-Aug-2000 20:00, 0.787,  28.6,  24.1, 1010.1, 0.046, 0.010,  192,   3.0,   2.0
04-Aug-2000 21:00, 0.734,  28.5,  25.4, 1010.8, 0.048, 0.018,  166,   5.1,   2.7
04-Aug-2000 22:00, 0.638,  28.5,  27.7, 1011.0, 0.031, 0.007,  174,   3.7,   1.1
04-Aug-2000 23:00, 0.516,  28.6,  27.3, 1010.9,-0.001,-0.023,   39,   3.1,   2.6
05-Aug-2000 00:00, 0.397,  28.7,  27.4, 1010.4,-0.038,-0.062,   42,   4.8,   1.9
05-Aug-2000 01:00, 0.345,  28.6,  27.4, 1009.9,-0.046,-0.075,   17,   5.8,   3.8
05-Aug-2000 02:00, 0.447,  28.7,  27.5, 1009.5, 0.056, 0.023,  316,   4.3,   2.8
05-Aug-2000 03:00, 0.480,  28.8,  27.5, 1008.5, 0.068, 0.030,  289,   4.3,   3.8
05-Aug-2000 04:00, 0.443,  28.9,  27.5, 1008.2,-0.001,-0.048,  301,   5.5,   4.2
05-Aug-2000 05:00, 0.491,  28.9,  27.8, 1008.3, 0.004,-0.046,  306,   5.2,   3.4
05-Aug-2000 06:00, 0.536,  28.9,  27.9, 1008.4,-0.011,-0.060,  335,   4.5,   3.0
05-Aug-2000 07:00, 0.629,  28.9,  28.1, 1009.0, 0.013,-0.035,   25,   5.1,   4.3
05-Aug-2000 08:00, 0.730,  28.9,  28.0, 1009.8, 0.058, 0.016,   61,   4.7,   3.0
05-Aug-2000 09:00, 0.761,  28.7,  27.8, 1010.7, 0.047, 0.013,   43,   3.6,   2.5
05-Aug-2000 10:00, 0.770,  28.9,  26.3, 1011.5, 0.037, 0.012,  338,   8.5,   6.2
05-Aug-2000 11:00, 0.733,  28.8,  25.8, 1012.1, 0.009,-0.007,  325,   7.3,   3.7
05-Aug-2000 12:00, 0.647,  28.7,  25.8, 1012.0,-0.045,-0.057,  317,   5.0,   3.0
05-Aug-2000 13:00, 0.586,  28.6,  26.0, 1011.8,-0.078,-0.091,  314,   5.4,   2.6
05-Aug-2000 14:00, 0.631,  28.6,  25.4, 1011.5,-0.028,-0.043,  187,   2.4,   1.9
05-Aug-2000 15:00, 0.703,  28.5,  24.8, 1010.8, 0.032, 0.014,  184,   2.6,   1.8
05-Aug-2000 16:00, 0.689,  28.6,  24.6, 1010.0, 0.005,-0.020,  182,   3.5,   2.7
05-Aug-2000 17:00, 0.680,  28.5,  24.4, 1009.4,-0.008,-0.041,  188,   3.7,   2.3
05-Aug-2000 18:00, 0.690,  28.5,  24.0, 1009.8,-0.003,-0.041,  189,   3.6,   2.4
05-Aug-2000 19:00, 0.673,  28.5,  24.0, 1010.1,-0.022,-0.056,  189,   3.7,   2.3
05-Aug-2000 20:00, 0.699,  28.5,  24.0, 1010.8, 0.021,-0.009,  191,   4.1,   2.8
05-Aug-2000 21:00, 0.681,  28.5,  24.9, 1011.0, 0.046, 0.022,  185,   4.5,   3.3
05-Aug-2000 22:00, 0.622,  28.5,  26.7, 1011.0, 0.047, 0.025,  175,   3.2,   0.7
05-Aug-2000 23:00, 0.546,  28.5,  26.6, 1010.6, 0.043, 0.020,  322,   2.2,   1.7
06-Aug-2000 00:00, 0.454,  28.5,  26.9, 1010.1, 0.017,-0.010,  355,   3.5,   2.8
06-Aug-2000 01:00, 0.370,  28.8,  26.9, 1009.6,-0.024,-0.056,  326,   4.0,   3.0
06-Aug-2000 02:00, 0.344,  28.7,  27.0, 1009.4,-0.049,-0.085,  322,   4.2,   2.9
06-Aug-2000 03:00, 0.408,  28.8,  27.1, 1009.2,-0.022,-0.060,  324,   4.0,   2.9
06-Aug-2000 04:00, 0.522,  28.8,  27.5, 1008.9, 0.039,-0.002,  301,   3.6,   2.2
06-Aug-2000 05:00, 0.567,  28.8,  27.8, 1009.0, 0.028,-0.015,  305,   3.1,   2.5
06-Aug-2000 06:00, 0.597,  28.9,  28.3, 1009.3, 0.000,-0.042,  291,   3.2,   1.2
06-Aug-2000 07:00, 0.632,  28.9,  27.9, 1010.1,-0.027,-0.065,  271,   2.8,   1.7
06-Aug-2000 08:00, 0.689,  28.8,  26.4, 1010.4,-0.027,-0.058,  202,   2.3,   1.6
06-Aug-2000 09:00, 0.758,  28.8,  25.5, 1011.1, 0.004,-0.023,  186,   3.7,   2.7
06-Aug-2000 10:00, 0.771,  28.7,  25.2, 1011.4,-0.001,-0.022,  199,   4.6,   2.7
06-Aug-2000 11:00, 0.759,  28.6,  25.1, 1011.6,-0.005,-0.023,  184,   4.9,   2.9
06-Aug-2000 12:00, 0.723,  28.7,  24.9, 1011.7,-0.011,-0.028,  181,   4.8,   2.1
06-Aug-2000 13:00, 0.672,  28.6,  24.9, 1011.8,-0.022,-0.037,  201,   5.0,   2.3
06-Aug-2000 14:00, 0.622,  28.6,  24.4, 1011.2,-0.040,-0.055,  188,   4.4,   3.0
06-Aug-2000 15:00, 0.587,  28.5,  24.4, 1011.1,-0.062,-0.083,  128,   4.3,   1.2
06-Aug-2000 16:00, 0.635,  28.4,  24.1, 1010.6,-0.013,-0.035,  193,   3.9,   2.5
06-Aug-2000 17:00, 0.675,  28.4,  23.7, 1010.1, 0.029, 0.002,  196,   4.4,   3.2
06-Aug-2000 18:00, 0.657,  28.4,  23.5, 1010.6, 0.021,-0.010,  187,   5.7,   2.9
06-Aug-2000 19:00, 0.628,  28.4,  23.5, 1010.9, 0.003,-0.023,  183,   4.8,   2.2
06-Aug-2000 20:00, 0.594,  28.4,  23.6, 1011.9,-0.012,-0.034,  172,   5.2,   2.2
06-Aug-2000 21:00, 0.578,  28.4,  25.3, 1012.4, 0.005,-0.008,  199,   4.8,   2.6
06-Aug-2000 22:00, 0.560,  28.4,  27.5, 1012.5, 0.033, 0.025,  202,   3.4,   1.6
06-Aug-2000 23:00, 0.499,  28.5,  27.7, 1012.3, 0.026, 0.019,    8,   2.8,   2.0
07-Aug-2000 00:00, 0.424,  28.5,  27.6, 1011.9, 0.002,-0.007,   40,   4.6,   4.0
07-Aug-2000 01:00, 0.394,  28.8,  27.9, 1011.1, 0.005,-0.009,   52,   4.8,   3.9
07-Aug-2000 02:00, 0.378,  28.9,  28.5, 1010.4,-0.011,-0.033,   56,   5.0,   3.7
07-Aug-2000 03:00, 0.383,  29.1,  28.3, 1009.7,-0.043,-0.072,   38,   5.1,   3.8
07-Aug-2000 04:00, 0.454,  28.8,  28.4, 1009.1,-0.038,-0.074,   21,   5.0,   3.7
07-Aug-2000 05:00, 0.576,  29.0,  28.7, 1009.0, 0.010,-0.031,  332,   4.0,   1.9
07-Aug-2000 06:00, 0.660,  29.2,  28.5, 1009.5, 0.028,-0.014,  318,   3.0,   2.3
07-Aug-2000 07:00, 0.688,  28.9,  27.8, 1010.1,-0.004,-0.040,  263,   4.3,   2.1
07-Aug-2000 08:00, 0.736,  28.8,  27.1, 1010.7,-0.008,-0.039,  208,   3.2,   1.3
07-Aug-2000 09:00, 0.773,  28.8,  26.4, 1011.3,-0.009,-0.034,  191,   3.8,   2.8
07-Aug-2000 10:00, 0.813,  28.8,  26.0, 1011.8, 0.011,-0.008,  111,   3.9,   1.5
07-Aug-2000 11:00, 0.820,  28.7,  25.9, 1012.1, 0.019, 0.005,  151,   2.8,   1.5
07-Aug-2000 12:00, 0.788,  28.7,  25.5, 1012.1, 0.010,-0.001,  194,   2.7,   2.2
07-Aug-2000 13:00, 0.745,  28.7,  25.3, 1011.7, 0.005,-0.007,  167,   3.8,   0.8
07-Aug-2000 14:00, 0.706,  28.7,  24.8, 1011.2, 0.009,-0.007,  179,   3.4,   1.7
07-Aug-2000 15:00, 0.654,  28.7,  24.6, 1010.5,-0.007,-0.028,  196,   3.9,   0.0
07-Aug-2000 16:00, 0.616,  28.6,  24.5, 1010.1,-0.022,-0.050,  164,   3.3,   1.6
07-Aug-2000 17:00, 0.615,  28.6,  24.7, 1010.3,-0.005,-0.036,  175,   3.3,   2.0
07-Aug-2000 18:00, 0.616,  28.5,  24.8, 1010.3, 0.017,-0.012,  180,   3.4,   1.6
07-Aug-2000 19:00, 0.574,  28.6,  24.5, 1010.6, 0.001,-0.028,  181,   3.2,   2.2
07-Aug-2000 20:00, 0.527,  28.6,  24.8, 1011.2,-0.016,-0.042,  197,   4.6,   2.2
07-Aug-2000 21:00, 0.493,  28.5,  25.9, 1011.6,-0.016,-0.036,  182,   4.0,   2.5
07-Aug-2000 22:00, 0.465,  28.5,  27.3, 1011.9,-0.005,-0.021,   32,   2.8,   1.7
07-Aug-2000 23:00, 0.438,  28.6,  27.5, 1011.8, 0.007,-0.007,   16,   2.7,   1.4
08-Aug-2000 00:00, 0.408,  28.7,  27.6, 1011.6, 0.011,-0.003,  342,   3.7,   2.0
08-Aug-2000 01:00, 0.385,  28.9,  27.7, 1010.7, 0.008,-0.009,   14,   3.2,   2.0
08-Aug-2000 02:00, 0.402,  28.9,  27.0, 1009.8, 0.020,-0.006,  268,   3.4,   1.7
08-Aug-2000 03:00, 0.451,  28.9,  28.0, 1009.2, 0.033,-0.003,  296,   3.4,   2.1
08-Aug-2000 04:00, 0.506,  28.9,  28.4, 1008.9, 0.021,-0.019,  303,   3.2,   2.3
08-Aug-2000 05:00, 0.581,  28.9,  28.4, 1008.8, 0.015,-0.028,  283,   3.5,   2.7
08-Aug-2000 06:00, 0.650,  29.1,  28.3, 1009.0, 0.005,-0.039,  314,   4.3,   2.8
08-Aug-2000 07:00, 0.689,  28.8,  28.5, 1009.5,-0.021,-0.063,   10,   2.5,   0.6
08-Aug-2000 08:00, 0.737,  28.7,  28.1, 1010.2,-0.023,-0.060,  156,   1.3,   0.6
08-Aug-2000 09:00, 0.776,  28.7,  26.5, 1010.8,-0.019,-0.049,  188,   3.4,   1.2
08-Aug-2000 10:00, 0.802,  28.6,  26.1, 1011.3,-0.014,-0.037,  205,   4.4,   2.4
08-Aug-2000 11:00, 0.824,  28.6,  25.7, 1011.5, 0.001,-0.018,  146,   3.1,   1.3
08-Aug-2000 12:00, 0.819,  28.6,  25.2, 1011.4, 0.006,-0.011,  184,   3.8,   2.3
08-Aug-2000 13:00, 0.798,  28.6,  24.8, 1011.0, 0.013,-0.006,  190,   3.9,   1.4
08-Aug-2000 14:00, 0.752,  28.7,  24.9, 1010.5, 0.008,-0.015,  187,   4.0,   2.1
08-Aug-2000 15:00, 0.700,  28.7,  24.6, 1009.7, 0.000,-0.029,  183,   4.2,   2.2
08-Aug-2000 16:00, 0.652,  28.7,  24.9, 1009.5,-0.005,-0.041,  105,   3.5,   1.2
08-Aug-2000 17:00, 0.629,  28.7,  24.8, 1009.1, 0.010,-0.028,  195,   3.3,   1.9
08-Aug-2000 18:00, 0.605,  28.5,  24.7, 1009.4, 0.023,-0.017,  190,   3.3,   1.9
08-Aug-2000 19:00, 0.548,  28.5,  24.3, 1009.5, 0.006,-0.033,  189,   3.9,   2.7
08-Aug-2000 20:00, 0.492,  28.6,  24.9, 1010.3,-0.008,-0.045,  177,   4.0,   1.9
08-Aug-2000 21:00, 0.441,  28.6,  25.1, 1011.2,-0.015,-0.044,  174,   3.2,   1.4
08-Aug-2000 22:00, 0.407,  28.6,  26.5, 1012.1,-0.008,-0.027,  205,   3.3,   1.5
08-Aug-2000 23:00, 0.387,  28.7,  28.2, 1011.8, 0.003,-0.008,   96,   2.7,   1.2
09-Aug-2000 00:00, 0.374,  28.7,  28.8, 1011.5, 0.010,-0.005,   87,   4.8,   2.4
09-Aug-2000 01:00, 0.355,  28.7,  28.9, 1010.9,-0.003,-0.021,   30,   4.6,   2.4
09-Aug-2000 02:00, 0.361,  28.9,  28.8, 1010.0,-0.011,-0.035,   11,   3.0,   2.4
09-Aug-2000 03:00, 0.398,  29.2,  28.5, 1009.1,-0.013,-0.046,  337,   2.8,   2.0
09-Aug-2000 04:00, 0.464,  29.0,  28.5, 1008.6,-0.011,-0.052,  329,   2.9,   2.3
09-Aug-2000 05:00, 0.550,  28.9,  28.4, 1008.5,-0.003,-0.050,  324,   3.2,   1.9
09-Aug-2000 06:00, 0.632,  29.1,  28.4, 1009.1,-0.003,-0.049,  307,   2.8,   1.4
09-Aug-2000 07:00, 0.688,  28.8,  25.6, 1009.6,-0.019,-0.059,  230,  12.6,   5.7
09-Aug-2000 08:00, 0.726,  28.8,  24.9, 1010.0,-0.035,-0.071,  193,   5.9,   1.3
09-Aug-2000 09:00, 0.763,  29.1,  25.2, 1010.6,-0.033,-0.064,  193,   3.2,   1.9
09-Aug-2000 10:00, 0.783,  28.9,  25.5, 1011.2,-0.032,-0.058,  181,   3.4,   2.0
09-Aug-2000 11:00, 0.807,  28.8,  25.2, 1011.5,-0.018,-0.038,  193,   4.2,   2.1
09-Aug-2000 12:00, 0.824,  28.8,  24.9, 1011.3,-0.005,-0.022,  191,   3.7,   2.4
09-Aug-2000 13:00, 0.815,  28.8,  24.8, 1011.0,-0.004,-0.024,  189,   3.9,   2.6
09-Aug-2000 14:00, 0.776,  28.7,  24.6, 1010.6,-0.015,-0.038,  193,   5.0,   3.0
09-Aug-2000 15:00, 0.721,  28.7,  24.4, 1010.1,-0.029,-0.056,  189,   4.6,   2.9
09-Aug-2000 16:00, 0.664,  28.7,  24.5, 1009.7,-0.036,-0.068,  186,   5.0,   3.2
09-Aug-2000 17:00, 0.606,  28.6,  24.3, 1009.4,-0.038,-0.074,  177,   5.1,   3.2
09-Aug-2000 18:00, 0.558,  28.6,  24.1, 1009.7,-0.030,-0.068,  185,   5.1,   2.7
09-Aug-2000 19:00, 0.524,  28.6,  23.9, 1009.9,-0.008,-0.044,  178,   4.6,   2.8
09-Aug-2000 20:00, 0.475,  28.6,  23.9, 1010.6,-0.003,-0.035,  183,   4.8,   2.7
09-Aug-2000 21:00, 0.399,  28.5,  25.2, 1011.3,-0.023,-0.049,  185,   5.5,   2.1
09-Aug-2000 22:00, 0.329,  28.6,  27.7, 1011.8,-0.044,-0.062,  155,   3.9,   1.1
09-Aug-2000 23:00, 0.286,  28.6,  27.8, 1011.8,-0.052,-0.067,   21,   3.0,   2.3
10-Aug-2000 00:00, 0.289,  28.7,  27.7, 1011.5,-0.038,-0.053,   16,   3.1,   2.2
10-Aug-2000 01:00, 0.302,  29.0,  27.7, 1010.7,-0.035,-0.053,    4,   3.5,   2.0
10-Aug-2000 02:00, 0.330,  28.9,  28.2, 1009.9,-0.029,-0.055,   33,   3.5,   3.0
10-Aug-2000 03:00, 0.369,  28.8,  28.3, 1009.2,-0.031,-0.065,   32,   4.4,   2.8
10-Aug-2000 04:00, 0.429,  28.9,  28.4, 1008.6,-0.034,-0.075,   25,   4.2,   2.2
10-Aug-2000 05:00, 0.514,  29.0,  28.8, 1008.6,-0.024,-0.071,    9,   2.9,   1.4
10-Aug-2000 06:00, 0.592,  29.5,  28.6, 1009.0,-0.023,-0.069,    8,   2.6,   2.2
10-Aug-2000 07:00, 0.672,  29.3,  28.6, 1009.4,-0.013,-0.055,  284,   2.5,   1.9
10-Aug-2000 08:00, 0.749,  29.2,  27.7, 1009.7, 0.004,-0.034,  216,   2.6,   1.0
10-Aug-2000 09:00, 0.782,  29.5,  26.3, 1010.1,-0.002,-0.037,  188,   3.5,   2.3
10-Aug-2000 10:00, 0.785,  29.3,  26.3, 1010.7,-0.019,-0.050,  189,   4.2,   2.7
10-Aug-2000 11:00, 0.791,  29.2,  25.7, 1010.6,-0.024,-0.049,  177,   4.0,   2.0
10-Aug-2000 12:00, 0.812,  29.3,  25.3, 1010.6,-0.013,-0.039,  184,   4.1,   2.1
10-Aug-2000 13:00, 0.830,  29.2,  24.7, 1010.6,-0.004,-0.031,  194,   3.9,   1.9
10-Aug-2000 14:00, 0.839,  29.2,  24.5, 1010.1, 0.010,-0.016,  184,   3.5,   1.9
10-Aug-2000 15:00, 0.818,  28.9,  24.4, 1009.5, 0.018,-0.014,  203,   3.9,   2.7
10-Aug-2000 16:00, 0.760,  28.9,  24.0, 1009.1, 0.007,-0.031,  187,   4.4,   3.3
10-Aug-2000 17:00, 0.678,  28.8,  24.0, 1008.9,-0.013,-0.055,  196,   4.1,   2.9
10-Aug-2000 18:00, 0.584,  28.8,  23.7, 1008.8,-0.035,-0.078,  192,   4.8,   2.3
10-Aug-2000 19:00, 0.505,  28.8,  23.4, 1009.4,-0.038,-0.082,  195,   4.8,   2.5
10-Aug-2000 20:00, 0.440,  28.7,  23.7, 1010.1,-0.034,-0.072,  186,   4.4,   2.3
10-Aug-2000 21:00, 0.409,  28.7,  25.3, 1010.6, 0.001,-0.029,  183,   4.7,   2.7
10-Aug-2000 22:00, 0.372,  28.7,  26.9, 1010.8, 0.025,-0.001,  344,   3.4,   2.0
10-Aug-2000 23:00, 0.312,  28.7,  27.4, 1010.7, 0.006,-0.018,   24,   2.9,   2.2
11-Aug-2000 00:00, 0.279,  29.0,  27.5, 1010.4,-0.013,-0.039,   15,   3.7,   3.3
11-Aug-2000 01:00, 0.279,  29.2,  27.7, 1009.7,-0.030,-0.058,  303,   3.6,   2.6
11-Aug-2000 02:00, 0.326,  29.3,  29.3, 1008.6,-0.019,-0.056,   61,   6.8,   5.4
11-Aug-2000 03:00, 0.381,  29.2,  29.2, 1007.8,-0.009,-0.056,   63,   7.6,   6.2
11-Aug-2000 04:00, 0.447,  29.5,  29.5, 1007.2,-0.005,-0.060,   58,   7.5,   5.2
11-Aug-2000 05:00, 0.532,  29.4,  30.0, 1007.1, 0.009,-0.051,   74,   8.0,   4.4
11-Aug-2000 06:00, 0.603,  29.3,  30.0, 1007.6, 0.008,-0.052,   80,   6.3,   3.2
11-Aug-2000 07:00, 0.658,  29.3,  29.7, 1008.2,-0.001,-0.056,  159,   5.2,   1.1
11-Aug-2000 08:00, 0.723,  29.1,  27.6, 1009.0, 0.008,-0.041,  197,   2.3,   0.6
11-Aug-2000 09:00, 0.801,  29.1,  27.0, 1009.9, 0.041, 0.000,  177,   2.5,   0.8
11-Aug-2000 10:00, 0.838,  29.2,  25.8, 1010.4, 0.054, 0.021,  203,   2.5,   1.6
11-Aug-2000 11:00, 0.826,  29.0,  26.1, 1010.5, 0.028, 0.000,  196,   3.5,   2.2
11-Aug-2000 12:00, 0.821,  29.0,  25.6, 1010.6, 0.011,-0.017,  197,   2.9,   1.6
11-Aug-2000 13:00, 0.834,  29.0,  25.6, 1010.5, 0.003,-0.023,  187,   3.7,   2.4
11-Aug-2000 14:00, 0.838,  28.9,  25.4, 1010.1,-0.010,-0.038,  177,   4.1,   2.7
11-Aug-2000 15:00, 0.852,  28.9,  25.2, 1009.4, 0.011,-0.021,  198,   4.2,   2.4
11-Aug-2000 16:00, 0.839,  28.9,  25.1, 1008.9, 0.031,-0.008,  195,   4.7,   2.9
11-Aug-2000 17:00, 0.784,  28.8,  24.8, 1008.8, 0.033,-0.010,  200,   4.3,   2.9
11-Aug-2000 18:00, 0.688,  28.8,  24.7, 1008.9, 0.017,-0.027,  180,   4.4,   2.1
11-Aug-2000 19:00, 0.576,  28.8,  24.7, 1009.6,-0.004,-0.046,  189,   4.4,   2.7
11-Aug-2000 20:00, 0.470,  28.7,  24.8, 1010.8,-0.020,-0.055,  190,   3.9,   1.7
11-Aug-2000 21:00, 0.386,  28.7,  27.0, 1011.3,-0.025,-0.049,  180,   3.7,   2.3
11-Aug-2000 22:00, 0.349,  28.7,  27.7, 1011.7, 0.009,-0.010,  333,   3.1,   2.3
11-Aug-2000 23:00, 0.296,  28.8,  27.9, 1012.0, 0.010,-0.005,    7,   2.8,   1.7
12-Aug-2000 00:00, 0.268,  28.9,  28.1, 1011.2, 0.003,-0.010,  345,   2.0,   1.5
12-Aug-2000 01:00, 0.270,  29.0,  29.0, 1010.1,-0.010,-0.032,   73,   6.8,   3.2
12-Aug-2000 02:00, 0.310,  29.0,  30.2, 1009.2,-0.015,-0.047,   90,   7.3,   4.7
12-Aug-2000 03:00, 0.384,  29.2,  29.3, 1008.2, 0.004,-0.038,   63,   8.1,   5.5
12-Aug-2000 04:00, 0.464,  29.1,  29.4, 1007.7, 0.024,-0.027,   71,   7.7,   6.2
12-Aug-2000 05:00, 0.548,  29.2,  29.4, 1007.4, 0.038,-0.018,   73,   8.6,   5.7
12-Aug-2000 06:00, 0.615,  29.2,  29.4, 1008.0, 0.037,-0.020,   99,   8.9,   3.8
12-Aug-2000 07:00, 0.663,  29.0,  29.0, 1008.7, 0.029,-0.022,  101,   7.2,   1.0
12-Aug-2000 08:00, 0.692,  29.1,  28.2, 1009.6, 0.011,-0.033,  111,   4.7,   3.2
12-Aug-2000 09:00, 0.729,  29.0,  27.7, 1010.2, 0.005,-0.031,  107,   5.4,   1.1
12-Aug-2000 10:00, 0.788,  28.9,  27.0, 1011.0, 0.032, 0.003,  159,   2.6,   1.0
12-Aug-2000 11:00, 0.804,  28.9,  26.5, 1011.1, 0.030, 0.008,  182,   2.8,   1.1
12-Aug-2000 12:00, 0.797,  28.8,  26.3, 1011.1, 0.006,-0.015,  196,   2.7,   1.0
12-Aug-2000 13:00, 0.815,  28.8,  26.2, 1010.9, 0.001,-0.021,  160,   1.9,   0.8
12-Aug-2000 14:00, 0.824,  28.8,  25.3, 1010.7,-0.023,-0.046,  178,   2.6,   0.1
12-Aug-2000 15:00, 0.846,  28.8,  25.1, 1009.8,-0.021,-0.047,  190,   2.5,   1.0
12-Aug-2000 16:00, 0.863,  28.8,  24.9, 1009.6, 0.009,-0.026,  191,   2.6,   1.5
12-Aug-2000 17:00, 0.832,  28.8,  24.8, 1009.4, 0.021,-0.016,  168,   2.9,   0.9
12-Aug-2000 18:00, 0.752,  28.7,  24.4, 1010.1, 0.017,-0.020,  256,   2.3,   1.0
12-Aug-2000 19:00, 0.650,  28.7,  24.7, 1010.2, 0.013,-0.018,  199,   3.1,   0.1
12-Aug-2000 20:00, 0.518,  28.7,  24.4, 1010.5,-0.012,-0.042,  192,   2.9,   1.9
12-Aug-2000 21:00, 0.418,  28.7,  24.6, 1011.8,-0.013,-0.040,  138,   6.5,   4.2
12-Aug-2000 22:00, 0.357,  28.7,  25.3, 1012.6, 0.007,-0.006,   98,   6.4,   3.8
12-Aug-2000 23:00, 0.310,  28.7,  25.9, 1011.8, 0.026, 0.019,  130,  10.1,   4.8
13-Aug-2000 00:00, 0.267,  28.7,  26.3, 1010.9, 0.017, 0.003,  106,   7.9,   4.8
13-Aug-2000 01:00, 0.265,  28.7,  27.3, 1009.5, 0.009,-0.016,   67,   6.6,   0.7
13-Aug-2000 02:00, 0.305,  28.7,  27.7, 1008.7, 0.003,-0.035,   59,   5.4,   2.5
13-Aug-2000 03:00, 0.385,  28.8,  27.8, 1008.2, 0.019,-0.027,   67,   6.8,   3.9
13-Aug-2000 04:00, 0.456,  28.8,  28.8, 1007.7, 0.025,-0.025,   72,   6.9,   3.1
13-Aug-2000 05:00, 0.531,  28.8,  28.9, 1007.6, 0.032,-0.024,  166,   3.6,   1.6
13-Aug-2000 06:00, 0.600,  28.8,  29.2, 1008.0, 0.036,-0.020,  104,   4.2,   2.6
13-Aug-2000 07:00, 0.655,  28.8,  28.7, 1008.5, 0.039,-0.013,  103,   3.3,   1.8
13-Aug-2000 08:00, 0.682,  28.8,  27.3, 1009.5, 0.028,-0.018,  136,   2.1,   0.2
13-Aug-2000 09:00, 0.703,  28.7,  26.5, 1010.1, 0.016,-0.020,  198,   2.6,   1.7
13-Aug-2000 10:00, 0.735,  28.7,  26.2, 1010.7, 0.015,-0.015,  188,   2.4,   0.9
13-Aug-2000 11:00, 0.765,  28.7,  26.1, 1010.7, 0.020,-0.006,  201,   2.9,   2.1
13-Aug-2000 12:00, 0.751,  28.6,  25.6, 1010.6,-0.015,-0.041,  174,   2.9,   1.6
13-Aug-2000 13:00, 0.765,  28.7,  25.5, 1010.7,-0.027,-0.053,  188,   2.9,   1.5
13-Aug-2000 14:00, 0.804,  28.6,  25.2, 1010.1,-0.027,-0.053,  186,   3.6,   2.4
13-Aug-2000 15:00, 0.837,  28.6,  25.1, 1009.9,-0.034,-0.065,  160,   3.4,   0.8
13-Aug-2000 16:00, 0.870,  28.6,  24.5, 1009.5,-0.014,-0.047,  190,   3.0,   2.0
13-Aug-2000 17:00, 0.868,  28.6,  24.5, 1008.7, 0.007,-0.031,  233,   3.5,   0.7
13-Aug-2000 18:00, 0.813,  28.6,  24.6, 1009.3, 0.013,-0.032,  229,   3.0,   0.3
13-Aug-2000 19:00, 0.725,  28.6,  24.4, 1009.7, 0.021,-0.018,  193,   3.6,   2.2
13-Aug-2000 20:00, 0.568,  28.6,  24.6, 1010.2,-0.020,-0.055,  188,   3.7,   2.2
13-Aug-2000 21:00, 0.434,  28.5,  26.2, 1010.5,-0.039,-0.069,  175,   4.0,   2.2
13-Aug-2000 22:00, 0.343,  28.6,  27.9, 1010.9,-0.032,-0.059,   10,   2.6,   1.8
13-Aug-2000 23:00, 0.287,  28.6,  27.2, 1011.1,-0.010,-0.033,  321,   3.0,   1.9
14-Aug-2000 00:00, 0.277,  28.8,  29.3, 1010.4, 0.029, 0.007,  300,   3.2,   1.4
14-Aug-2000 01:00, 0.241,  28.9,  30.3, 1009.4,-0.001,-0.030,   68,   7.9,   4.8
14-Aug-2000 02:00, 0.245,  29.0,  30.9, 1008.2,-0.035,-0.074,   72,   9.0,   5.1
14-Aug-2000 03:00, 0.305,  29.2,  30.4, 1007.4,-0.043,-0.093,   68,  10.4,   6.4
14-Aug-2000 04:00, 0.387,  29.2,  30.0, 1006.7,-0.034,-0.093,   75,   9.8,   5.8
14-Aug-2000 05:00, 0.464,  29.0,  29.5, 1006.7,-0.026,-0.091,   91,   9.9,   5.8
14-Aug-2000 06:00, 0.529,  28.7,  29.6, 1007.0,-0.028,-0.093,   90,   9.2,   5.8
14-Aug-2000 07:00, 0.580,  28.7,  28.5, 1008.2,-0.027,-0.088,  110,   6.5,   1.4
14-Aug-2000 08:00, 0.611,  28.8,  27.5, 1008.8,-0.027,-0.076,  142,   6.2,   2.6
14-Aug-2000 09:00, 0.622,  28.7,  27.4, 1009.5,-0.037,-0.080,  135,   4.7,   2.2
14-Aug-2000 10:00, 0.654,  28.6,  27.0, 1009.8,-0.030,-0.067,   99,   4.4,   0.5
14-Aug-2000 11:00, 0.711,  28.6,  26.0, 1010.0, 0.001,-0.033,  211,   2.8,   0.8
14-Aug-2000 12:00, 0.759,  28.6,  25.7, 1010.0, 0.023,-0.009,  197,   1.7,   0.9
14-Aug-2000 13:00, 0.746,  28.7,  25.4, 1010.1,-0.019,-0.051,  176,   1.5,   1.1
14-Aug-2000 14:00, 0.774,  28.7,  25.6, 1009.4,-0.030,-0.061,   67,   3.0,   1.7
14-Aug-2000 15:00, 0.827,  28.7,  24.6, 1008.0,-0.026,-0.065,  162,   2.7,   0.5
14-Aug-2000 16:00, 0.874,  28.7,  24.9, 1007.5,-0.015,-0.068,  192,   2.4,   1.5
14-Aug-2000 17:00, 0.902,  28.6,  24.9, 1007.6, 0.012,-0.045,  183,   3.5,   1.3
14-Aug-2000 18:00, 0.898,  28.7,  24.5, 1007.3, 0.044,-0.012,  205,   4.1,   2.2
14-Aug-2000 19:00, 0.821,  28.6,  24.7, 1007.7, 0.050,-0.009,  190,   5.1,   3.0
14-Aug-2000 20:00, 0.670,  28.6,  24.7, 1008.8, 0.014,-0.040,  197,   4.9,   2.6
14-Aug-2000 21:00, 0.484,  28.6,  25.4, 1009.8,-0.046,-0.090,  164,   3.4,   2.0
14-Aug-2000 22:00, 0.367,  28.6,  25.3, 1010.6,-0.050,-0.083,  145,   3.8,   0.7
14-Aug-2000 23:00, 0.318,  28.6,  25.8, 1010.1,-0.008,-0.035,  196,   2.2,   1.3
15-Aug-2000 00:00, 0.292,  28.6,  27.6, 1009.9, 0.030,-0.002,  120,   5.7,   3.1
15-Aug-2000 01:00, 0.215,  28.6,  24.5, 1010.3,-0.025,-0.057,  123,  12.6,   6.2
15-Aug-2000 02:00, 0.213,  28.6,  24.2, 1009.5,-0.053,-0.082,  178,   8.6,   3.1
15-Aug-2000 03:00, 0.282,  28.6,  24.3, 1008.0,-0.049,-0.087,  179,   4.6,   2.6
15-Aug-2000 04:00, 0.370,  28.6,  25.0, 1006.9,-0.042,-0.095,  174,   4.1,   1.5
15-Aug-2000 05:00, 0.478,  28.6,  26.0, 1007.3,-0.007,-0.070,  172,   3.0,   1.1
15-Aug-2000 06:00, 0.538,  28.6,  25.5, 1008.2,-0.015,-0.073,  186,   3.5,   2.1
15-Aug-2000 07:00, 0.599,  28.6,  24.9, 1008.3,-0.009,-0.059,  186,   3.5,   2.6
15-Aug-2000 08:00, 0.631,  28.5,  24.8, 1008.4,-0.004,-0.053,  186,   5.4,   4.2
15-Aug-2000 09:00, 0.604,  28.5,  24.7, 1008.7,-0.043,-0.091,  192,   5.2,   3.0
15-Aug-2000 10:00, 0.598,  28.3,  24.4, 1009.6,-0.059,-0.104,  183,   4.7,   3.1
15-Aug-2000 11:00, 0.659,  28.3,  24.6, 1010.3,-0.018,-0.053,  189,   5.1,   2.8
15-Aug-2000 12:00, 0.727,  28.4,  24.4, 1010.6, 0.024,-0.004,  187,   4.7,   2.8
15-Aug-2000 13:00, 0.744,  28.4,  24.0, 1010.2, 0.011,-0.015,  183,   4.9,   2.8
15-Aug-2000 14:00, 0.751,  28.4,  24.0, 1009.5,-0.021,-0.052,  178,   5.7,   2.8
15-Aug-2000 15:00, 0.800,  28.4,  24.0, 1009.0,-0.021,-0.059,  186,   4.8,   3.7
15-Aug-2000 16:00, 0.826,  28.4,  23.9, 1008.3,-0.045,-0.088,  185,   5.0,   3.0
15-Aug-2000 17:00, 0.869,  28.3,  24.0, 1008.0,-0.024,-0.074,  189,   4.6,   3.2
15-Aug-2000 18:00, 0.870,  28.4,  23.7, 1008.2,-0.009,-0.061,  184,   4.8,   2.9
15-Aug-2000 19:00, 0.818,  28.4,  23.4, 1008.7,-0.005,-0.055,  186,   5.0,   3.3
15-Aug-2000 20:00, 0.713,  28.3,  23.9, 1009.5,-0.008,-0.052,  187,   5.4,   2.2
15-Aug-2000 21:00, 0.559,  28.3,  24.5, 1010.4,-0.035,-0.071,  179,   4.0,   2.0
15-Aug-2000 22:00, 0.396,  28.3,  26.2, 1011.0,-0.073,-0.101,  169,   3.9,   1.4
15-Aug-2000 23:00, 0.310,  28.3,  27.0, 1010.9,-0.058,-0.080,   28,   2.6,   1.4
16-Aug-2000 00:00, 0.295,  28.5,  27.7, 1010.3, 0.002,-0.022,   42,   3.3,   1.9
16-Aug-2000 01:00, 0.285,  28.5,  27.6, 1009.2, 0.031, 0.000,   43,   5.5,   4.8
16-Aug-2000 02:00, 0.255,  28.8,  28.3, 1008.5,-0.010,-0.051,   49,   5.6,   4.1
16-Aug-2000 03:00, 0.296,  28.8,  28.6, 1007.6,-0.024,-0.072,   59,   6.5,   4.3
16-Aug-2000 04:00, 0.359,  28.9,  28.7, 1006.9,-0.044,-0.101,   51,   5.8,   4.6
16-Aug-2000 05:00, 0.448,  29.0,  29.2, 1006.8,-0.036,-0.100,   68,   5.7,   3.8
16-Aug-2000 06:00, 0.542,  28.9,  29.0, 1006.9,-0.014,-0.078,   67,   5.7,   4.1
16-Aug-2000 07:00, 0.614,  28.7,  29.1, 1007.5,-0.001,-0.064,   72,   5.5,   3.8
16-Aug-2000 08:00, 0.642,  28.8,  28.0, 1008.2,-0.005,-0.062,  165,   3.9,   0.7
16-Aug-2000 09:00, 0.628,  28.6,  26.0, 1009.0,-0.022,-0.071,  191,   2.8,   1.5
16-Aug-2000 10:00, 0.585,  28.6,  25.5, 1009.7,-0.061,-0.102,  186,   2.6,   1.6
16-Aug-2000 11:00, 0.624,  28.5,  25.6, 1009.9,-0.028,-0.063,  185,   3.1,   2.4
16-Aug-2000 12:00, 0.690,  28.4,  25.3, 1010.0, 0.019,-0.014,  185,   3.3,   2.0
16-Aug-2000 13:00, 0.706,  28.5,  25.2, 1009.9, 0.009,-0.023,  173,   3.8,   2.5
16-Aug-2000 14:00, 0.704,  28.5,  24.9, 1009.7,-0.030,-0.064,  179,   4.6,   2.7
16-Aug-2000 15:00, 0.754,  28.5,  24.6, 1009.4,-0.027,-0.063,  186,   4.9,   2.5
16-Aug-2000 16:00, 0.795,  28.5,  24.2, 1009.1,-0.038,-0.076,  179,   5.2,   3.0
16-Aug-2000 17:00, 0.841,  28.5,  24.0, 1008.9,-0.029,-0.071,  181,   5.4,   3.7
16-Aug-2000 18:00, 0.901,  28.5,  23.9, 1009.2, 0.025,-0.018,  176,   5.1,   2.6
16-Aug-2000 19:00, 0.880,  28.4,  24.0, 1009.5, 0.035,-0.005,  188,   5.5,   3.2
16-Aug-2000 20:00, 0.802,  28.4,  24.0, 1009.8, 0.033,-0.004,  184,   5.6,   3.1
16-Aug-2000 21:00, 0.673,  28.4,  25.3, 1010.0, 0.021,-0.013,  187,   4.8,   2.7
16-Aug-2000 22:00, 0.486,  28.4,  28.4, 1010.4,-0.037,-0.069,  106,   3.4,   1.3
16-Aug-2000 23:00, 0.394,  28.4,  29.1, 1010.7,-0.020,-0.048,   87,   6.1,   4.0
17-Aug-2000 00:00, 0.381,  28.4,  28.2, 1010.0, 0.047, 0.021,   43,   5.3,   4.4
17-Aug-2000 01:00, 0.320,  28.6,  28.3, 1009.5, 0.035, 0.002,   46,   6.4,   5.7
17-Aug-2000 02:00, 0.249,  28.7,  28.7, 1008.9,-0.030,-0.068,   50,   6.4,   4.6
17-Aug-2000 03:00, 0.299,  28.8,  28.9, 1007.9,-0.023,-0.067,   47,   6.5,   4.7
17-Aug-2000 04:00, 0.366,  29.2,  28.6, 1007.2,-0.035,-0.089,   40,   5.4,   4.2
17-Aug-2000 05:00, 0.462,  29.0,  28.8, 1007.2,-0.027,-0.088,   41,   4.7,   3.4
17-Aug-2000 06:00, 0.576,  28.9,  28.9, 1007.6, 0.011,-0.049,   42,   5.1,   4.7
17-Aug-2000 07:00, 0.648,  28.8,  29.1, 1008.1, 0.021,-0.035,   75,   6.3,   3.3
17-Aug-2000 08:00, 0.655,  29.0,  27.9, 1008.9,-0.011,-0.061,  155,   4.4,   2.4
17-Aug-2000 09:00, 0.638,  28.9,  27.0, 1009.6,-0.032,-0.074,  172,   3.3,   1.3
17-Aug-2000 10:00, 0.586,  28.7,  26.2, 1010.0,-0.067,-0.103,  190,   3.7,   2.0
17-Aug-2000 11:00, 0.589,  28.5,  25.8, 1010.6,-0.052,-0.083,  188,   4.2,   2.6
17-Aug-2000 12:00, 0.689,  28.4,  25.5, 1010.6, 0.043, 0.016,  188,   3.9,   2.0
17-Aug-2000 13:00, 0.712,  28.5,  25.1, 1010.6, 0.046, 0.020,  189,   4.5,   2.7
17-Aug-2000 14:00, 0.674,  28.5,  24.9, 1010.2,-0.020,-0.047,  197,   4.6,   2.6
17-Aug-2000 15:00, 0.723,  28.5,  24.6, 1009.8,-0.013,-0.043,  193,   4.3,   2.4
17-Aug-2000 16:00, 0.770,  28.5,  24.3, 1009.4,-0.014,-0.049,  190,   4.8,   2.4
17-Aug-2000 17:00, 0.803,  28.5,  24.1, 1009.1,-0.025,-0.063,  192,   5.1,   2.8
17-Aug-2000 18:00, 0.862,  28.5,  23.9, 1009.2, 0.016,-0.025,  184,   5.1,   3.9
17-Aug-2000 19:00, 0.861,  28.5,  23.9, 1009.4, 0.027,-0.013,  185,   4.9,   3.2
17-Aug-2000 20:00, 0.811,  28.4,  24.1, 1009.7, 0.025,-0.013,  189,   5.2,   3.0
17-Aug-2000 21:00, 0.715,  28.4,  25.4, 1010.0, 0.024,-0.011,  190,   5.2,   2.3
17-Aug-2000 22:00, 0.549,  28.4,  27.3, 1010.3,-0.022,-0.054,  310,   3.9,   1.7
17-Aug-2000 23:00, 0.416,  28.4,  27.4, 1010.5,-0.043,-0.072,  342,   2.7,   2.0
18-Aug-2000 00:00, 0.392,  28.5,  27.6, 1010.1, 0.017,-0.010,   19,   4.7,   3.5
18-Aug-2000 01:00, 0.392,  28.7,  27.8, 1009.2, 0.067, 0.035,  289,   4.0,   2.5
18-Aug-2000 02:00, 0.316,  28.9,  29.6, 1008.3, 0.007,-0.034,   61,   6.7,   4.5
18-Aug-2000 03:00, 0.325,  28.9,  29.3, 1007.5,-0.014,-0.063,   62,   7.7,   5.8
18-Aug-2000 04:00, 0.395,  29.0,  29.8, 1006.7,-0.013,-0.071,   66,   8.7,   5.3
18-Aug-2000 05:00, 0.458,  29.1,  29.8, 1006.4,-0.041,-0.106,   59,   7.0,   4.9
18-Aug-2000 06:00, 0.572,  29.2,  29.5, 1006.4,-0.010,-0.078,   62,   6.8,   4.9
18-Aug-2000 07:00, 0.653,  29.0,  29.2, 1006.9, 0.008,-0.060,   91,   5.6,   4.1
18-Aug-2000 08:00, 0.703,  29.0,  28.6, 1007.6, 0.013,-0.050,  175,   5.0,   1.7
18-Aug-2000 09:00, 0.699,  28.9,  27.6, 1008.8,-0.001,-0.056,  171,   2.9,   1.3
18-Aug-2000 10:00, 0.649,  28.8,  26.4, 1009.4,-0.028,-0.071,  192,   2.1,   1.0
18-Aug-2000 11:00, 0.607,  28.7,  25.7, 1009.9,-0.040,-0.078,  208,   2.1,   1.2
18-Aug-2000 12:00, 0.631,  28.6,  25.4, 1010.1,-0.001,-0.034,  199,   2.8,   1.9
18-Aug-2000 13:00, 0.669,  28.6,  25.1, 1009.8, 0.030,-0.002,  201,   3.0,   2.1
18-Aug-2000 14:00, 0.658,  28.6,  25.1, 1009.5,-0.001,-0.035,  199,   3.2,   2.7
18-Aug-2000 15:00, 0.654,  28.6,  25.2, 1009.2,-0.035,-0.073,  196,   3.9,   2.7
18-Aug-2000 16:00, 0.704,  28.6,  25.0, 1008.6,-0.025,-0.066,  202,   4.0,   3.1
18-Aug-2000 17:00, 0.731,  28.6,  24.7, 1008.5,-0.041,-0.087,  186,   4.2,   3.0
18-Aug-2000 18:00, 0.791,  28.5,  24.3, 1008.2,-0.008,-0.055,  187,   5.4,   2.7
18-Aug-2000 19:00, 0.827,  28.5,  24.6, 1008.3, 0.031,-0.019,  187,   4.6,   3.1
18-Aug-2000 20:00, 0.818,  28.4,  24.3, 1008.8, 0.051, 0.002,  182,   5.0,   2.7
18-Aug-2000 21:00, 0.752,  28.5,  26.2, 1009.3, 0.050, 0.006,  181,   4.7,   2.3
18-Aug-2000 22:00, 0.625,  28.4,  26.9, 1009.6, 0.022,-0.017,  304,   3.3,   2.0
18-Aug-2000 23:00, 0.494,  28.5,  27.6, 1009.8,-0.001,-0.037,  334,   2.9,   2.1
19-Aug-2000 00:00, 0.412,  28.6,  27.9, 1009.4, 0.001,-0.034,   17,   3.2,   2.5
19-Aug-2000 01:00, 0.391,  28.7,  27.9, 1008.7, 0.027,-0.012,  333,   3.0,   1.7
19-Aug-2000 02:00, 0.366,  28.7,  28.8, 1007.9, 0.018,-0.028,   49,   5.2,   2.8
19-Aug-2000 03:00, 0.335,  28.9,  29.0, 1006.9,-0.033,-0.087,   62,   7.4,   4.5
19-Aug-2000 04:00, 0.405,  29.0,  29.0, 1006.4,-0.022,-0.085,   56,   6.6,   5.2
19-Aug-2000 05:00, 0.476,  29.3,  29.7, 1006.3,-0.037,-0.105,   49,   5.5,   4.3
19-Aug-2000 06:00, 0.586,  29.1,  29.4, 1006.5,-0.017,-0.086,  196,   6.2,   2.7
19-Aug-2000 07:00, 0.685,  29.0,  28.2, 1007.0, 0.014,-0.053,  192,   4.4,   2.3
19-Aug-2000 08:00, 0.735,  28.9,  27.3, 1007.9, 0.018,-0.043,  197,   3.7,   1.3
19-Aug-2000 09:00, 0.734,  28.9,  26.9, 1008.6, 0.000,-0.052,  185,   3.3,   1.7
19-Aug-2000 10:00, 0.702,  28.9,  26.5, 1008.8,-0.012,-0.058,  184,   3.5,   2.7
19-Aug-2000 11:00, 0.636,  28.7,  26.1, 1008.8,-0.037,-0.081,  192,   4.0,   1.5
19-Aug-2000 12:00, 0.642,  28.4,  25.8, 1008.7, 0.005,-0.039,  183,   4.3,   2.2
19-Aug-2000 13:00, 0.683,  28.5,  25.7, 1008.8, 0.059, 0.014,  191,   4.7,   2.1
19-Aug-2000 14:00, 0.636,  28.5,  25.3, 1008.4, 0.005,-0.040,  191,   4.0,   2.0
19-Aug-2000 15:00, 0.631,  28.5,  24.9, 1007.8,-0.017,-0.066,  179,   4.3,   1.7
19-Aug-2000 16:00, 0.672,  28.5,  24.9, 1007.4,-0.002,-0.057,  202,   3.7,   1.8
19-Aug-2000 17:00, 0.693,  28.5,  24.5, 1006.9,-0.015,-0.073,  191,   3.3,   1.6
19-Aug-2000 18:00, 0.752,  28.6,  24.7, 1006.9, 0.016,-0.047,  191,   4.8,   2.5
19-Aug-2000 19:00, 0.791,  28.6,  24.7, 1007.2, 0.049,-0.014,  197,   4.7,   2.9
19-Aug-2000 20:00, 0.770,  28.4,  25.2, 1008.2, 0.048,-0.011,  192,   4.6,   2.3
19-Aug-2000 21:00, 0.714,  28.5,  26.0, 1008.7, 0.035,-0.015,  181,   4.1,   1.4
19-Aug-2000 22:00, 0.624,  28.5,  27.5, 1008.7, 0.016,-0.029,  307,   3.7,   1.3
19-Aug-2000 23:00, 0.493,  28.5,  27.9, 1008.9,-0.026,-0.071,  340,   3.2,   2.0
20-Aug-2000 00:00, 0.477,  28.6,  28.2, 1008.5, 0.036,-0.007,   29,   3.8,   3.3
20-Aug-2000 01:00, 0.486,  28.7,  28.1, 1007.9, 0.091, 0.043,    6,   4.5,   3.0
20-Aug-2000 02:00, 0.402,  28.7,  28.1, 1007.3, 0.016,-0.038,  333,   4.2,   2.5
20-Aug-2000 03:00, 0.370,  29.1,  26.3, 1006.7,-0.037,-0.097,  239,   6.4,   1.8
20-Aug-2000 04:00, 0.428,  29.0,  28.2, 1006.2,-0.029,-0.094,  293,   3.4,   2.1
20-Aug-2000 05:00, 0.512,  29.0,  28.3, 1005.7,-0.022,-0.093,  328,   2.7,   1.1
20-Aug-2000 06:00, 0.613,  29.0,  27.8, 1005.9,-0.011,-0.086,  273,   4.9,   2.9
20-Aug-2000 07:00, 0.712,  28.9,  28.0, 1006.4, 0.012,-0.060,  267,   3.6,   1.6
20-Aug-2000 08:00, 0.761,  28.8,  26.4, 1007.4, 0.013,-0.054,  121,   5.7,   2.9
20-Aug-2000 09:00, 0.755,  28.8,  24.9, 1009.1,-0.013,-0.069,  139,   8.6,   3.3
20-Aug-2000 10:00, 0.720,  28.7,  24.3, 1009.3,-0.035,-0.076,  163,   7.2,   2.7
20-Aug-2000 11:00, 0.634,  28.5,  24.5, 1009.6,-0.079,-0.118,  168,   4.0,   0.6
20-Aug-2000 12:00, 0.648,  28.4,  24.2, 1009.7,-0.015,-0.051,  185,   4.7,   2.1
20-Aug-2000 13:00, 0.685,  28.4,  24.4, 1009.2, 0.057, 0.021,  171,   4.8,   2.7
20-Aug-2000 14:00, 0.643,  28.4,  24.4, 1008.4, 0.027,-0.014,  178,   4.2,   2.6
20-Aug-2000 15:00, 0.602,  28.4,  24.4, 1007.4,-0.018,-0.068,  195,   4.1,   1.7
20-Aug-2000 16:00, 0.618,  28.4,  24.1, 1007.1,-0.012,-0.070,  192,   4.8,   2.2
20-Aug-2000 17:00, 0.630,  28.4,  24.4, 1006.9,-0.015,-0.077,  184,   6.0,   3.5
20-Aug-2000 18:00, 0.665,  28.4,  24.3, 1007.3, 0.001,-0.062,  181,   4.6,   2.5
20-Aug-2000 19:00, 0.717,  28.4,  24.1, 1007.5, 0.045,-0.014,  186,   5.6,   3.9
20-Aug-2000 20:00, 0.712,  28.4,  24.2, 1007.9, 0.054,-0.003,  186,   5.5,   4.0
20-Aug-2000 21:00, 0.682,  28.4,  25.5, 1008.5, 0.055, 0.002,  207,   5.1,   1.5
20-Aug-2000 22:00, 0.628,  28.4,  26.5, 1009.1, 0.049, 0.002,  327,   2.5,   1.1
20-Aug-2000 23:00, 0.510,  28.4,  27.2, 1009.1,-0.008,-0.049,  338,   2.9,   2.6
21-Aug-2000 00:00, 0.507,  28.4,  27.8, 1008.6, 0.050, 0.008,   27,   3.4,   2.6
21-Aug-2000 01:00, 0.529,  28.6,  27.7, 1007.9, 0.110, 0.063,   36,   3.6,   2.2
21-Aug-2000 02:00, 0.466,  28.8,  27.9, 1007.2, 0.050,-0.003,   32,   2.6,   1.8
21-Aug-2000 03:00, 0.454,  28.9,  28.0, 1006.3, 0.009,-0.052,   27,   3.3,   2.6
21-Aug-2000 04:00, 0.481,  28.9,  28.3, 1005.8,-0.014,-0.083,    5,   3.7,   1.9
21-Aug-2000 05:00, 0.562,  29.2,  28.5, 1005.7,-0.001,-0.075,    5,   2.4,   2.0
21-Aug-2000 06:00, 0.674,  29.1,  28.7, 1006.0, 0.030,-0.045,   11,   2.3,   1.1
21-Aug-2000 07:00, 0.773,  28.9,  28.4, 1006.5, 0.050,-0.021,   39,   2.8,   2.2
21-Aug-2000 08:00, 0.825,  29.2,  27.9, 1007.1, 0.048,-0.019,  203,   3.4,   1.1
21-Aug-2000 09:00, 0.832,  29.1,  26.1, 1007.6, 0.031,-0.030,  191,   4.7,   2.4
21-Aug-2000 10:00, 0.799,  28.8,  26.0, 1008.1, 0.005,-0.051,  192,   4.8,   2.9
21-Aug-2000 11:00, 0.710,  28.9,  25.9, 1008.6,-0.050,-0.100,  218,   4.8,   2.0
21-Aug-2000 12:00, 0.675,  28.8,  25.6, 1008.9,-0.032,-0.078,  148,   3.5,   2.3
21-Aug-2000 13:00, 0.670,  28.6,  25.4, 1008.6, 0.013,-0.030,  172,   5.0,   2.0
21-Aug-2000 14:00, 0.679,  28.6,  24.9, 1008.3, 0.056, 0.010,  178,   5.1,   2.5
21-Aug-2000 15:00, 0.668,  28.6,  24.1, 1007.8, 0.059, 0.009,  197,   4.0,   2.2
21-Aug-2000 16:00, 0.634,  28.6,  24.2, 1007.4, 0.031,-0.024,  184,   4.0,   2.7
21-Aug-2000 17:00, 0.608,  28.6,  24.2, 1007.7, 0.009,-0.049,  171,   4.0,   1.8
21-Aug-2000 18:00, 0.604,  28.6,  24.1, 1008.2, 0.006,-0.049,  178,   4.4,   2.1
21-Aug-2000 19:00, 0.614,  28.6,  23.9, 1009.0, 0.018,-0.032,  156,   3.9,   2.2
21-Aug-2000 20:00, 0.604,  28.6,  24.0, 1009.5, 0.020,-0.021,  185,   2.9,   1.9
21-Aug-2000 21:00, 0.581,  28.6,  24.5, 1009.7, 0.024,-0.013,  182,   5.8,   3.4
21-Aug-2000 22:00, 0.551,  28.5,  25.3, 1009.9, 0.028,-0.007,  182,   5.9,   2.3
21-Aug-2000 23:00, 0.509,  28.6,  28.7, 1010.1, 0.023,-0.010,   71,   4.8,   1.2
22-Aug-2000 00:00, 0.432,  28.6,  27.1, 1009.5,-0.019,-0.051,   31,   4.2,   2.8
22-Aug-2000 01:00, 0.415,  28.7,  27.5, 1008.7,-0.017,-0.054,    4,   3.5,   2.3
22-Aug-2000 02:00, 0.449,  28.7,  27.5, 1008.0, 0.013,-0.033,  346,   3.3,   3.0
22-Aug-2000 03:00, 0.501,  28.9,  27.8, 1007.5, 0.029,-0.023,  327,   3.7,   1.4
22-Aug-2000 04:00, 0.537,  29.0,  28.1, 1006.8, 0.008,-0.050,  314,   3.9,   2.9
22-Aug-2000 05:00, 0.580,  29.1,  29.1, 1006.7,-0.016,-0.080,   43,   5.6,   3.3
22-Aug-2000 06:00, 0.661,  29.3,  29.6, 1006.9,-0.007,-0.072,   80,   5.6,   3.1
22-Aug-2000 07:00, 0.750,  29.0,  29.1, 1008.0, 0.010,-0.052,   81,   4.5,   2.7
22-Aug-2000 08:00, 0.824,  29.2,  28.1, 1008.7, 0.026,-0.025,  112,   2.8,   1.7
22-Aug-2000 09:00, 0.870,  29.1,  26.5, 1009.2, 0.042,-0.002,  184,   2.3,   1.6
22-Aug-2000 10:00, 0.868,  28.9,  26.0, 1009.8, 0.039, 0.000,  193,   3.2,   2.1
22-Aug-2000 11:00, 0.833,  28.8,  25.8, 1009.8, 0.030,-0.004,  194,   3.4,   1.2
22-Aug-2000 12:00, 0.762,  28.7,  25.2, 1009.7, 0.004,-0.030,  199,   2.6,   2.1
22-Aug-2000 13:00, 0.693,  28.8,  25.4, 1009.4,-0.013,-0.049,  186,   3.4,   2.0
22-Aug-2000 14:00, 0.642,  28.6,  25.1, 1009.1,-0.015,-0.054,  188,   4.0,   2.3
22-Aug-2000 15:00, 0.636,  28.6,  25.0, 1008.6, 0.014,-0.028,  190,   3.5,   2.2
22-Aug-2000 16:00, 0.623,  28.6,  24.7, 1008.3, 0.023,-0.023,  195,   3.7,   2.3
22-Aug-2000 17:00, 0.597,  28.6,  24.5, 1008.3, 0.019,-0.030,  200,   4.2,   2.1
22-Aug-2000 18:00, 0.554,  28.5,  24.4, 1008.8, 0.000,-0.049,  188,   4.2,   2.2
22-Aug-2000 19:00, 0.533,  28.5,  24.2, 1009.4, 0.001,-0.042,  191,   4.0,   2.3
22-Aug-2000 20:00, 0.525,  28.6,  24.6, 1009.8, 0.018,-0.020,  197,   3.5,   2.6
22-Aug-2000 21:00, 0.502,  28.5,  26.3, 1010.3, 0.024,-0.009,  174,   3.8,   1.5
22-Aug-2000 22:00, 0.467,  28.5,  27.5, 1010.4, 0.017,-0.013,    6,   2.3,   1.7
22-Aug-2000 23:00, 0.437,  28.7,  27.7, 1010.7, 0.010,-0.018,    2,   3.1,   2.7
23-Aug-2000 00:00, 0.423,  28.8,  27.8, 1010.1, 0.008,-0.018,    8,   4.0,   3.1
23-Aug-2000 01:00, 0.407,  28.9,  27.8, 1009.3,-0.013,-0.045,   16,   4.1,   2.6
23-Aug-2000 02:00, 0.418,  29.1,  28.6, 1008.9,-0.024,-0.064,   51,   5.2,   3.9
23-Aug-2000 03:00, 0.487,  29.2,  28.8, 1008.0, 0.000,-0.044,   41,   5.9,   3.5
23-Aug-2000 04:00, 0.573,  29.2,  29.4, 1007.3, 0.022,-0.031,   68,   6.5,   4.1
23-Aug-2000 05:00, 0.626,  29.3,  27.4, 1007.3, 0.002,-0.058,  198,   8.5,   3.1
23-Aug-2000 06:00, 0.691,  29.3,  27.1, 1007.9,-0.002,-0.060,  180,   4.3,   2.0
23-Aug-2000 07:00, 0.770,  29.2,  27.0, 1008.6, 0.013,-0.039,  165,   4.1,   2.0
23-Aug-2000 08:00, 0.823,  29.2,  26.5, 1009.1, 0.015,-0.031,  188,   2.7,   1.6
23-Aug-2000 09:00, 0.868,  29.1,  26.1, 1009.8, 0.026,-0.015,  193,   3.0,   0.7
23-Aug-2000 10:00, 0.880,  29.1,  25.6, 1010.6, 0.028,-0.005,  178,   3.0,   0.8
23-Aug-2000 11:00, 0.855,  29.1,  25.4, 1010.9, 0.017,-0.009,  190,   3.1,   2.1
23-Aug-2000 12:00, 0.816,  29.1,  25.3, 1010.9, 0.011,-0.012,  184,   3.7,   1.9
23-Aug-2000 13:00, 0.751,  28.8,  25.5, 1010.4,-0.010,-0.034,  162,   3.0,   0.8
23-Aug-2000 14:00, 0.688,  29.0,  24.8, 1010.0,-0.025,-0.054,  185,   4.1,   2.5
23-Aug-2000 15:00, 0.632,  28.9,  24.5, 1009.8,-0.034,-0.067,  181,   4.6,   2.7
23-Aug-2000 16:00, 0.624,  28.9,  24.1, 1009.1, 0.000,-0.035,  189,   5.5,   3.8
23-Aug-2000 17:00, 0.611,  28.9,  23.9, 1008.9, 0.024,-0.017,  181,   6.0,   3.2
23-Aug-2000 18:00, 0.562,  28.8,  23.9, 1009.4, 0.017,-0.025,  189,   5.6,   3.9
23-Aug-2000 19:00, 0.508,  28.8,  23.9, 1009.9, 0.011,-0.027,  179,   5.7,   2.4
23-Aug-2000 20:00, 0.464,  28.7,  24.0, 1010.8, 0.014,-0.019,  180,   5.1,   2.5
23-Aug-2000 21:00, 0.413,  28.8,  25.3, 1011.5, 0.008,-0.015,  183,   4.8,   2.0
23-Aug-2000 22:00, 0.373,  28.8,  25.3, 1011.9, 0.001,-0.016,  184,   4.3,   2.7
23-Aug-2000 23:00, 0.369,  28.8,  27.2, 1011.7, 0.016, 0.003,  183,   3.8,   1.9
24-Aug-2000 00:00, 0.368,  28.8,  29.6, 1010.7, 0.014,-0.002,  102,   5.2,   2.5
24-Aug-2000 01:00, 0.388,  28.9,  30.3, 1009.7, 0.010,-0.016,   97,   5.5,   3.5
24-Aug-2000 02:00, 0.431,  29.0,  28.5, 1008.8, 0.008,-0.029,   22,   5.0,   2.0
24-Aug-2000 03:00, 0.470,  29.1,  28.8, 1008.1,-0.014,-0.059,   38,   3.7,   3.0
24-Aug-2000 04:00, 0.554,  29.0,  29.0, 1007.5,-0.003,-0.055,  342,   3.1,   1.7
24-Aug-2000 05:00, 0.646,  29.2,  28.6, 1007.6, 0.009,-0.048,   26,   3.8,   1.9
24-Aug-2000 06:00, 0.719,  29.2,  28.7, 1007.8, 0.009,-0.047,  347,   2.2,   1.0
24-Aug-2000 07:00, 0.785,  29.1,  28.7, 1008.5, 0.014,-0.039,   67,   4.6,   3.4
24-Aug-2000 08:00, 0.832,  29.1,  28.0, 1009.2, 0.014,-0.033,  178,   4.4,   1.6
24-Aug-2000 09:00, 0.870,  29.1,  27.2, 1009.9, 0.023,-0.016,  186,   2.5,   1.9
24-Aug-2000 10:00, 0.887,  29.1,  26.7, 1010.5, 0.026,-0.007,  190,   3.0,   1.5
24-Aug-2000 11:00, 0.895,  29.1,  26.6, 1010.7, 0.036, 0.009,  189,   3.5,   1.9
24-Aug-2000 12:00, 0.870,  29.1,  26.2, 1010.5, 0.030, 0.004,  179,   3.9,   2.4
24-Aug-2000 13:00, 0.833,  29.1,  25.6, 1010.0, 0.021,-0.007,  180,   3.9,   2.6
24-Aug-2000 14:00, 0.777,  29.1,  25.7, 1009.2, 0.002,-0.032,  184,   4.2,   2.4
24-Aug-2000 15:00, 0.709,  28.8,  25.4, 1008.9,-0.021,-0.062,  187,   4.1,   2.7
24-Aug-2000 16:00, 0.656,  28.8,  25.1, 1008.7,-0.022,-0.065,  189,   4.2,   1.7
24-Aug-2000 17:00, 0.614,  28.8,  24.5, 1008.6,-0.010,-0.056,  184,   5.0,   3.6
24-Aug-2000 18:00, 0.577,  28.8,  24.4, 1009.2, 0.010,-0.035,  182,   4.6,   2.8
24-Aug-2000 19:00, 0.538,  28.8,  24.7, 1009.5, 0.036,-0.004,  182,   5.3,   2.9
24-Aug-2000 20:00, 0.461,  28.8,  24.5, 1010.5, 0.029,-0.007,  190,   4.2,   3.0
24-Aug-2000 21:00, 0.375,  28.6,  25.9, 1011.3, 0.013,-0.014,  185,   5.1,   2.8
24-Aug-2000 22:00, 0.322,  28.7,  28.1, 1012.0, 0.014,-0.004,  298,   4.2,   0.3
24-Aug-2000 23:00, 0.286,  28.8,  28.7, 1012.3, 0.006,-0.006,  352,   2.4,   1.2
25-Aug-2000 00:00, 0.293,  28.8,  28.9, 1012.3, 0.010, 0.001,   73,   5.2,   3.6
25-Aug-2000 01:00, 0.314,  28.8,  27.4, 1011.9,-0.002,-0.011,  100,  10.2,   4.0
25-Aug-2000 02:00, 0.381,  28.8,  26.6, 1010.5, 0.005,-0.009,  143,  11.6,   3.7
25-Aug-2000 03:00, 0.470,  28.7,  26.9, 1009.2, 0.014,-0.015,   96,   4.7,   2.0
25-Aug-2000 04:00, 0.550,  28.7,  26.9, 1008.7, 0.006,-0.035,  101,   4.2,   1.9
25-Aug-2000 05:00, 0.615,  28.7,  27.3, 1009.1,-0.015,-0.060,   80,   3.3,   2.4
25-Aug-2000 06:00, 0.706,  28.7,  27.0, 1009.6,-0.004,-0.045,   90,   3.7,   1.7
25-Aug-2000 07:00, 0.791,  28.8,  26.9, 1010.1, 0.017,-0.019,  111,   2.4,   0.7
25-Aug-2000 08:00, 0.836,  28.7,  26.3, 1010.7, 0.015,-0.015,  193,   1.5,   0.7
25-Aug-2000 09:00, 0.859,  28.7,  27.3, 1011.0, 0.011,-0.014,  129,   4.3,   2.3
25-Aug-2000 10:00, 0.876,  28.7,  27.7, 1011.2, 0.017,-0.005,  142,   4.4,   1.9
25-Aug-2000 11:00, 0.886,  28.7,  27.8, 1011.3, 0.023, 0.003,  150,   5.2,   2.1
25-Aug-2000 12:00, 0.877,  28.7,  27.6, 1011.1, 0.018,-0.001,  158,   4.5,   1.6
25-Aug-2000 13:00, 0.865,  28.6,  26.7, 1010.6, 0.016,-0.006,  166,   3.1,   1.5
25-Aug-2000 14:00, 0.835,  28.6,  26.8, 1009.9, 0.008,-0.019,  154,   2.3,   1.5
25-Aug-2000 15:00, 0.802,  28.6,  26.4, 1009.2, 0.006,-0.028,  159,   4.4,   1.4
25-Aug-2000 16:00, 0.731,  28.6,  25.4, 1008.9,-0.018,-0.059,  182,   3.1,   2.0
25-Aug-2000 17:00, 0.652,  28.6,  24.8, 1008.9,-0.035,-0.079,  184,   4.8,   3.1
25-Aug-2000 18:00, 0.588,  28.6,  24.7, 1009.3,-0.028,-0.071,  180,   5.8,   3.1
25-Aug-2000 19:00, 0.527,  28.5,  24.9, 1009.7,-0.011,-0.050,  184,   6.2,   4.0
25-Aug-2000 20:00, 0.454,  28.5,  25.5, 1010.9, 0.001,-0.033,  179,   5.7,   3.4
25-Aug-2000 21:00, 0.371,  28.5,  25.2, 1011.4, 0.006,-0.017,  190,   4.8,   2.0
25-Aug-2000 22:00, 0.278,  28.5,  27.0, 1011.8,-0.004,-0.021,  147,   3.9,   1.2
25-Aug-2000 23:00, 0.221,  28.5,  29.1, 1012.1,-0.008,-0.023,  105,   5.4,   3.0
26-Aug-2000 00:00, 0.201,  28.7,  27.4, 1012.1,-0.017,-0.028,  113,  10.2,   5.5
26-Aug-2000 01:00, 0.241,  28.7,  28.2, 1011.0,-0.010,-0.022,  110,   6.7,   2.4
26-Aug-2000 02:00, 0.291,  28.7,  28.9, 1010.2,-0.023,-0.047,   94,   5.6,   3.3
26-Aug-2000 03:00, 0.384,  28.6,  28.4, 1009.8,-0.019,-0.049,   76,   6.0,   3.8
26-Aug-2000 04:00, 0.501,  28.8,  27.9, 1008.9,-0.005,-0.041,  104,   6.3,   2.8
26-Aug-2000 05:00, 0.593,  28.7,  28.4, 1009.0,-0.013,-0.056,   72,   4.1,   2.1
26-Aug-2000 06:00, 0.671,  28.7,  28.4, 1009.2,-0.019,-0.061,  105,   6.4,   3.8
26-Aug-2000 07:00, 0.751,  28.7,  27.8, 1009.5,-0.007,-0.048,  108,   5.0,   2.1
26-Aug-2000 08:00, 0.824,  28.7,  27.4, 1010.4, 0.016,-0.020,  104,   3.1,   1.4
26-Aug-2000 09:00, 0.868,  28.7,  26.7, 1011.2, 0.028, 0.000,  192,   3.0,   1.1
26-Aug-2000 10:00, 0.864,  28.7,  26.1, 1012.2, 0.012,-0.006,  195,   1.8,   0.8
26-Aug-2000 11:00, 0.861,  28.6,  25.6, 1011.9, 0.007,-0.004,  196,   2.2,   0.9
26-Aug-2000 12:00, 0.843,  28.6,  25.6, 1012.1,-0.015,-0.028,  192,   3.0,   0.7
26-Aug-2000 13:00, 0.851,  28.6,  25.1, 1011.5,-0.012,-0.024,  194,   2.1,   1.3
26-Aug-2000 14:00, 0.858,  28.6,  24.9, 1010.8,-0.005,-0.023,  183,   2.9,   1.3
26-Aug-2000 15:00, 0.843,  28.5,  25.4, 1010.8,-0.004,-0.029,  191,   3.1,   0.7
26-Aug-2000 16:00, 0.826,  28.5,  25.0, 1010.4, 0.010,-0.014,  186,   3.4,   1.5
26-Aug-2000 17:00, 0.756,  28.5,  25.0, 1010.2,-0.006,-0.034,  182,   3.1,   1.5
26-Aug-2000 18:00, 0.645,  28.5,  25.1, 1010.6,-0.039,-0.069,  172,   4.0,   1.0
26-Aug-2000 19:00, 0.551,  28.4,  24.8, 1011.7,-0.045,-0.070,  255,   4.2,   2.0
26-Aug-2000 20:00, 0.494,  28.4,  24.8, 1011.9,-0.009,-0.024,  183,   2.9,   1.6
26-Aug-2000 21:00, 0.442,  28.4,  27.8, 1012.4, 0.037, 0.024,  221,   2.7,   0.0
26-Aug-2000 22:00, 0.339,  28.5,  27.8, 1013.0, 0.034, 0.026,    5,   2.5,   1.9
26-Aug-2000 23:00, 0.226,  28.6,  28.2, 1013.3, 0.003, 0.001,  317,   2.4,   1.6
27-Aug-2000 00:00, 0.177,  28.7,  28.3, 1012.7,-0.009,-0.009,  319,   2.0,   1.4
27-Aug-2000 01:00, 0.171,  28.8,  28.5, 1011.9,-0.030,-0.036,  319,   3.1,   2.6
27-Aug-2000 02:00, 0.252,  28.8,  28.8, 1011.1,-0.008,-0.022,  321,   3.9,   3.4
27-Aug-2000 03:00, 0.345,  28.5,  29.4, 1010.2,-0.001,-0.023,  300,   3.8,   3.1
27-Aug-2000 04:00, 0.449,  29.3,  29.6, 1009.7,-0.003,-0.034,  311,   3.9,   3.1
27-Aug-2000 05:00, 0.584,  29.2,  29.9, 1009.6, 0.018,-0.018,  344,   3.5,   2.4
27-Aug-2000 06:00, 0.674,  28.9,  29.2, 1009.9, 0.016,-0.020,   56,   3.9,   3.0
27-Aug-2000 07:00, 0.718,  28.9,  28.8, 1010.4,-0.010,-0.043,   39,   3.7,   2.1
27-Aug-2000 08:00, 0.782,  28.5,  28.4, 1011.3, 0.004,-0.023,  213,   2.3,   0.7
27-Aug-2000 09:00, 0.837,  28.9,  27.3, 1012.2, 0.023, 0.004,  175,   2.6,   1.3
27-Aug-2000 10:00, 0.850,  28.8,  26.8, 1013.2, 0.018, 0.009,  195,   3.2,   2.2
27-Aug-2000 11:00, 0.839,  28.8,  26.2, 1013.4, 0.003, 0.002,  196,   4.1,   3.0
27-Aug-2000 12:00, 0.837,  28.7,  26.0, 1013.5,-0.002,-0.001,  186,   4.2,   2.4
27-Aug-2000 13:00, 0.842,  28.7,  25.5, 1013.2,-0.010,-0.008,  190,   4.0,   2.2
27-Aug-2000 14:00, 0.871,  28.6,  25.4, 1012.4, 0.000,-0.001,  188,   3.6,   2.3
27-Aug-2000 15:00, 0.897,  28.6,  24.6, 1011.5, 0.020, 0.011,  193,   4.4,   2.8
27-Aug-2000 16:00, 0.880,  28.4,  24.4, 1011.3, 0.019, 0.002,  190,   4.6,   2.9
27-Aug-2000 17:00, 0.845,  28.5,  24.0, 1011.2, 0.019,-0.001,  190,   5.2,   3.8
27-Aug-2000 18:00, 0.749,  28.5,  23.5, 1011.5,-0.010,-0.030,  183,   5.9,   3.6
27-Aug-2000 19:00, 0.605,  28.4,  22.9, 1011.9,-0.060,-0.078,  182,   5.8,   3.5
27-Aug-2000 20:00, 0.512,  28.3,  23.1, 1012.8,-0.053,-0.066,  189,   5.9,   4.1
27-Aug-2000 21:00, 0.443,  28.3,  24.6, 1013.6,-0.022,-0.025,  183,   5.4,   3.5
27-Aug-2000 22:00, 0.387,  28.3,  27.6, 1014.1, 0.024, 0.029,  175,   5.1,   1.9
27-Aug-2000 23:00, 0.292,  28.4,  28.2, 1013.9, 0.027, 0.036,   34,   3.2,   2.7
28-Aug-2000 00:00, 0.179,  28.5,  28.0, 1013.4,-0.019,-0.013,   28,   4.0,   3.3
28-Aug-2000 01:00, 0.155,  28.6,  27.9, 1012.2,-0.030,-0.030,   34,   4.8,   3.6
28-Aug-2000 02:00, 0.193,  28.8,  28.0, 1011.2,-0.035,-0.046,   38,   4.2,   3.4
28-Aug-2000 03:00, 0.288,  28.9,  28.0, 1010.2,-0.020,-0.041,   35,   4.5,   3.4
28-Aug-2000 04:00, 0.383,  29.1,  28.7, 1009.3,-0.021,-0.052,   47,   4.1,   2.8
28-Aug-2000 05:00, 0.503,  29.0,  28.8, 1009.1,-0.015,-0.054,   32,   4.8,   2.7
28-Aug-2000 06:00, 0.650,  29.1,  28.9, 1009.2, 0.027,-0.014,   35,   3.7,   2.2
28-Aug-2000 07:00, 0.692,  28.8,  29.0, 1009.5,-0.002,-0.042,   58,   4.5,   2.7
28-Aug-2000 08:00, 0.683,  29.1,  27.6, 1010.3,-0.056,-0.092,  209,   3.6,   2.2
28-Aug-2000 09:00, 0.731,  28.8,  26.5, 1011.2,-0.042,-0.070,  215,   2.4,   0.7
28-Aug-2000 10:00, 0.812,  28.8,  26.0, 1011.7, 0.016,-0.003,  201,   3.4,   2.0
28-Aug-2000 11:00, 0.854,  28.9,  25.4, 1011.7, 0.048, 0.033,  200,   3.0,   2.0
28-Aug-2000 12:00, 0.825,  28.9,  25.3, 1012.1, 0.016, 0.001,  190,   3.7,   2.6
28-Aug-2000 13:00, 0.807,  28.8,  24.6, 1012.0,-0.013,-0.025,  199,   3.7,   2.5
28-Aug-2000 14:00, 0.824,  28.8,  24.7, 1011.4,-0.021,-0.034,  183,   4.2,   2.0
28-Aug-2000 15:00, 0.853,  28.9,  24.1, 1010.9,-0.021,-0.040,  195,   3.8,   2.3
28-Aug-2000 16:00, 0.864,  28.9,  24.1, 1010.5,-0.016,-0.039,  186,   5.4,   3.9
28-Aug-2000 17:00, 0.862,  28.8,  23.6, 1010.5, 0.001,-0.026,  176,   5.3,   2.5
28-Aug-2000 18:00, 0.854,  28.6,  23.5, 1010.5, 0.036, 0.008,  186,   5.3,   3.2
28-Aug-2000 19:00, 0.761,  28.6,  23.4, 1011.1, 0.026,-0.001,  186,   5.6,   3.0
28-Aug-2000 20:00, 0.573,  28.6,  23.6, 1012.0,-0.056,-0.076,  189,   5.8,   3.9
28-Aug-2000 21:00, 0.460,  28.5,  24.9, 1012.6,-0.066,-0.078,  182,   5.6,   3.9
28-Aug-2000 22:00, 0.422,  28.4,  28.4, 1013.1,-0.008,-0.013,  159,   5.2,   1.0
28-Aug-2000 23:00, 0.379,  28.5,  28.1, 1013.0, 0.045, 0.044,   17,   2.7,   2.3
29-Aug-2000 00:00, 0.310,  28.5,  28.0, 1012.5, 0.057, 0.055,    9,   3.4,   2.5
29-Aug-2000 01:00, 0.228,  28.8,  28.0, 1011.6, 0.015, 0.006,   15,   3.8,   3.0
29-Aug-2000 02:00, 0.223,  29.0,  28.2, 1010.7,-0.007,-0.024,   28,   4.1,   3.1
29-Aug-2000 03:00, 0.280,  29.2,  28.4, 1009.4,-0.017,-0.044,  318,   3.1,   1.4
29-Aug-2000 04:00, 0.370,  29.2,  28.6, 1008.6,-0.015,-0.054,  299,   2.6,   2.2
29-Aug-2000 05:00, 0.487,  29.0,  28.8, 1008.2, 0.003,-0.044,  350,   3.0,   1.6
29-Aug-2000 06:00, 0.622,  29.3,  29.0, 1008.6, 0.031,-0.019,  355,   3.0,   1.8
29-Aug-2000 07:00, 0.761,  29.4,  29.0, 1009.1, 0.091, 0.045,   43,   2.1,   0.8
29-Aug-2000 08:00, 0.752,  28.8,  27.6, 1009.7, 0.042, 0.002,  186,   1.9,   1.5
29-Aug-2000 09:00, 0.726,  29.0,  26.5, 1010.1,-0.003,-0.038,  193,   2.9,   1.4
29-Aug-2000 10:00, 0.772,  29.0,  25.9, 1010.6, 0.025,-0.006,  194,   3.4,   2.0
29-Aug-2000 11:00, 0.838,  29.0,  26.2, 1011.0, 0.078, 0.052,  187,   3.9,   2.4
29-Aug-2000 12:00, 0.860,  28.9,  25.6, 1011.0, 0.093, 0.071,  184,   3.6,   2.2
29-Aug-2000 13:00, 0.823,  28.8,  25.6, 1010.7, 0.047, 0.024,  193,   3.5,   1.8
29-Aug-2000 14:00, 0.826,  28.8,  25.3, 1010.4, 0.028, 0.002,  188,   4.0,   2.6
29-Aug-2000 15:00, 0.845,  28.8,  25.1, 1009.6, 0.010,-0.019,  197,   4.2,   2.1
29-Aug-2000 16:00, 0.861,  28.7,  25.1, 1009.3,-0.003,-0.041,  194,   4.2,   2.4
29-Aug-2000 17:00, 0.893,  28.7,  25.1, 1009.8, 0.029,-0.009,  187,   3.7,   2.3
29-Aug-2000 18:00, 0.924,  28.7,  25.2, 1010.0, 0.083, 0.048,  189,   4.3,   2.8
29-Aug-2000 19:00, 0.872,  28.6,  25.1, 1010.9, 0.087, 0.056,  184,   4.2,   3.0
29-Aug-2000 20:00, 0.738,  28.5,  25.7, 1011.6, 0.051, 0.029,  189,   4.0,   1.6
29-Aug-2000 21:00, 0.563,  28.4,  27.3, 1012.1,-0.016,-0.032,  296,   3.2,   1.6
29-Aug-2000 22:00, 0.493,  28.5,  27.7, 1012.3, 0.007,-0.004,  343,   3.2,   2.6
29-Aug-2000 23:00, 0.495,  28.5,  28.2, 1012.2, 0.091, 0.082,  360,   3.5,   3.2
30-Aug-2000 00:00, 0.413,  28.6,  28.2, 1011.6, 0.085, 0.074,   10,   4.2,   3.7
30-Aug-2000 01:00, 0.291,  28.7,  28.2, 1011.0, 0.015,-0.002,  347,   4.6,   4.0
30-Aug-2000 02:00, 0.304,  28.9,  28.3, 1010.1, 0.034, 0.010,  344,   4.9,   3.9
30-Aug-2000 03:00, 0.323,  29.0,  28.5, 1009.3, 0.007,-0.025,  332,   4.3,   3.2
30-Aug-2000 04:00, 0.399,  29.1,  28.7, 1008.9, 0.002,-0.038,    7,   4.2,   2.0
30-Aug-2000 05:00, 0.504,  28.4,  28.6, 1009.1, 0.021,-0.022,   18,   3.4,   1.3
30-Aug-2000 06:00, 0.619,  28.9,  28.5, 1009.5, 0.044, 0.003,   67,   2.3,   1.7
30-Aug-2000 07:00, 0.735,  28.7,  28.4, 1010.2, 0.075, 0.038,   10,   2.3,   0.9
30-Aug-2000 08:00, 0.763,  28.6,  28.3, 1010.8, 0.062, 0.032,  117,   1.6,   0.2
30-Aug-2000 09:00, 0.691,  28.7,  26.7, 1011.4,-0.013,-0.037,  197,   2.9,   1.3
30-Aug-2000 10:00, 0.728,  28.5,  26.3, 1011.7, 0.027, 0.008,  196,   4.5,   2.3
30-Aug-2000 11:00, 0.812,  28.6,  25.9, 1012.2, 0.104, 0.089,  177,   4.1,   1.9
30-Aug-2000 12:00, 0.752,  28.7,  25.9, 1012.2, 0.037, 0.027,  193,   3.9,   2.3
30-Aug-2000 13:00, 0.710,  28.6,  25.5, 1011.9,-0.012,-0.023,  188,   4.0,   2.3
30-Aug-2000 14:00, 0.765,  28.6,  25.4, 1011.1, 0.026, 0.012,  190,   4.3,   2.5
30-Aug-2000 15:00, 0.784,  28.6,  24.9, 1010.5, 0.011,-0.011,  182,   4.4,   2.6
30-Aug-2000 16:00, 0.827,  28.6,  24.5, 1010.5, 0.013,-0.015,  187,   3.8,   2.0
30-Aug-2000 17:00, 0.854,  28.6,  24.4, 1010.3, 0.018,-0.010,  175,   3.8,   2.2
30-Aug-2000 18:00, 0.889,  28.5,  24.3, 1010.3, 0.062, 0.032,  185,   4.5,   2.8
30-Aug-2000 19:00, 0.859,  28.5,  24.4, 1010.5, 0.062, 0.033,  193,   4.6,   1.9
30-Aug-2000 20:00, 0.770,  28.3,  24.6, 1011.2, 0.045, 0.018,  197,   4.4,   2.5
30-Aug-2000 21:00, 0.576,  28.3,  25.6, 1012.0,-0.047,-0.066,  201,   4.5,   2.4
30-Aug-2000 22:00, 0.511,  28.3,  26.9, 1012.2,-0.013,-0.025,  170,   4.1,   1.8
30-Aug-2000 23:00, 0.539,  28.4,  28.3, 1011.9, 0.088, 0.078,  217,   2.9,   0.6
31-Aug-2000 00:00, 0.464,  28.5,  27.8, 1011.5, 0.070, 0.056,  341,   3.6,   3.0
31-Aug-2000 01:00, 0.332,  28.7,  28.1, 1010.8,-0.018,-0.036,    4,   4.0,   3.0
31-Aug-2000 02:00, 0.346,  28.6,  28.2, 1010.0, 0.009,-0.016,  355,   3.4,   2.9
31-Aug-2000 03:00, 0.366,  28.7,  28.2, 1009.6, 0.002,-0.031,  341,   4.4,   3.0
31-Aug-2000 04:00, 0.434,  28.7,  28.4, 1009.0, 0.001,-0.036,  308,   3.2,   2.8
31-Aug-2000 05:00, 0.535,  28.8,  28.6, 1008.8, 0.020,-0.023,  298,   3.9,   3.1
31-Aug-2000 06:00, 0.615,  28.8,  28.7, 1009.2, 0.024,-0.020,  281,   4.4,   2.8
31-Aug-2000 07:00, 0.698,  28.8,  27.4, 1010.0, 0.033,-0.006,  206,   5.1,   1.6
31-Aug-2000 08:00, 0.761,  28.6,  26.7, 1010.5, 0.049, 0.017,  187,   3.8,   2.6
31-Aug-2000 09:00, 0.655,  28.4,  26.5, 1011.2,-0.055,-0.082,  190,   4.8,   2.7
31-Aug-2000 10:00, 0.634,  28.5,  26.0, 1011.7,-0.048,-0.068,  186,   4.6,   3.0
31-Aug-2000 11:00, 0.699,  28.4,  25.7, 1011.8, 0.037, 0.021,  183,   4.5,   2.9
31-Aug-2000 12:00, 0.736,  28.5,  25.3, 1012.1, 0.074, 0.060,  188,   4.2,   3.1
31-Aug-2000 13:00, 0.713,  28.6,  25.0, 1011.7, 0.046, 0.034,  184,   4.9,   3.2
31-Aug-2000 14:00, 0.681,  28.5,  24.9, 1011.4, 0.004,-0.012,  195,   4.8,   2.4
31-Aug-2000 15:00, 0.690,  28.6,  24.4, 1011.1,-0.012,-0.031,  178,   4.7,   2.6
31-Aug-2000 16:00, 0.710,  28.6,  24.4, 1011.1,-0.031,-0.052,  175,   5.1,   2.7
31-Aug-2000 17:00, 0.769,  28.7,  23.9, 1010.9,-0.010,-0.031,  192,   4.0,   2.3
31-Aug-2000 18:00, 0.803,  28.7,  23.7, 1011.1, 0.015,-0.008,  184,   4.7,   2.8
31-Aug-2000 19:00, 0.793,  28.6,  23.6, 1011.6, 0.023, 0.002,  167,   4.4,   2.3
31-Aug-2000 20:00, 0.790,  28.6,  23.9, 1012.0, 0.063, 0.047,  189,   5.0,   3.0
31-Aug-2000 21:00, 0.663,  28.5,  25.5, 1012.5, 0.017, 0.005,  182,   5.3,   3.5
31-Aug-2000 22:00, 0.522,  28.5,  28.5, 1013.1,-0.027,-0.034,   43,   4.1,   1.0
31-Aug-2000 23:00, 0.498,  28.4,  28.8, 1013.0, 0.024, 0.023,   76,   4.9,   3.3
01-Sep-2000 00:00, 0.501,  28.6,  28.6, 1012.4, 0.070, 0.067,    7,   3.7,   2.2
01-Sep-2000 01:00, 0.485,  28.8,  29.4, 1011.7, 0.075, 0.066,   55,   5.2,   4.4
01-Sep-2000 02:00, 0.403,  28.8,  29.0, 1011.0,-0.003,-0.019,   50,   6.2,   4.6
01-Sep-2000 03:00, 0.415,  29.1,  28.6, 1010.1,-0.014,-0.037,   43,   6.1,   4.9
01-Sep-2000 04:00, 0.480,  29.1,  29.2, 1010.0,-0.004,-0.036,   40,   5.2,   2.6
01-Sep-2000 05:00, 0.559,  29.2,  29.9, 1010.3,-0.004,-0.036,  269,   3.1,   1.3
01-Sep-2000 06:00, 0.658,  29.1,  29.8, 1010.5, 0.023,-0.006,  265,   4.2,   0.8
01-Sep-2000 07:00, 0.729,  29.1,  28.6, 1010.9, 0.035, 0.008,  199,   2.4,   1.5
01-Sep-2000 08:00, 0.808,  29.0,  26.9, 1011.4, 0.072, 0.049,  192,   3.4,   2.2
01-Sep-2000 09:00, 0.774,  28.9,  26.1, 1011.6, 0.036, 0.018,  187,   4.6,   3.7
01-Sep-2000 10:00, 0.674,  28.7,  25.9, 1012.1,-0.025,-0.040,  195,   5.0,   3.4
01-Sep-2000 11:00, 0.659,  28.6,  25.4, 1012.3, 0.012, 0.000,  182,   4.7,   2.7
01-Sep-2000 12:00, 0.659,  28.7,  25.0, 1012.2, 0.039, 0.029,  186,   5.4,   3.4
01-Sep-2000 13:00, 0.689,  28.8,  24.6, 1012.1, 0.073, 0.063,  181,   5.1,   3.7
01-Sep-2000 14:00, 0.648,  28.7,  24.2, 1011.8, 0.027, 0.015,  176,   5.1,   0.2
01-Sep-2000 15:00, 0.641,  28.6,  24.1, 1011.0, 0.005,-0.011,  199,   5.1,   2.5
01-Sep-2000 16:00, 0.657,  28.7,  23.8, 1010.8,-0.006,-0.029,  191,   4.8,   3.2
01-Sep-2000 17:00, 0.702,  28.8,  23.6, 1010.4,-0.001,-0.025,  192,   4.8,   3.0
01-Sep-2000 18:00, 0.770,  28.8,  23.6, 1010.4, 0.042, 0.014,  194,   5.2,   2.8
01-Sep-2000 19:00, 0.782,  28.8,  23.4, 1011.1, 0.060, 0.033,  184,   5.4,   3.4
01-Sep-2000 20:00, 0.752,  28.7,  24.0, 1011.7, 0.059, 0.038,  184,   4.5,   3.1
01-Sep-2000 21:00, 0.700,  28.7,  25.8, 1012.3, 0.062, 0.047,  186,   4.4,   2.3
01-Sep-2000 22:00, 0.566,  28.7,  27.5, 1013.2, 0.006,-0.002,  321,   3.2,   1.3
01-Sep-2000 23:00, 0.450,  28.7,  27.6, 1013.4,-0.033,-0.033,   24,   2.4,   1.9
02-Sep-2000 00:00, 0.442,  28.7,  27.3, 1013.0, 0.002, 0.003,   40,   3.8,   1.8
02-Sep-2000 01:00, 0.510,  28.7,  27.9, 1012.4, 0.073, 0.070,   31,   2.2,   1.6
02-Sep-2000 02:00, 0.527,  28.8,  27.8, 1011.9, 0.072, 0.063,  358,   2.7,   2.2
02-Sep-2000 03:00, 0.505,  29.0,  27.3, 1011.8, 0.015, 0.001,   64,   7.7,   4.9
02-Sep-2000 04:00, 0.544,  29.0,  27.9, 1011.3, 0.002,-0.012,   70,   5.6,   2.5
02-Sep-2000 05:00, 0.617,  28.9,  28.6, 1010.4, 0.003,-0.018,   97,   4.2,   2.8
02-Sep-2000 06:00, 0.692,  29.0,  28.0, 1011.0, 0.004,-0.024,   95,   4.5,   3.0
02-Sep-2000 07:00, 0.750,  28.6,  27.0, 1011.5, 0.010,-0.013,  122,   5.6,   2.7
02-Sep-2000 08:00, 0.805,  28.8,  26.2, 1011.8, 0.033, 0.017,  146,   3.6,   1.6
02-Sep-2000 09:00, 0.847,  28.7,  25.6, 1011.9, 0.073, 0.058,  267,   2.9,   0.5
02-Sep-2000 10:00, 0.744,  28.7,  26.0, 1013.0, 0.010,-0.002,  117,   2.0,   1.5
02-Sep-2000 11:00, 0.646,  28.6,  24.9, 1013.0,-0.024,-0.026,  182,   3.7,   2.3
02-Sep-2000 12:00, 0.601,  28.6,  24.8, 1013.2,-0.008,-0.010,  184,   3.5,   1.7
02-Sep-2000 13:00, 0.600,  28.7,  24.4, 1012.9, 0.021, 0.020,  183,   2.9,   1.5
02-Sep-2000 14:00, 0.657,  28.6,  24.1, 1012.3, 0.081, 0.077,  182,   4.6,   2.9
02-Sep-2000 15:00, 0.631,  28.6,  23.8, 1011.7, 0.047, 0.037,  179,   4.4,   2.8
02-Sep-2000 16:00, 0.595,  28.6,  23.8, 1011.4,-0.004,-0.020,  184,   4.7,   3.3
02-Sep-2000 17:00, 0.608,  28.6,  23.8, 1011.3,-0.017,-0.036,  181,   5.0,   3.3
02-Sep-2000 18:00, 0.651,  28.6,  23.5, 1011.3,-0.003,-0.023,  188,   4.6,   2.8
02-Sep-2000 19:00, 0.693,  28.6,  23.6, 1011.9, 0.031, 0.012,  189,   3.9,   2.5
02-Sep-2000 20:00, 0.681,  28.5,  24.0, 1012.4, 0.038, 0.025,  184,   4.8,   3.2
02-Sep-2000 21:00, 0.651,  28.6,  26.8, 1012.8, 0.047, 0.039,  177,   4.5,   0.7
02-Sep-2000 22:00, 0.593,  28.6,  28.6, 1013.1, 0.047, 0.043,   94,   2.8,   1.8
02-Sep-2000 23:00, 0.467,  28.5,  28.7, 1013.3,-0.016,-0.017,   36,   5.6,   2.2
03-Sep-2000 00:00, 0.409,  28.9,  28.3, 1012.7,-0.031,-0.031,   13,   3.4,   2.0
03-Sep-2000 01:00, 0.426,  28.9,  28.1, 1012.2,-0.011,-0.017,   15,   3.8,   3.0
03-Sep-2000 02:00, 0.524,  29.0,  28.1, 1011.6, 0.052, 0.041,   35,   5.4,   4.0
03-Sep-2000 03:00, 0.586,  29.1,  28.2, 1010.9, 0.059, 0.042,   34,   5.2,   3.5
03-Sep-2000 04:00, 0.594,  29.1,  28.4, 1010.3, 0.004,-0.020,   29,   4.0,   2.9
03-Sep-2000 05:00, 0.644,  29.2,  29.0, 1010.1,-0.015,-0.045,  347,   4.0,   2.3
03-Sep-2000 06:00, 0.694,  29.1,  28.7, 1010.7,-0.037,-0.068,    2,   3.9,   1.0
03-Sep-2000 07:00, 0.775,  29.1,  27.8, 1011.6,-0.012,-0.037,  173,   3.1,   2.2
03-Sep-2000 08:00, 0.832,  29.0,  27.0, 1012.1, 0.019, 0.003,  154,   5.8,   3.5
03-Sep-2000 09:00, 0.831,  28.8,  26.1, 1012.7, 0.020, 0.009,  184,   5.4,   3.4
03-Sep-2000 10:00, 0.781,  28.9,  25.8, 1012.9, 0.005, 0.000,  192,   6.1,   3.1
03-Sep-2000 11:00, 0.679,  28.8,  24.9, 1012.9,-0.031,-0.035,  187,   6.0,   3.4
03-Sep-2000 12:00, 0.591,  28.8,  24.7, 1013.0,-0.044,-0.047,  194,   5.6,   0.8
03-Sep-2000 13:00, 0.531,  28.7,  24.4, 1012.7,-0.044,-0.046,  188,   4.2,   2.1
03-Sep-2000 14:00, 0.517,  28.7,  24.3, 1012.3,-0.032,-0.038,  185,   4.1,   2.8
03-Sep-2000 15:00, 0.576,  28.7,  24.1, 1011.9, 0.030, 0.020,  193,   4.6,   2.8
03-Sep-2000 16:00, 0.590,  28.7,  23.8, 1011.5, 0.037, 0.023,  184,   5.0,   3.8
03-Sep-2000 17:00, 0.579,  28.7,  23.5, 1011.4, 0.012,-0.005,  188,   4.3,   2.5
03-Sep-2000 18:00, 0.557,  28.6,  23.6, 1011.4,-0.028,-0.047,  189,   5.1,   3.4
03-Sep-2000 19:00, 0.559,  28.6,  23.2, 1012.0,-0.038,-0.057,  188,   4.4,   3.2
03-Sep-2000 20:00, 0.559,  28.6,  23.6, 1013.3,-0.029,-0.039,  181,   5.1,   3.0
03-Sep-2000 21:00, 0.549,  28.6,  24.0, 1013.1,-0.009,-0.009,  184,   5.6,   3.8
03-Sep-2000 22:00, 0.513,  28.6,  27.4, 1013.4,-0.003,-0.004,  177,   4.6,   1.0
03-Sep-2000 23:00, 0.456,  28.6,  27.8, 1013.4,-0.012,-0.011,   63,   3.8,   2.6
04-Sep-2000 00:00, 0.418,  28.6,  27.6, 1012.6,-0.015,-0.014,  109,   5.5,   2.6
04-Sep-2000 01:00, 0.413,  28.7,  27.4, 1011.7,-0.016,-0.023,   36,   3.7,   2.9
04-Sep-2000 02:00, 0.434,  28.7,  27.3, 1010.5,-0.031,-0.048,   38,   5.1,   4.4
04-Sep-2000 03:00, 0.530,  28.8,  27.7, 1010.0,-0.004,-0.032,   51,   4.4,   2.4
04-Sep-2000 04:00, 0.651,  28.9,  27.5, 1009.3, 0.037, 0.004,  358,   4.0,   1.4
04-Sep-2000 05:00, 0.708,  29.0,  28.0, 1009.1, 0.018,-0.022,  349,   2.2,   0.3
04-Sep-2000 06:00, 0.756,  29.0,  28.1, 1009.1,-0.004,-0.045,  110,   4.7,   3.1
04-Sep-2000 07:00, 0.792,  29.0,  27.9, 1009.5,-0.024,-0.065,  174,   4.4,   1.9
04-Sep-2000 08:00, 0.822,  28.7,  26.6, 1010.2,-0.024,-0.060,  157,   5.0,   2.2
04-Sep-2000 09:00, 0.868,  28.9,  26.7, 1010.7, 0.024,-0.006,  238,   2.9,   0.8
04-Sep-2000 10:00, 0.849,  28.8,  26.6, 1010.9, 0.038, 0.012,  227,   2.1,   0.9
04-Sep-2000 11:00, 0.773,  28.8,  26.1, 1011.5, 0.021,-0.002,  177,   2.6,   0.5
04-Sep-2000 12:00, 0.688,  28.8,  25.3, 1011.9, 0.011,-0.006,  181,   3.8,   1.6
04-Sep-2000 13:00, 0.610,  28.8,  24.7, 1011.7, 0.005,-0.008,  182,   2.5,   1.7
04-Sep-2000 14:00, 0.532,  28.8,  24.6, 1011.1,-0.021,-0.037,  193,   3.0,   2.2
04-Sep-2000 15:00, 0.515,  28.8,  24.3, 1010.5,-0.015,-0.037,  182,   3.0,   2.0
04-Sep-2000 16:00, 0.543,  28.7,  24.0, 1010.2, 0.016,-0.012,  187,   3.5,   2.4
04-Sep-2000 17:00, 0.566,  28.7,  24.0, 1010.3, 0.036, 0.007,  195,   4.1,   1.7
04-Sep-2000 18:00, 0.565,  28.7,  24.0, 1010.3, 0.030, 0.000,  185,   4.1,   2.9
04-Sep-2000 19:00, 0.555,  28.7,  23.8, 1011.1, 0.016,-0.013,  184,   5.0,   3.7
04-Sep-2000 20:00, 0.546,  28.7,  24.4, 1011.7, 0.014,-0.007,  186,   4.5,   3.4
04-Sep-2000 21:00, 0.522,  28.7,  25.9, 1012.2, 0.013,-0.002,  179,   4.3,   2.0
04-Sep-2000 22:00, 0.505,  28.7,  27.8, 1012.6, 0.028, 0.018,   11,   2.9,   1.9
04-Sep-2000 23:00, 0.469,  28.8,  27.7, 1012.6, 0.026, 0.020,  359,   2.6,   1.6
05-Sep-2000 00:00, 0.438,  29.1,  27.9, 1012.0, 0.018, 0.011,   18,   2.9,   2.7
05-Sep-2000 01:00, 0.446,  29.1,  28.0, 1011.1, 0.025, 0.012,   24,   3.9,   3.5
05-Sep-2000 02:00, 0.475,  29.1,  28.5, 1010.6, 0.020,-0.002,  351,   3.9,   2.8
05-Sep-2000 03:00, 0.526,  29.2,  28.6, 1010.0, 0.002,-0.025,  336,   3.4,   2.6
05-Sep-2000 04:00, 0.636,  29.4,  28.9, 1009.4, 0.025,-0.008,  350,   3.1,   2.3
05-Sep-2000 05:00, 0.732,  29.4,  29.0, 1009.4, 0.034,-0.005,  324,   3.7,   2.5
05-Sep-2000 06:00, 0.794,  29.5,  29.1, 1009.7, 0.021,-0.017,  306,   3.0,   2.4
05-Sep-2000 07:00, 0.843,  29.0,  28.9, 1010.3, 0.015,-0.020,  298,   2.2,   1.2
05-Sep-2000 08:00, 0.870,  29.4,  28.0, 1011.1, 0.012,-0.017,  231,   1.9,   0.7
05-Sep-2000 09:00, 0.876,  29.1,  26.2, 1011.6, 0.015,-0.006,  185,   3.4,   2.7
05-Sep-2000 10:00, 0.875,  29.3,  25.8, 1012.0, 0.039, 0.024,  196,   3.5,   2.6
05-Sep-2000 11:00, 0.816,  29.2,  25.5, 1012.1, 0.029, 0.017,  188,   4.4,   3.1
05-Sep-2000 12:00, 0.738,  29.2,  25.4, 1012.3, 0.017, 0.006,  194,   4.5,   2.3
05-Sep-2000 13:00, 0.648,  29.1,  24.9, 1012.1,-0.004,-0.013,  193,   4.6,   2.5
05-Sep-2000 14:00, 0.566,  29.0,  24.5, 1011.5,-0.024,-0.036,  187,   4.6,   3.1
05-Sep-2000 15:00, 0.534,  29.0,  24.1, 1011.0,-0.013,-0.031,  184,   5.0,   2.7
05-Sep-2000 16:00, 0.521,  28.8,  23.9, 1010.6,-0.002,-0.025,  191,   5.1,   3.9
05-Sep-2000 17:00, 0.538,  28.8,  23.8, 1010.6, 0.026,-0.001,  182,   5.9,   4.0
05-Sep-2000 18:00, 0.539,  28.8,  24.1, 1010.9, 0.033, 0.006,  186,   5.5,   3.4
05-Sep-2000 19:00, 0.519,  28.7,  23.8, 1011.6, 0.020,-0.002,  185,   5.6,   3.7
05-Sep-2000 20:00, 0.491,  28.7,  23.9, 1012.1, 0.006,-0.010,  182,   5.6,   3.7
05-Sep-2000 21:00, 0.454,  28.7,  26.0, 1012.6,-0.009,-0.019,  186,   5.1,   2.5
05-Sep-2000 22:00, 0.448,  28.6,  28.4, 1012.7, 0.010, 0.004,  208,   4.0,   1.3
05-Sep-2000 23:00, 0.435,  28.7,  27.9, 1013.1, 0.021, 0.016,   30,   3.5,   3.2
06-Sep-2000 00:00, 0.418,  29.0,  28.0, 1012.7, 0.017, 0.015,   31,   3.7,   2.6
06-Sep-2000 01:00, 0.423,  29.1,  28.0, 1011.7, 0.013, 0.006,   35,   4.0,   3.5
06-Sep-2000 02:00, 0.462,  29.3,  28.1, 1011.2, 0.015,-0.001,   34,   4.2,   2.6
06-Sep-2000 03:00, 0.514,  29.5,  28.2, 1010.6, 0.002,-0.019,   39,   3.6,   2.9
06-Sep-2000 04:00, 0.609,  29.4,  28.4, 1010.1, 0.013,-0.014,   28,   4.0,   3.0
06-Sep-2000 05:00, 0.698,  29.6,  28.8, 1010.0, 0.013,-0.019,   35,   3.9,   2.7
06-Sep-2000 06:00, 0.763,  29.5,  29.0, 1010.3,-0.002,-0.034,   11,   3.5,   1.3
06-Sep-2000 07:00, 0.816,  29.7,  29.1, 1011.0,-0.007,-0.036,   16,   2.2,   1.2
06-Sep-2000 08:00, 0.848,  29.5,  28.8, 1011.7,-0.006,-0.028,   55,   2.3,   1.9
06-Sep-2000 09:00, 0.854,  29.3,  26.1, 1012.5,-0.005,-0.020,  183,   3.0,   1.9
06-Sep-2000 10:00, 0.845,  29.0,  25.4, 1012.8, 0.004,-0.003,  187,   2.8,   1.5
06-Sep-2000 11:00, 0.825,  28.9,  24.9, 1013.0, 0.019, 0.014,  181,   3.7,   2.4
06-Sep-2000 12:00, 0.771,  29.1,  25.0, 1013.0, 0.014, 0.012,  183,   4.2,   2.5
06-Sep-2000 13:00, 0.706,  29.1,  24.4, 1012.5, 0.006, 0.003,  180,   4.1,   2.1
06-Sep-2000 14:00, 0.630,  29.1,  24.0, 1011.9,-0.013,-0.021,  179,   4.8,   3.1
06-Sep-2000 15:00, 0.583,  29.0,  23.4, 1011.3,-0.010,-0.024,  181,   5.9,   3.7
06-Sep-2000 16:00, 0.557,  28.9,  22.8, 1011.0, 0.006,-0.013,  180,   5.7,   2.9
06-Sep-2000 17:00, 0.537,  28.8,  22.6, 1010.8, 0.017,-0.006,  186,   5.6,   4.1
06-Sep-2000 18:00, 0.526,  28.7,  22.0, 1011.1, 0.029, 0.005,  183,   6.0,   3.9
06-Sep-2000 19:00, 0.511,  28.7,  21.9, 1011.5, 0.032, 0.011,  187,   5.9,   4.0
06-Sep-2000 20:00, 0.470,  28.7,  22.3, 1012.2, 0.016,-0.001,  184,   6.2,   4.2
06-Sep-2000 21:00, 0.430,  28.6,  23.9, 1012.7, 0.004,-0.006,  177,   6.1,   3.0
06-Sep-2000 22:00, 0.410,  28.6,  27.8, 1013.1, 0.010, 0.005,  159,   5.4,   1.3
06-Sep-2000 23:00, 0.406,  28.7,  29.2, 1013.1, 0.023, 0.022,   82,   5.8,   2.8
07-Sep-2000 00:00, 0.416,  28.8,  28.3, 1012.5, 0.035, 0.033,   44,   6.1,   4.6
07-Sep-2000 01:00, 0.431,  29.0,  28.2, 1011.5, 0.033, 0.025,   35,   5.2,   3.9
07-Sep-2000 02:00, 0.458,  29.3,  28.9, 1010.9, 0.021, 0.003,   55,   6.4,   5.0
07-Sep-2000 03:00, 0.520,  29.6,  29.0, 1009.9, 0.018,-0.006,   40,   6.2,   5.1
07-Sep-2000 04:00, 0.600,  29.6,  29.4, 1009.4, 0.019,-0.015,   48,   6.9,   5.5
07-Sep-2000 05:00, 0.688,  29.4,  29.7, 1009.2, 0.024,-0.015,   59,   6.8,   5.5
07-Sep-2000 06:00, 0.768,  29.4,  29.8, 1009.6, 0.027,-0.013,   57,   7.0,   5.1
07-Sep-2000 07:00, 0.836,  29.3,  29.7, 1010.4, 0.033,-0.003,   68,   5.8,   2.8
07-Sep-2000 08:00, 0.866,  29.3,  27.7, 1011.3, 0.028, 0.001,  199,   3.8,   2.0
07-Sep-2000 09:00, 0.864,  29.3,  26.7, 1011.8, 0.020, 0.001,  197,   3.7,   2.1
07-Sep-2000 10:00, 0.861,  29.3,  26.4, 1012.4, 0.030, 0.016,  189,   4.4,   2.8
07-Sep-2000 11:00, 0.842,  29.2,  25.6, 1012.4, 0.034, 0.026,  188,   4.9,   3.2
07-Sep-2000 12:00, 0.815,  29.2,  25.4, 1012.4, 0.036, 0.028,  185,   4.9,   3.3
07-Sep-2000 13:00, 0.770,  29.2,  24.8, 1011.9, 0.029, 0.020,  194,   5.1,   2.9
07-Sep-2000 14:00, 0.722,  29.1,  24.2, 1011.2, 0.023, 0.009,  185,   5.0,   3.5
07-Sep-2000 15:00, 0.675,  29.1,  24.1, 1011.3, 0.022, 0.002,  191,   5.2,   3.4
07-Sep-2000 16:00, 0.630,  29.0,  23.9, 1010.6, 0.025, 0.005,  189,   5.9,   4.3
07-Sep-2000 17:00, 0.582,  29.0,  23.5, 1010.2, 0.027, 0.000,  181,   6.6,   3.6
07-Sep-2000 18:00, 0.548,  29.0,  23.6, 1010.5, 0.037, 0.006,  184,   6.0,   3.8
07-Sep-2000 19:00, 0.519,  28.9,  23.8, 1011.3, 0.044, 0.017,  184,   6.3,   3.9
07-Sep-2000 20:00, 0.489,  28.8,  24.5, 1012.1, 0.048, 0.030,  190,   6.1,   3.7
07-Sep-2000 21:00, 0.440,  28.8,  26.2, 1012.5, 0.037, 0.027,  187,   5.6,   2.5
07-Sep-2000 22:00, 0.400,  28.9,  27.2, 1012.8, 0.029, 0.022,  321,   4.4,   1.4
07-Sep-2000 23:00, 0.380,  29.0,  27.9, 1013.2, 0.026, 0.022,    4,   3.1,   1.7
08-Sep-2000 00:00, 0.395,  29.1,  27.9, 1012.5, 0.036, 0.035,  329,   2.7,   1.4
08-Sep-2000 01:00, 0.430,  29.2,  28.1, 1011.7, 0.045, 0.037,  301,   3.1,   1.9
08-Sep-2000 02:00, 0.473,  29.7,  29.6, 1011.0, 0.046, 0.030,   62,   9.1,   5.8
08-Sep-2000 03:00, 0.542,  29.6,  28.6, 1010.3, 0.050, 0.027,   59,  10.2,   8.6
08-Sep-2000 04:00, 0.609,  29.6,  27.9, 1009.9, 0.040, 0.010,   41,   8.2,   3.9
08-Sep-2000 05:00, 0.683,  29.4,  29.0, 1009.8, 0.037, 0.003,   63,   8.3,   6.3
08-Sep-2000 06:00, 0.774,  29.6,  29.9, 1009.7, 0.061, 0.026,  113,   9.3,   4.5
08-Sep-2000 07:00, 0.830,  29.4,  29.2, 1010.6, 0.060, 0.026,  106,   8.3,   4.3
08-Sep-2000 08:00, 0.869,  29.4,  28.3, 1011.2, 0.060, 0.034,  132,   5.3,   1.5
08-Sep-2000 09:00, 0.882,  29.4,  27.2, 1012.2, 0.060, 0.041,  184,   3.0,   1.5
08-Sep-2000 10:00, 0.866,  29.4,  26.2, 1012.5, 0.054, 0.044,  176,   3.2,   1.7
08-Sep-2000 11:00, 0.856,  29.2,  26.2, 1012.5, 0.060, 0.053,  182,   4.1,   2.4
08-Sep-2000 12:00, 0.834,  29.3,  25.7, 1012.3, 0.053, 0.045,  187,   5.0,   3.7
08-Sep-2000 13:00, 0.812,  29.2,  25.4, 1012.0, 0.043, 0.033,  179,   4.8,   2.9
08-Sep-2000 14:00, 0.795,  29.2,  25.1, 1011.4, 0.049, 0.036,  183,   5.5,   3.1
08-Sep-2000 15:00, 0.766,  29.1,  24.2, 1010.8, 0.053, 0.034,  181,   5.8,   3.8
08-Sep-2000 16:00, 0.717,  29.1,  24.1, 1010.7, 0.047, 0.022,  186,   5.7,   3.3
08-Sep-2000 17:00, 0.660,  29.0,  23.7, 1010.4, 0.046, 0.020,  189,   5.9,   3.9
08-Sep-2000 18:00, 0.593,  29.0,  23.9, 1010.8, 0.042, 0.014,  181,   6.0,   3.5
08-Sep-2000 19:00, 0.539,  29.0,  23.7, 1011.5, 0.047, 0.024,  179,   6.2,   4.0
08-Sep-2000 20:00, 0.480,  28.9,  24.1, 1011.7, 0.037, 0.019,  185,   5.7,   4.0
08-Sep-2000 21:00, 0.435,  28.9,  25.8, 1012.4, 0.039, 0.025,  188,   5.8,   3.7
08-Sep-2000 22:00, 0.390,  28.9,  28.7, 1012.3, 0.036, 0.027,  194,   4.7,   1.5
08-Sep-2000 23:00, 0.362,  29.0,  28.4, 1013.2, 0.031, 0.023,   19,   3.0,   2.2
09-Sep-2000 00:00, 0.364,  29.0,  28.2, 1012.8, 0.028, 0.027,   31,   3.4,   1.7
09-Sep-2000 01:00, 0.392,  29.0,  28.9, 1011.7, 0.023, 0.018,   77,   5.1,   3.2
09-Sep-2000 02:00, 0.453,  29.1,  28.2, 1010.9, 0.034, 0.019,   94,   6.6,   4.1
09-Sep-2000 03:00, 0.524,  29.1,  27.4, 1009.5, 0.042, 0.017,   58,   4.5,   2.8
09-Sep-2000 04:00, 0.596,  29.1,  27.9, 1009.6, 0.037, 0.000,   68,   7.4,   4.2
09-Sep-2000 05:00, 0.676,  29.1,  27.6, 1009.4, 0.043, 0.007,  144,   7.0,   3.0
09-Sep-2000 06:00, 0.739,  29.0,  27.9, 1009.6, 0.048, 0.010,   56,   3.7,   2.0
09-Sep-2000 07:00, 0.798,  29.0,  27.3, 1010.4, 0.061, 0.026,   89,   3.6,   2.4
09-Sep-2000 08:00, 0.832,  29.0,  26.7, 1011.3, 0.060, 0.033,  108,   3.5,   2.1
09-Sep-2000 09:00, 0.853,  29.0,  26.1, 1011.4, 0.063, 0.043,  165,   3.1,   1.0
09-Sep-2000 10:00, 0.831,  28.9,  25.5, 1011.8, 0.043, 0.025,  158,   2.3,   1.5
09-Sep-2000 11:00, 0.817,  28.9,  25.6, 1011.8, 0.041, 0.026,  177,   2.5,   1.7
09-Sep-2000 12:00, 0.811,  28.9,  25.2, 1011.4, 0.040, 0.025,  198,   2.8,   1.9
09-Sep-2000 13:00, 0.804,  29.0,  25.1, 1010.8, 0.028, 0.008,  190,   4.3,   3.2
09-Sep-2000 14:00, 0.814,  28.9,  24.9, 1010.3, 0.034, 0.009,  180,   4.6,   3.1
09-Sep-2000 15:00, 0.808,  29.0,  24.6, 1009.7, 0.041, 0.011,  183,   4.3,   2.6
09-Sep-2000 16:00, 0.766,  29.0,  24.3, 1009.5, 0.030,-0.006,  184,   4.3,   2.9
09-Sep-2000 17:00, 0.708,  28.9,  24.2, 1009.5, 0.023,-0.014,  187,   4.4,   2.9
09-Sep-2000 18:00, 0.625,  28.9,  24.0, 1009.4, 0.013,-0.024,  193,   4.7,   2.2
09-Sep-2000 19:00, 0.550,  28.9,  23.8, 1010.0, 0.018,-0.020,  189,   4.7,   3.0
09-Sep-2000 20:00, 0.493,  28.8,  24.3, 1010.9, 0.031,-0.001,  186,   4.8,   3.4
09-Sep-2000 21:00, 0.441,  28.8,  26.3, 1011.7, 0.039, 0.017,  185,   4.9,   2.5
09-Sep-2000 22:00, 0.384,  28.8,  27.7, 1012.0, 0.033, 0.019,   36,   3.0,   2.1
09-Sep-2000 23:00, 0.334,  28.9,  27.7, 1012.0, 0.016, 0.004,   16,   3.3,   2.7
10-Sep-2000 00:00, 0.325,  29.0,  28.1, 1011.4, 0.007,-0.006,   34,   3.9,   3.1
10-Sep-2000 01:00, 0.357,  29.4,  28.3, 1010.5, 0.006,-0.013,   31,   4.8,   3.7
10-Sep-2000 02:00, 0.413,  29.6,  28.4, 1009.7, 0.005,-0.023,   39,   5.8,   4.5
10-Sep-2000 03:00, 0.494,  29.5,  28.5, 1008.6, 0.020,-0.017,   42,   5.7,   4.2
10-Sep-2000 04:00, 0.577,  29.6,  28.8, 1008.1, 0.028,-0.019,   30,   4.4,   2.5
10-Sep-2000 05:00, 0.650,  29.5,  29.2, 1008.0, 0.027,-0.024,  333,   2.6,   1.6
10-Sep-2000 06:00, 0.691,  29.5,  29.3, 1008.7, 0.014,-0.038,  336,   2.6,   1.4
10-Sep-2000 07:00, 0.716,  29.5,  29.0, 1009.3, 0.004,-0.041,  323,   2.0,   1.5
10-Sep-2000 08:00, 0.753,  29.6,  27.7, 1010.1, 0.018,-0.021,  182,   1.9,   1.1
10-Sep-2000 09:00, 0.799,  29.3,  26.5, 1010.9, 0.045, 0.015,  180,   3.3,   2.1
10-Sep-2000 10:00, 0.831,  29.3,  26.0, 1011.0, 0.073, 0.050,  186,   3.9,   2.2
10-Sep-2000 11:00, 0.806,  29.3,  25.8, 1011.3, 0.054, 0.032,  186,   4.7,   3.2
10-Sep-2000 12:00, 0.785,  29.3,  25.6, 1011.5, 0.032, 0.013,  184,   4.9,   3.0
10-Sep-2000 13:00, 0.797,  29.2,  25.5, 1011.1, 0.030, 0.012,  185,   5.4,   3.1
10-Sep-2000 14:00, 0.813,  29.2,  24.7, 1010.5, 0.021, 0.000,  186,   4.6,   3.2
10-Sep-2000 15:00, 0.842,  29.1,  24.6, 1009.9, 0.039, 0.011,  182,   4.6,   3.4
10-Sep-2000 16:00, 0.847,  29.1,  24.7, 1009.7, 0.055, 0.022,  187,   4.8,   3.2
10-Sep-2000 17:00, 0.811,  29.0,  24.3, 1009.3, 0.058, 0.022,  185,   5.0,   2.7
10-Sep-2000 18:00, 0.743,  29.0,  24.0, 1009.9, 0.059, 0.021,  182,   5.2,   2.9
10-Sep-2000 19:00, 0.640,  29.0,  24.2, 1010.2, 0.048, 0.014,  186,   4.9,   2.6
10-Sep-2000 20:00, 0.541,  29.0,  24.1, 1011.0, 0.039, 0.010,  185,   4.8,   2.8
10-Sep-2000 21:00, 0.484,  29.0,  26.1, 1011.5, 0.059, 0.037,  167,   4.7,   2.4
10-Sep-2000 22:00, 0.431,  29.0,  27.5, 1011.8, 0.070, 0.052,   34,   3.8,   2.7
10-Sep-2000 23:00, 0.352,  29.1,  27.5, 1012.2, 0.035, 0.022,   43,   3.2,   2.8
11-Sep-2000 00:00, 0.325,  29.2,  27.6, 1011.5, 0.018, 0.007,    4,   3.2,   2.5
11-Sep-2000 01:00, 0.356,  29.3,  27.9, 1010.7, 0.020, 0.002,   25,   3.8,   3.0
11-Sep-2000 02:00, 0.422,  29.3,  28.7, 1009.7, 0.024,-0.002,   49,   5.9,   3.9
11-Sep-2000 03:00, 0.520,  29.6,  28.9, 1009.0, 0.051, 0.015,   58,   6.9,   5.9
11-Sep-2000 04:00, 0.617,  29.6,  29.1, 1008.4, 0.074, 0.031,   47,   6.9,   4.3
11-Sep-2000 05:00, 0.686,  29.6,  28.9, 1008.4, 0.069, 0.020,   61,   5.1,   4.2
11-Sep-2000 06:00, 0.729,  29.5,  28.6, 1008.6, 0.057, 0.008,   61,   4.9,   3.3
11-Sep-2000 07:00, 0.725,  29.6,  28.5, 1009.4, 0.024,-0.021,   45,   3.7,   2.3
11-Sep-2000 08:00, 0.740,  29.5,  27.9, 1010.1, 0.029,-0.008,  201,   3.4,   1.7
11-Sep-2000 09:00, 0.796,  29.3,  26.5, 1010.7, 0.077, 0.046,  184,-9999 ,   3.3
11-Sep-2000 10:00, 0.815,  29.4,  26.2, 1011.3, 0.090, 0.066,  194,   5.4,   2.7
11-Sep-2000 11:00, 0.783,  29.2,  25.6, 1011.5, 0.060, 0.041,  186,   4.8,   2.7
11-Sep-2000 12:00, 0.782,  29.3,  25.4, 1011.5, 0.055, 0.038,  197,   4.6,   2.9
11-Sep-2000 13:00, 0.790,  29.3,  25.3, 1011.3, 0.045, 0.028,  184,   4.4,   2.7
11-Sep-2000 14:00, 0.809,  29.1,  24.8, 1010.9, 0.030, 0.010,  188,   4.5,   2.3
11-Sep-2000 15:00, 0.857,  29.1,  24.6, 1010.4, 0.044, 0.020,  183,   4.5,   3.0
11-Sep-2000 16:00, 0.874,  29.1,  24.4, 1009.9, 0.050, 0.020,  182,   4.5,   2.7
11-Sep-2000 17:00, 0.864,  29.1,  24.3, 1009.7, 0.057, 0.023,  186,   4.4,   2.8
11-Sep-2000 18:00, 0.829,  29.0,  24.2, 1009.5, 0.078, 0.042,  185,   4.9,   3.2
11-Sep-2000 19:00, 0.709,  29.0,  24.4, 1010.5, 0.048, 0.012,  181,   5.0,   3.5
11-Sep-2000 20:00, 0.599,  29.0,  24.4, 1011.5, 0.041, 0.014,  182,   5.4,   3.0
11-Sep-2000 21:00, 0.539,  28.9,  27.4, 1012.3, 0.075, 0.059,  176,   5.1,   1.7
11-Sep-2000 22:00, 0.492,  29.0,  29.2, 1012.5, 0.104, 0.095,  102,   6.3,   3.1
11-Sep-2000 23:00, 0.410,  29.0,  30.0, 1012.6, 0.080, 0.073,   72,   7.0,   3.4
12-Sep-2000 00:00, 0.366,  29.1,  28.8, 1012.0, 0.058, 0.052,   42,   6.4,   4.7
12-Sep-2000 01:00, 0.378,  29.2,  30.4, 1011.3, 0.050, 0.037,   80,   7.3,   3.2
12-Sep-2000 02:00, 0.414,  29.3,  30.5, 1010.3, 0.027, 0.007,   65,   8.4,   4.1
12-Sep-2000 03:00, 0.507,  29.4,  30.6, 1009.3, 0.042, 0.011,   86,   8.0,   4.8
12-Sep-2000 04:00, 0.612,  28.8,  29.4, 1009.0, 0.069, 0.030,   58,   7.7,   4.9
12-Sep-2000 05:00, 0.705,  29.3,  30.5, 1008.6, 0.089, 0.046,   92,   7.4,   4.8
12-Sep-2000 06:00, 0.772,  29.3,  30.3, 1008.9, 0.097, 0.051,  106,   6.4,   3.2
12-Sep-2000 07:00, 0.772,  29.2,  29.7, 1009.4, 0.071, 0.027,  100,   6.4,   2.6
12-Sep-2000 08:00, 0.770,  29.2,  29.1, 1010.6, 0.068, 0.031,  109,   3.3,   0.9
12-Sep-2000 09:00, 0.786,  29.2,  27.3, 1011.4, 0.091, 0.065,  169,   2.0,   0.7
12-Sep-2000 10:00, 0.806,  29.1,  26.8, 1012.2, 0.114, 0.097,  218,   1.5,   0.2
12-Sep-2000 11:00, 0.796,  29.1,  26.3, 1012.3, 0.105, 0.095,  201,   2.2,   1.6
12-Sep-2000 12:00, 0.762,  29.1,  26.3, 1012.8, 0.069, 0.060,  184,   3.0,   1.0
12-Sep-2000 13:00, 0.761,  29.1,  26.3, 1012.3, 0.049, 0.044,  130,   5.6,   3.3
12-Sep-2000 14:00, 0.796,  29.1,  26.3, 1011.6, 0.047, 0.037,  212,   5.1,   0.8
12-Sep-2000 15:00, 0.853,  29.1,  25.6, 1011.1, 0.058, 0.041,  182,   3.6,   1.9
12-Sep-2000 16:00, 0.902,  29.1,  25.9, 1010.7, 0.075, 0.053,  160,   4.1,   1.3
12-Sep-2000 17:00, 0.918,  29.0,  27.0, 1010.7, 0.086, 0.061,  144,   4.5,   2.9
12-Sep-2000 18:00, 0.893,  29.1,  25.4, 1010.7, 0.092, 0.066,  189,   3.5,   1.6
12-Sep-2000 19:00, 0.799,  29.0,  25.1, 1011.5, 0.074, 0.049,  181,   4.1,   2.7
12-Sep-2000 20:00, 0.681,  29.0,  25.3, 1012.4, 0.060, 0.044,  182,   4.1,   3.1
12-Sep-2000 21:00, 0.583,  29.0,  28.9, 1012.9, 0.066, 0.059,  117,   4.4,   2.5
12-Sep-2000 22:00, 0.534,  29.0,  29.5, 1012.9, 0.106, 0.102,   95,   6.9,   3.8
12-Sep-2000 23:00, 0.465,  29.1,  30.0, 1013.2, 0.105, 0.102,   87,   7.8,   4.4
13-Sep-2000 00:00, 0.379,  29.1,  30.0, 1012.7, 0.056, 0.055,   85,   8.3,   3.8
13-Sep-2000 01:00, 0.367,  29.1,  29.4, 1012.0, 0.036, 0.030,   53,   7.0,   5.0
13-Sep-2000 02:00, 0.417,  29.4,  29.6, 1011.0, 0.034, 0.021,   63,   8.2,   6.3
13-Sep-2000 03:00, 0.503,  29.5,  29.3, 1009.9, 0.038, 0.015,   60,   7.9,   5.8
13-Sep-2000 04:00, 0.602,  29.1,  29.6, 1009.3, 0.054, 0.020,   57,   7.7,   5.6
13-Sep-2000 05:00, 0.671,  29.5,  29.7, 1009.3, 0.050, 0.010,   65,   8.6,   5.6
13-Sep-2000 06:00, 0.741,  29.3,  28.5, 1010.0, 0.057, 0.019,  190,   6.8,   2.7
13-Sep-2000 07:00, 0.737,  29.2,  27.9, 1010.4, 0.023,-0.009,  194,   4.7,   1.4
13-Sep-2000 08:00, 0.713,  29.2,  27.0, 1011.0, 0.005,-0.022,  186,   3.8,   2.4
13-Sep-2000 09:00, 0.712,  29.1,  26.5, 1012.0, 0.024, 0.003,  189,   3.9,   2.5
13-Sep-2000 10:00, 0.719,  29.1,  26.2, 1012.5, 0.050, 0.039,  180,   4.2,   2.5
13-Sep-2000 11:00, 0.737,  29.1,  25.8, 1012.2, 0.077, 0.069,  185,   3.8,   2.5
13-Sep-2000 12:00, 0.692,  29.0,  25.4, 1012.9, 0.035, 0.026,  179,   4.5,   1.9
13-Sep-2000 13:00, 0.668,  29.0,  25.1, 1012.5,-0.002,-0.006,  184,   4.5,   2.5
13-Sep-2000 14:00, 0.713,  29.1,  25.0, 1011.8, 0.009, 0.001,  196,   4.4,   2.7
13-Sep-2000 15:00, 0.783,  29.0,  24.9, 1010.8, 0.029, 0.014,  187,   5.0,   2.2
13-Sep-2000 16:00, 0.843,  29.0,  24.5, 1010.0, 0.043, 0.018,  186,   4.4,   2.3
13-Sep-2000 17:00, 0.874,  29.0,  24.3, 1009.7, 0.051, 0.018,  187,   4.8,   2.6
13-Sep-2000 18:00, 0.885,  29.0,  24.1, 1009.8, 0.066, 0.031,  188,   4.4,   3.3
13-Sep-2000 19:00, 0.836,  29.0,  24.0, 1010.5, 0.065, 0.032,  185,   4.8,   3.0
13-Sep-2000 20:00, 0.695,  29.0,  24.5, 1010.7, 0.017,-0.010,  186,   5.0,   3.2
13-Sep-2000 21:00, 0.604,  29.0,  26.8, 1011.5, 0.032, 0.008,  194,   5.1,   2.5
13-Sep-2000 22:00, 0.560,  29.0,  28.2, 1011.7, 0.084, 0.067,   61,   3.5,   2.4
13-Sep-2000 23:00, 0.538,  29.0,  30.2, 1011.5, 0.136, 0.120,  110,   6.8,   2.3
14-Sep-2000 00:00, 0.444,  29.1,  29.0, 1011.0, 0.089, 0.071,   62,   9.5,   7.2
14-Sep-2000 01:00, 0.396,  29.2,  29.5, 1010.3, 0.047, 0.025,   66,  10.2,   6.0
14-Sep-2000 02:00, 0.442,  29.4,  29.7, 1009.2, 0.051, 0.021,   64,   9.9,   7.8
14-Sep-2000 03:00, 0.504,  29.6,  29.4, 1008.2, 0.035,-0.007,   64,  11.1,   8.6
14-Sep-2000 04:00, 0.612,  29.5,  29.4, 1008.1, 0.053, 0.002,   75,  12.0,   7.5
14-Sep-2000 05:00, 0.663,  29.1,  27.2, 1008.8, 0.028,-0.023,  187,   9.8,   3.5
14-Sep-2000 06:00, 0.743,  29.2,  25.2, 1009.0, 0.046, 0.002,  182,   5.7,   3.5
14-Sep-2000 07:00, 0.797,  29.1,  25.0, 1009.3, 0.062, 0.020,  179,   5.7,   3.7
14-Sep-2000 08:00, 0.741,  29.0,  25.2, 1010.3, 0.011,-0.027,  178,   5.0,   3.2
14-Sep-2000 09:00, 0.697,  29.0,  25.1, 1010.8, 0.001,-0.027,  180,   4.8,   2.8
14-Sep-2000 10:00, 0.694,  29.0,  24.8, 1010.8, 0.035, 0.011,  183,   5.4,   3.2
14-Sep-2000 11:00, 0.742,  28.9,  24.6, 1010.9, 0.107, 0.083,  183,   5.8,   2.7
14-Sep-2000 12:00, 0.727,  29.0,  24.4, 1010.9, 0.104, 0.081,  187,   5.1,   2.5
14-Sep-2000 13:00, 0.687,  29.0,  23.9, 1010.4, 0.061, 0.037,  197,   5.4,   2.4
14-Sep-2000 14:00, 0.701,  29.0,  23.7, 1010.0, 0.049, 0.020,  196,   4.0,   2.8
14-Sep-2000 15:00, 0.751,  29.0,  23.3, 1009.7, 0.053, 0.020,  193,   4.5,   3.0
14-Sep-2000 16:00, 0.816,  28.9,  23.0, 1009.2, 0.065, 0.029,  187,   5.7,   3.4
14-Sep-2000 17:00, 0.851,  28.9,  23.1, 1009.3, 0.064, 0.024,  187,   5.5,   3.4
14-Sep-2000 18:00, 0.882,  28.9,  22.4, 1009.3, 0.083, 0.044,  185,   5.9,   3.5
14-Sep-2000 19:00, 0.880,  28.9,  22.7, 1009.9, 0.099, 0.060,  191,   6.3,   4.3
14-Sep-2000 20:00, 0.787,  28.9,  22.3, 1010.4, 0.071, 0.038,  188,   6.2,   3.7
14-Sep-2000 21:00, 0.656,  28.8,  24.2, 1010.8, 0.039, 0.011,  179,   6.0,   4.3
14-Sep-2000 22:00, 0.552,  28.8,  26.2, 1011.2, 0.030, 0.006,  181,   5.8,   2.3
14-Sep-2000 23:00, 0.515,  28.9,  27.6, 1011.7, 0.068, 0.049,  319,   4.1,   0.9
15-Sep-2000 00:00, 0.521,  29.0,  29.4, 1011.0, 0.123, 0.107,  109,   5.6,   2.7
15-Sep-2000 01:00, 0.452,  29.1,  29.9, 1010.4, 0.071, 0.048,  102,   5.8,   2.8
15-Sep-2000 02:00, 0.454,  29.1,  30.4, 1009.7, 0.043, 0.014,   99,   7.3,   3.7
15-Sep-2000 03:00, 0.509,  29.2,  29.5, 1008.8, 0.025,-0.011,   57,   7.3,   6.0
15-Sep-2000 04:00, 0.597,  29.4,  29.9, 1008.5, 0.021,-0.024,   64,   7.3,   4.4
15-Sep-2000 05:00, 0.695,  29.3,  29.8, 1008.2, 0.035,-0.012,   61,   7.1,   5.0
15-Sep-2000 06:00, 0.780,  29.3,  30.1, 1008.2, 0.060, 0.010,   74,   6.1,   3.1
15-Sep-2000 07:00, 0.846,  29.3,  29.6, 1008.7, 0.086, 0.036,   85,   4.2,   2.1
15-Sep-2000 08:00, 0.829,  29.2,  27.9, 1009.4, 0.069, 0.024,  177,   2.8,   2.1
15-Sep-2000 09:00, 0.737,  29.1,  26.8, 1010.0, 0.018,-0.019,  187,   3.2,   1.8
15-Sep-2000 10:00, 0.696,  29.1,  26.2, 1010.4, 0.031,-0.001,  187,   4.4,   2.5
15-Sep-2000 11:00, 0.685,  29.1,  25.9, 1010.8, 0.064, 0.036,  192,   5.2,   2.9
15-Sep-2000 12:00, 0.719,  29.0,  25.5, 1010.9, 0.123, 0.099,  193,   4.8,   2.9
15-Sep-2000 13:00, 0.691,  29.0,  25.1, 1010.2, 0.106, 0.081,  186,   4.8,   2.8
15-Sep-2000 14:00, 0.666,  28.9,  24.9, 1010.1, 0.068, 0.038,  201,   4.6,   3.1
15-Sep-2000 15:00, 0.676,  29.0,  24.6, 1009.9, 0.042, 0.010,  197,   4.0,   2.6
15-Sep-2000 16:00, 0.725,  29.0,  24.3, 1009.5, 0.040, 0.007,  191,   4.5,   2.9
15-Sep-2000 17:00, 0.801,  29.0,  24.1, 1009.2, 0.071, 0.033,  192,   5.2,   3.2
15-Sep-2000 18:00, 0.857,  29.0,  24.1, 1009.3, 0.105, 0.065,  189,   4.7,   3.2
15-Sep-2000 19:00, 0.869,  29.0,  24.0, 1009.8, 0.116, 0.077,  187,   5.2,   3.5
15-Sep-2000 20:00, 0.832,  29.0,  24.4, 1010.4, 0.111, 0.078,  186,   5.2,   3.2
15-Sep-2000 21:00, 0.701,  28.9,  26.6, 1011.0, 0.055, 0.028,  179,   5.0,   2.0
15-Sep-2000 22:00, 0.597,  29.0,  29.2, 1011.4, 0.039, 0.017,   68,   4.8,   2.2
15-Sep-2000 23:00, 0.554,  28.9,  28.4, 1011.4, 0.068, 0.050,   17,   3.2,   2.9
16-Sep-2000 00:00, 0.555,  29.1,  28.4, 1010.9, 0.116, 0.097,    6,   3.9,   3.0
16-Sep-2000 01:00, 0.524,  29.2,  28.5, 1010.4, 0.101, 0.077,   20,   3.6,   1.7
16-Sep-2000 02:00, 0.498,  29.3,  28.9, 1009.4, 0.055, 0.026,   17,   3.5,   2.8
16-Sep-2000 03:00, 0.557,  29.5,  29.1, 1008.8, 0.051, 0.012,    7,   3.7,   3.1
16-Sep-2000 04:00, 0.636,  29.7,  29.3, 1008.8, 0.039,-0.005,  357,   3.6,   2.5
16-Sep-2000 05:00, 0.729,  29.6,  29.3, 1008.6, 0.041,-0.003,  348,   3.4,   1.2
16-Sep-2000 06:00, 0.828,  29.6,  29.3, 1008.8, 0.074, 0.028,   59,   3.3,   2.3
16-Sep-2000 07:00, 0.882,  29.5,  28.8, 1009.3, 0.092, 0.048,   79,   3.7,   2.5
16-Sep-2000 08:00, 0.872,  29.5,  26.2, 1010.5, 0.076, 0.038,  172,   8.2,   2.8
16-Sep-2000 09:00, 0.763,  29.5,  25.2, 1011.4, 0.008,-0.018,   97,   5.0,   2.5
16-Sep-2000 10:00, 0.676,  29.4,  25.0, 1011.4,-0.012,-0.030,  178,   4.1,   2.3
16-Sep-2000 11:00, 0.626,  29.4,  25.1, 1011.7, 0.002,-0.016,  193,   4.3,   2.3
16-Sep-2000 12:00, 0.639,  29.4,  24.9, 1012.0, 0.061, 0.047,  175,   4.3,   2.7
16-Sep-2000 13:00, 0.655,  29.2,  25.1, 1011.1, 0.100, 0.087,  179,   4.1,   2.7
16-Sep-2000 14:00, 0.611,  29.2,  24.8, 1010.7, 0.060, 0.038,  181,   4.3,   2.4
16-Sep-2000 15:00, 0.610,  29.2,  24.9, 1009.9, 0.039, 0.012,  192,   4.3,   2.4
16-Sep-2000 16:00, 0.640,  29.2,  24.6, 1009.3, 0.027,-0.007,  189,   4.8,   2.8
16-Sep-2000 17:00, 0.694,  29.2,  24.6, 1009.3, 0.034,-0.005,  192,   3.9,   2.5
16-Sep-2000 18:00, 0.740,  29.2,  24.5, 1009.4, 0.049, 0.010,  189,   3.9,   2.8
16-Sep-2000 19:00, 0.773,  29.1,  24.4, 1009.9, 0.073, 0.036,  184,   4.1,   2.7
16-Sep-2000 20:00, 0.760,  29.1,  24.6, 1010.7, 0.070, 0.037,  178,   4.5,   2.4
16-Sep-2000 21:00, 0.678,  29.1,  26.5, 1011.6, 0.033, 0.009,  171,   4.9,   1.6
16-Sep-2000 22:00, 0.560,  29.1,  27.8, 1011.8,-0.016,-0.033,   48,   3.2,   2.4
16-Sep-2000 23:00, 0.499,  29.1,  27.7, 1011.9,-0.013,-0.028,   52,   3.3,   2.6
17-Sep-2000 00:00, 0.488,  29.2,  27.8, 1011.5, 0.016, 0.003,   46,   4.0,   3.3
17-Sep-2000 01:00, 0.541,  29.3,  27.8, 1010.6, 0.079, 0.060,   39,   3.8,   3.1
17-Sep-2000 02:00, 0.553,  29.4,  27.8, 1009.7, 0.070, 0.043,   24,   3.7,   1.5
17-Sep-2000 03:00, 0.564,  29.5,  28.1, 1008.6, 0.027,-0.010,  342,   2.8,   1.6
17-Sep-2000 04:00, 0.636,  29.8,  28.3, 1008.5, 0.014,-0.032,  321,   2.6,   2.1
17-Sep-2000 05:00, 0.698,  29.8,  28.8, 1008.6,-0.018,-0.065,   19,   3.1,   1.7
17-Sep-2000 06:00, 0.789,  29.8,  29.0, 1008.9,-0.002,-0.049,  342,   2.7,   1.5
17-Sep-2000 07:00, 0.863,  29.9,  29.0, 1009.7, 0.036,-0.007,    9,   2.2,   0.9
17-Sep-2000 08:00, 0.875,  29.8,  28.8, 1010.3, 0.043, 0.008,   70,   1.6,   0.2
17-Sep-2000 09:00, 0.823,  29.7,  26.6, 1010.8, 0.025,-0.004,  184,   2.8,   1.9
17-Sep-2000 10:00, 0.719,  29.6,  26.1, 1011.2,-0.006,-0.030,  195,   3.4,   2.2
17-Sep-2000 11:00, 0.627,  29.3,  26.0, 1011.3,-0.016,-0.037,  188,   4.2,   2.6
17-Sep-2000 12:00, 0.563,  29.4,  25.7, 1011.4,-0.015,-0.034,  184,   4.4,   3.2
17-Sep-2000 13:00, 0.604,  29.4,  25.5, 1011.2, 0.066, 0.048,  187,   4.5,   3.0
17-Sep-2000 14:00, 0.598,  29.4,  25.3, 1010.8, 0.079, 0.059,  189,   5.1,   3.6
17-Sep-2000 15:00, 0.560,  29.4,  24.9, 1010.3, 0.039, 0.014,  188,   5.1,   2.8
17-Sep-2000 16:00, 0.562,  29.3,  24.9, 1009.8, 0.016,-0.014,  189,   5.4,   3.2
17-Sep-2000 17:00, 0.581,  29.3,  24.6, 1009.7,-0.005,-0.040,  187,   5.4,   3.1
17-Sep-2000 18:00, 0.637,  29.2,  24.4, 1009.9, 0.016,-0.019,  182,   5.2,   3.3
17-Sep-2000 19:00, 0.695,  29.2,  24.2, 1010.2, 0.061, 0.028,  184,   5.4,   2.6
17-Sep-2000 20:00, 0.711,  29.2,  24.8, 1011.0, 0.078, 0.048,  186,   5.7,   3.6
17-Sep-2000 21:00, 0.665,  29.1,  27.2, 1011.7, 0.051, 0.030,  181,   5.0,   2.3
17-Sep-2000 22:00, 0.606,  29.1,  28.5, 1011.9, 0.036, 0.021,   28,   3.7,   1.3
17-Sep-2000 23:00, 0.537,  29.1,  28.2, 1012.0, 0.014, 0.002,   37,   3.0,   2.4
18-Sep-2000 00:00, 0.513,  29.5,  28.5, 1011.2, 0.022, 0.009,   26,   4.3,   3.4
18-Sep-2000 01:00, 0.561,  29.4,  28.3, 1010.6, 0.071, 0.050,   20,   4.4,   2.4
18-Sep-2000 02:00, 0.602,  29.6,  28.5, 1009.7, 0.085, 0.057,  339,   3.5,   2.9
18-Sep-2000 03:00, 0.621,  29.9,  28.7, 1009.0, 0.050, 0.014,  314,   4.5,   3.2
18-Sep-2000 04:00, 0.685,  29.8,  28.7, 1008.6, 0.036,-0.006,  320,   4.5,   2.6
18-Sep-2000 05:00, 0.773,  29.8,  28.9, 1008.4, 0.033,-0.013,  304,   3.4,   2.5
18-Sep-2000 06:00, 0.880,  29.8,  29.3, 1008.5, 0.059, 0.010,  309,   3.2,   2.7
18-Sep-2000 07:00, 0.951,  29.9,  29.1, 1009.1, 0.084, 0.038,  329,   3.5,   2.5
18-Sep-2000 08:00, 0.960,  29.9,  29.1, 1009.7, 0.089, 0.048,  301,   3.9,   1.9
18-Sep-2000 09:00, 0.922,  29.7,  26.8, 1010.5, 0.082, 0.047,  184,   3.5,   2.7
18-Sep-2000 10:00, 0.815,  29.7,  26.3, 1011.0, 0.044, 0.017,  188,   3.6,   2.6
18-Sep-2000 11:00, 0.678,  29.7,  26.1, 1011.4,-0.005,-0.027,  177,   3.7,   2.0
18-Sep-2000 12:00, 0.591,  29.4,  25.6, 1011.7,-0.009,-0.027,  182,   3.2,   1.9
18-Sep-2000 13:00, 0.583,  29.4,  25.6, 1011.3, 0.042, 0.027,  190,   3.9,   2.6
18-Sep-2000 14:00, 0.604,  29.3,  25.1, 1010.5, 0.097, 0.077,  192,   4.9,   2.9
18-Sep-2000 15:00, 0.573,  29.3,  24.6, 1009.9, 0.079, 0.051,  196,   4.9,   2.5
18-Sep-2000 16:00, 0.536,  29.2,  24.5, 1009.6, 0.038, 0.005,  184,   4.4,   3.1
18-Sep-2000 17:00, 0.534,  29.2,  24.3, 1009.4, 0.015,-0.022,  185,   4.6,   3.0
18-Sep-2000 18:00, 0.566,  29.2,  23.9, 1009.9, 0.019,-0.019,  189,   5.2,   3.1
18-Sep-2000 19:00, 0.608,  29.2,  23.8, 1010.5, 0.043, 0.010,  186,   4.6,   3.1
18-Sep-2000 20:00, 0.617,  29.2,  24.1, 1010.9, 0.051, 0.024,  190,   5.8,   2.9
18-Sep-2000 21:00, 0.623,  29.2,  26.4, 1011.5, 0.067, 0.045,  184,   5.6,   2.9
18-Sep-2000 22:00, 0.602,  29.2,  28.3, 1011.6, 0.066, 0.049,   62,   3.3,   2.5
18-Sep-2000 23:00, 0.526,  29.1,  28.2, 1011.8, 0.015,-0.001,   36,   3.8,   3.2
19-Sep-2000 00:00, 0.483,  29.4,  28.4, 1011.0,-0.013,-0.027,   20,   4.1,   3.4
19-Sep-2000 01:00, 0.516,  29.5,  28.4, 1010.0, 0.012,-0.011,   20,   4.5,   3.9
19-Sep-2000 02:00, 0.615,  29.5,  28.6, 1009.2, 0.074, 0.041,    9,   3.7,   3.2
19-Sep-2000 03:00, 0.701,  29.6,  28.8, 1008.3, 0.101, 0.059,  360,   3.8,   3.1
19-Sep-2000 04:00, 0.732,  29.8,  29.1, 1008.1, 0.058, 0.008,  336,   3.7,   1.8
19-Sep-2000 05:00, 0.787,  29.9,  29.3, 1008.0, 0.029,-0.022,  342,   3.1,   1.6
19-Sep-2000 06:00, 0.857,  29.8,  29.4, 1008.2, 0.019,-0.033,  291,   2.5,   1.4
19-Sep-2000 07:00, 0.928,  29.8,  29.2, 1008.7, 0.035,-0.015,  316,   2.4,   1.0
19-Sep-2000 08:00, 0.976,  29.9,  28.8, 1009.7, 0.070, 0.026,   13,   1.3,   0.1
19-Sep-2000 09:00, 0.956,  29.9,  27.3, 1010.3, 0.077, 0.043,  177,   2.7,   1.5
19-Sep-2000 10:00, 0.884,  29.8,  26.4, 1010.8, 0.066, 0.037,  188,   3.2,   2.3
19-Sep-2000 11:00, 0.774,  29.8,  26.3, 1011.3, 0.042, 0.018,  181,   4.0,   2.5
19-Sep-2000 12:00, 0.666,  29.7,  25.7, 1011.8, 0.022, 0.003,  175,   4.5,   3.0
19-Sep-2000 13:00, 0.593,  29.6,  25.5, 1011.2, 0.023, 0.008,  181,   4.7,   2.8
19-Sep-2000 14:00, 0.568,  29.6,  25.4, 1010.7, 0.047, 0.027,  187,   5.2,   2.9
19-Sep-2000 15:00, 0.590,  29.5,  25.1, 1010.1, 0.096, 0.071,  188,   5.2,   2.7
19-Sep-2000 16:00, 0.536,  29.4,  24.9, 1009.5, 0.057, 0.025,  186,   5.5,   2.9
19-Sep-2000 17:00, 0.502,  29.4,  24.7, 1009.6, 0.025,-0.012,  188,   5.6,   3.1
19-Sep-2000 18:00, 0.506,  29.3,  24.4, 1009.8, 0.019,-0.017,  177,   5.7,   3.3
19-Sep-2000 19:00, 0.516,  29.3,  24.5, 1010.7, 0.020,-0.013,  182,   5.4,   3.8
19-Sep-2000 20:00, 0.547,  29.2,  24.8, 1011.3, 0.051, 0.027,  181,   5.8,   3.7
19-Sep-2000 21:00, 0.566,  29.2,  27.5, 1011.6, 0.078, 0.059,  185,   5.1,   1.8
19-Sep-2000 22:00, 0.550,  29.2,  29.2, 1012.1, 0.070, 0.055,   82,   4.4,   3.2
19-Sep-2000 23:00, 0.538,  29.3,  28.8, 1012.0, 0.064, 0.052,   40,   4.4,   3.5
20-Sep-2000 00:00, 0.530,  29.5,  28.6, 1011.6, 0.051, 0.038,   30,   4.6,   4.0
20-Sep-2000 01:00, 0.532,  29.6,  28.7, 1010.7, 0.029, 0.012,   42,   6.1,   4.7
20-Sep-2000 02:00, 0.595,  29.7,  28.9, 1009.9, 0.046, 0.020,   34,   4.8,   3.7
20-Sep-2000 03:00, 0.696,  29.8,  29.0, 1009.0, 0.079, 0.045,   21,   4.0,   2.4
20-Sep-2000 04:00, 0.755,  30.1,  29.1, 1008.8, 0.061, 0.019,   82,   3.1,   0.7
20-Sep-2000 05:00, 0.825,  29.9,  28.2, 1009.2, 0.053, 0.009,  180,   3.8,   2.6
20-Sep-2000 06:00, 0.897,  29.9,  26.7, 1009.2, 0.051, 0.011,  191,   4.8,   3.1
20-Sep-2000 07:00, 0.961,  29.8,  26.7, 1009.7, 0.060, 0.020,  190,   5.0,   1.8
20-Sep-2000 08:00, 1.013,  29.8,  26.4, 1010.6, 0.088, 0.053,  185,   4.7,   3.0
20-Sep-2000 09:00, 1.008,  29.8,  26.0, 1011.2, 0.099, 0.073,  183,   4.8,   2.7
20-Sep-2000 10:00, 0.941,  29.7,  25.8, 1011.3, 0.083, 0.063,  187,   5.1,   3.4
20-Sep-2000 11:00, 0.836,  29.7,  25.4, 1011.4, 0.053, 0.034,  185,   4.8,   2.6
20-Sep-2000 12:00, 0.731,  29.7,  25.4, 1011.6, 0.031, 0.012,  186,   4.4,   3.2
20-Sep-2000 13:00, 0.623,  29.6,  25.1, 1011.5,-0.002,-0.018,  184,   4.8,   2.8
20-Sep-2000 14:00, 0.566,  29.4,  24.5, 1010.8, 0.003,-0.015,  186,   5.5,   2.8
20-Sep-2000 15:00, 0.593,  29.4,  24.5, 1010.2, 0.071, 0.046,  178,   5.6,   3.4
20-Sep-2000 16:00, 0.584,  29.4,  24.6, 1009.8, 0.091, 0.060,  180,   5.6,   3.1
20-Sep-2000 17:00, 0.531,  29.3,  24.6, 1009.8, 0.060, 0.026,  181,   5.8,   3.3
20-Sep-2000 18:00, 0.499,  29.2,  24.3, 1009.9, 0.044, 0.010,  181,   5.4,   2.3
20-Sep-2000 19:00, 0.469,  29.2,  24.6, 1010.9, 0.024,-0.008,  184,   5.9,   3.5
20-Sep-2000 20:00, 0.460,  29.2,  24.9, 1011.5, 0.027, 0.004,  178,   5.5,   3.2
20-Sep-2000 21:00, 0.483,  29.2,  27.2, 1012.0, 0.062, 0.045,  181,   4.8,   2.6
20-Sep-2000 22:00, 0.478,  29.2,  28.9, 1012.5, 0.065, 0.053,   66,   3.3,   2.4
20-Sep-2000 23:00, 0.480,  29.4,  28.4, 1012.3, 0.061, 0.054,   43,   5.4,   4.6
21-Sep-2000 00:00, 0.503,  29.5,  28.5, 1011.7, 0.062, 0.053,   39,   5.5,   4.8
21-Sep-2000 01:00, 0.527,  29.7,  28.4, 1010.8, 0.044, 0.028,   21,   5.4,   3.8
21-Sep-2000 02:00, 0.579,  29.8,  28.1, 1010.7, 0.037, 0.012,   37,   5.0,   4.3
21-Sep-2000 03:00, 0.682,  29.7,  25.7, 1010.3, 0.064, 0.039,  179,   5.2,   3.3
21-Sep-2000 04:00, 0.792,  29.8,  26.0, 1009.7, 0.091, 0.061,  167,   5.9,   1.6
21-Sep-2000 05:00, 0.865,  29.8,  26.7, 1009.7, 0.086, 0.051,  180,   4.9,   2.1
21-Sep-2000 06:00, 0.915,  29.7,  27.1, 1010.3, 0.069, 0.034,   65,   3.1,   2.1
21-Sep-2000 07:00, 0.944,  29.7,  27.1, 1011.3, 0.046, 0.018,  129,   2.9,   1.1
21-Sep-2000 08:00, 0.985,  29.7,  26.0, 1011.4, 0.062, 0.043,  136,   2.8,   1.8
21-Sep-2000 09:00, 1.009,  29.7,  25.6, 1011.8, 0.091, 0.074,  207,   2.7,   1.5
21-Sep-2000 10:00, 0.980,  29.7,  25.6, 1012.2, 0.097, 0.083,  187,   3.0,   2.0
21-Sep-2000 11:00, 0.912,  29.7,  25.6, 1012.0, 0.088, 0.077,  218,   3.9,   1.1
21-Sep-2000 12:00, 0.839,  29.7,  25.3, 1012.1, 0.084, 0.072,  201,   3.4,   2.2
21-Sep-2000 13:00, 0.762,  29.7,  25.3, 1011.9, 0.074, 0.062,  185,   4.7,   2.5
21-Sep-2000 14:00, 0.678,  29.7,  25.3, 1011.3, 0.050, 0.036,  186,   4.6,   2.8
21-Sep-2000 15:00, 0.649,  29.6,  24.8, 1010.3, 0.070, 0.048,  189,   4.5,   2.0
21-Sep-2000 16:00, 0.602,  29.5,  25.1, 1010.7, 0.064, 0.035,  157,   3.2,   1.1
21-Sep-2000 17:00, 0.554,  29.5,  24.8, 1009.7, 0.053, 0.027,  166,   2.7,   0.1
21-Sep-2000 18:00, 0.525,  29.4,  24.6, 1009.9, 0.062, 0.026,  192,   4.8,   2.0
21-Sep-2000 19:00, 0.473,  29.4,  24.8, 1011.0, 0.044, 0.012,  177,   4.5,   2.8
21-Sep-2000 20:00, 0.443,  29.4,  24.9, 1011.7, 0.048, 0.027,  183,   4.2,   2.8
21-Sep-2000 21:00, 0.437,  29.4,  26.3, 1012.0, 0.070, 0.055,  183,   4.9,   2.5
21-Sep-2000 22:00, 0.424,  29.4,  27.9, 1012.3, 0.072, 0.060,  191,   3.1,   0.6
21-Sep-2000 23:00, 0.421,  29.4,  27.8, 1012.2, 0.064, 0.054,   33,   3.2,   2.6
22-Sep-2000 00:00, 0.440,  29.7,  27.8, 1011.7, 0.054, 0.044,   36,   4.6,   3.1
22-Sep-2000 01:00, 0.467,  29.7,  28.1, 1010.9, 0.026, 0.010,   21,   4.2,   2.8
22-Sep-2000 02:00, 0.530,  29.9,  28.4, 1010.0, 0.013,-0.011,  338,   3.7,   2.3
22-Sep-2000 03:00, 0.653,  29.8,  28.6, 1009.3, 0.048, 0.015,  318,   4.0,   3.4
22-Sep-2000 04:00, 0.745,  30.0,  29.0, 1009.3, 0.051, 0.011,  342,   4.0,   2.3
22-Sep-2000 05:00, 0.824,  30.1,  29.1, 1009.7, 0.049, 0.010,  309,   3.8,   1.5
22-Sep-2000 06:00, 0.899,  30.2,  28.2, 1010.0, 0.060, 0.025,  191,   4.0,   2.8
22-Sep-2000 07:00, 0.939,  30.1,  27.0, 1010.4, 0.054, 0.022,  182,   5.1,   3.2
22-Sep-2000 08:00, 0.959,  30.1,  26.4, 1010.9, 0.050, 0.022,  182,   4.8,   2.7
22-Sep-2000 09:00, 0.967,  30.0,  25.5, 1011.2, 0.060, 0.037,  183,   4.2,   3.0
22-Sep-2000 10:00, 0.955,  29.9,  25.4, 1011.4, 0.071, 0.051,  188,   5.0,   3.8
22-Sep-2000 11:00, 0.895,  29.8,  24.9, 1012.1, 0.050, 0.032,  185,   5.5,   2.3
22-Sep-2000 12:00, 0.839,  29.8,  24.8, 1012.4, 0.043, 0.032,  188,   4.8,   2.6
22-Sep-2000 13:00, 0.777,  29.8,  24.7, 1011.8, 0.031, 0.023,  185,   4.9,   3.5
22-Sep-2000 14:00, 0.710,  29.8,  24.4, 1011.2, 0.013,-0.002,  185,   5.2,   3.7
22-Sep-2000 15:00, 0.678,  29.7,  24.3, 1010.3, 0.026, 0.004,  186,   5.1,   3.3
22-Sep-2000 16:00, 0.643,  29.7,  23.9, 1009.6, 0.036, 0.006,  178,   5.5,   2.7
22-Sep-2000 17:00, 0.607,  29.7,  23.7, 1009.5, 0.049, 0.012,  185,   5.2,   3.3
22-Sep-2000 18:00, 0.569,  29.5,  23.6, 1010.2, 0.063, 0.026,  184,   6.1,   3.4
22-Sep-2000 19:00, 0.492,  29.4,  23.7, 1010.8, 0.040, 0.010,  185,   5.4,   2.9
22-Sep-2000 20:00, 0.430,  29.4,  24.2, 1011.2, 0.033, 0.008,  185,   5.6,   3.4
22-Sep-2000 21:00, 0.383,  29.3,  27.0, 1012.1, 0.039, 0.020,  183,   5.3,   1.7
22-Sep-2000 22:00, 0.352,  29.3,  27.6, 1012.6, 0.042, 0.031,  328,   2.9,   1.3
22-Sep-2000 23:00, 0.349,  29.4,  28.2, 1012.4, 0.044, 0.037,   24,   2.6,   2.2
23-Sep-2000 00:00, 0.384,  29.6,  28.2, 1011.8, 0.051, 0.042,   32,   3.1,   2.4
23-Sep-2000 01:00, 0.438,  29.7,  28.3, 1010.9, 0.048, 0.033,   19,   3.7,   3.1
23-Sep-2000 02:00, 0.510,  30.0,  28.4, 1010.0, 0.035, 0.011,  317,   3.4,   2.3
23-Sep-2000 03:00, 0.602,  30.0,  28.4, 1009.0, 0.026,-0.008,  356,   4.1,   3.4
23-Sep-2000 04:00, 0.698,  30.1,  28.7, 1008.9, 0.023,-0.020,  351,   4.5,   3.6
23-Sep-2000 05:00, 0.790,  30.3,  29.2, 1008.9, 0.031,-0.013,  332,   3.9,   2.8
23-Sep-2000 06:00, 0.869,  30.4,  29.1, 1009.5, 0.047, 0.004,   10,   3.9,   3.1
23-Sep-2000 07:00, 0.916,  30.3,  28.9, 1010.4, 0.052, 0.015,   56,   3.0,   1.2
23-Sep-2000 08:00, 0.926,  30.2,  29.0, 1011.4, 0.040, 0.013,   57,   3.3,   1.1
23-Sep-2000 09:00, 0.910,  30.3,  25.5, 1012.3, 0.026, 0.009,   30,  12.7,   6.5
23-Sep-2000 10:00, 0.888,  30.3,  25.2, 1012.9, 0.024, 0.015,  157,   7.7,   1.6
23-Sep-2000 11:00, 0.872,  30.1,  25.2, 1012.3, 0.032, 0.028,  197,   2.7,   1.4
23-Sep-2000 12:00, 0.851,-9999 ,  25.3, 1012.0, 0.038, 0.028,  201,   2.8,   1.5
23-Sep-2000 13:00, 0.821,  30.1,  25.3, 1012.0, 0.038, 0.026,  185,   3.3,   2.3
23-Sep-2000 14:00, 0.793,  29.9,  25.1, 1011.6, 0.040, 0.028,  188,   3.1,   1.7
23-Sep-2000 15:00, 0.758,  29.7,  24.8, 1010.6, 0.037, 0.020,  183,   3.4,   2.3
23-Sep-2000 16:00, 0.705,  29.5,  24.9, 1010.1, 0.022,-0.005,  170,   4.1,   1.9
23-Sep-2000 17:00, 0.649,  29.6,  25.0, 1010.1, 0.017,-0.015,  182,   4.0,   2.6
23-Sep-2000 18:00, 0.605,  29.6,  24.7, 1010.1, 0.034, 0.003,  175,   4.3,   1.9
23-Sep-2000 19:00, 0.552,  29.5,  24.3, 1010.5, 0.046, 0.015,  188,   3.9,   1.9
23-Sep-2000 20:00, 0.479,  29.5,  24.8, 1011.3, 0.042, 0.016,  193,   3.4,   2.0
23-Sep-2000 21:00, 0.393,  29.5,  27.3, 1012.0, 0.027, 0.009,  156,   3.8,   1.4
23-Sep-2000 22:00, 0.334,  29.6,  27.9, 1012.1, 0.028, 0.016,  358,   2.3,   1.1
23-Sep-2000 23:00, 0.313,  29.7,  27.9, 1011.8, 0.035, 0.023,   37,   3.0,   2.6
24-Sep-2000 00:00, 0.331,  29.9,  28.2, 1011.1, 0.037, 0.022,   38,   4.3,   3.9
24-Sep-2000 01:00, 0.400,  30.2,  28.3, 1010.4, 0.051, 0.029,   40,   4.8,   4.1
24-Sep-2000 02:00, 0.479,  29.9,  28.6, 1009.6, 0.048, 0.019,   20,   4.8,   2.7
24-Sep-2000 03:00, 0.573,  29.8,  28.9, 1008.7, 0.039, 0.001,   33,   3.4,   2.0
24-Sep-2000 04:00, 0.658,  30.5,  28.7, 1008.3, 0.013,-0.032,   43,   4.6,   3.1
24-Sep-2000 05:00, 0.751,  30.1,  28.9, 1008.1, 0.015,-0.035,   42,   4.0,   2.5
24-Sep-2000 06:00, 0.837,  30.0,  29.3, 1008.6, 0.039,-0.012,  106,   4.5,   2.1
24-Sep-2000 07:00, 0.900,  30.3,  29.2, 1009.3, 0.065, 0.019,   93,   3.9,   2.0
24-Sep-2000 08:00, 0.933,  30.2,  27.8, 1009.9, 0.079, 0.040,  185,   4.4,   1.8
24-Sep-2000 09:00, 0.915,  30.1,  26.9, 1010.6, 0.061, 0.029,  187,   3.4,   2.4
24-Sep-2000 10:00, 0.888,  30.1,  26.5, 1010.9, 0.053, 0.026,  181,   3.9,   1.6
24-Sep-2000 11:00, 0.862,  30.1,  26.7, 1011.7, 0.049, 0.027,  296,   3.3,   0.5
24-Sep-2000 12:00, 0.849,  30.0,  26.3, 1011.8, 0.050, 0.035,  257,   4.6,   0.4
24-Sep-2000 13:00, 0.854,  30.0,  26.0, 1011.1, 0.061, 0.046,  179,   3.2,   1.1
24-Sep-2000 14:00, 0.848,  30.0,  25.7, 1010.2, 0.064, 0.042,  181,   4.9,   1.5
24-Sep-2000 15:00, 0.836,  30.0,  25.6, 1009.6, 0.068, 0.037,  178,   4.0,   2.0
24-Sep-2000 16:00, 0.799,  29.9,  25.2, 1009.3, 0.053, 0.017,  178,   3.7,   1.6
24-Sep-2000 17:00, 0.731,  29.9,  25.0, 1009.0, 0.026,-0.014,  181,   4.5,   3.4
24-Sep-2000 18:00, 0.660,  29.8,  24.5, 1009.3, 0.018,-0.024,  186,   5.0,   2.3
24-Sep-2000 19:00, 0.605,  29.7,  24.5, 1009.6, 0.034,-0.005,  186,   5.0,   3.1
24-Sep-2000 20:00, 0.544,  29.7,  25.1, 1010.8, 0.047, 0.012,  182,   5.4,   2.8
24-Sep-2000 21:00, 0.478,  29.7,  26.7, 1011.7, 0.058, 0.034,  181,   4.8,   2.1
24-Sep-2000 22:00, 0.397,  29.8,  28.8, 1011.8, 0.052, 0.037,   35,   3.6,   1.6
24-Sep-2000 23:00, 0.337,  29.8,  28.3, 1011.9, 0.045, 0.031,   17,   4.1,   3.5
25-Sep-2000 00:00, 0.332,  30.0,  28.7, 1011.4, 0.048, 0.034,   53,   5.8,   3.7
25-Sep-2000 01:00, 0.378,  29.9,  28.5, 1010.4, 0.051, 0.032,   27,   4.9,   2.3
25-Sep-2000 02:00, 0.458,  30.2,  28.6, 1009.7, 0.054, 0.025,  350,   4.1,   1.7
25-Sep-2000 03:00, 0.551,  30.2,  28.6, 1009.3, 0.052, 0.017,  329,   4.9,   3.3
25-Sep-2000 04:00, 0.656,  29.8,  27.9, 1008.8, 0.046, 0.006,  155,   5.8,   4.2
25-Sep-2000 05:00, 0.744,  29.8,  27.5, 1008.9, 0.033,-0.011,  203,   4.2,   1.9
25-Sep-2000 06:00, 0.794,  29.8,  27.5, 1008.6, 0.019,-0.025,  169,   3.8,   1.2
25-Sep-2000 07:00, 0.832,  29.8,  27.0, 1010.0, 0.027,-0.018,  126,   3.5,   0.3
25-Sep-2000 08:00, 0.863,  29.8,  26.5, 1010.4, 0.047, 0.015,  184,   3.9,   2.7
25-Sep-2000 09:00, 0.878,  29.8,  26.2, 1011.2, 0.064, 0.036,  186,   3.9,   1.5
25-Sep-2000 10:00, 0.857,  29.9,  25.8, 1012.0, 0.059, 0.040,  122,   2.8,   2.0
25-Sep-2000 11:00, 0.812,  29.8,  25.2, 1011.8, 0.037, 0.024,  181,   3.4,   2.0
25-Sep-2000 12:00, 0.792,  29.8,  25.2, 1012.0, 0.031, 0.017,  188,   3.4,   2.1
25-Sep-2000 13:00, 0.802,  29.8,  24.8, 1011.3, 0.035, 0.022,  178,   4.4,   2.8
25-Sep-2000 14:00, 0.826,  29.8,  24.6, 1010.8, 0.044, 0.025,  189,   4.3,   2.8
25-Sep-2000 15:00, 0.863,  29.7,  24.4, 1009.9, 0.076, 0.051,  180,   3.4,   1.6
25-Sep-2000 16:00, 0.857,  29.7,  24.4, 1009.4, 0.078, 0.045,  179,   4.1,   2.2
25-Sep-2000 17:00, 0.817,  29.6,  24.3, 1009.0, 0.058, 0.019,  172,   4.3,   2.2
25-Sep-2000 18:00, 0.732,  29.6,  24.7, 1009.2, 0.025,-0.017,  189,   4.1,   1.2
25-Sep-2000 19:00, 0.651,  29.5,  24.0, 1009.7, 0.018,-0.023,  188,   3.5,   2.1
25-Sep-2000 20:00, 0.598,  29.5,  24.3, 1010.8, 0.040, 0.006,  187,   3.9,   2.7
25-Sep-2000 21:00, 0.551,  29.4,  25.8, 1011.6, 0.067, 0.044,  197,   4.0,   1.6
25-Sep-2000 22:00, 0.467,  29.4,  28.0, 1011.9, 0.058, 0.042,  122,   4.5,   2.9
25-Sep-2000 23:00, 0.391,  29.4,  29.2, 1011.9, 0.048, 0.035,   74,   5.7,   3.6
26-Sep-2000 00:00, 0.349,  29.6,  29.5, 1011.4, 0.037, 0.023,   69,   5.9,   2.9
26-Sep-2000 01:00, 0.382,  29.7,  28.5, 1010.2, 0.049, 0.030,   45,   6.4,   5.9
26-Sep-2000 02:00, 0.458,  29.8,  28.7, 1009.2, 0.057, 0.026,   53,   7.5,   4.1
26-Sep-2000 03:00, 0.566,  29.9,  28.5, 1008.4, 0.075, 0.034,   34,   5.0,   3.3
26-Sep-2000 04:00, 0.662,  29.8,  28.8, 1007.9, 0.074, 0.026,   45,   5.0,   4.0
26-Sep-2000 05:00, 0.755,  29.8,  28.9, 1007.9, 0.066, 0.012,   45,   5.1,   4.0
26-Sep-2000 06:00, 0.775,  30.0,  29.5, 1008.4, 0.014,-0.038,   58,   5.4,   4.0
26-Sep-2000 07:00, 0.783,  30.1,  29.4, 1009.2,-0.001,-0.048,   87,   6.1,   3.8
26-Sep-2000 08:00, 0.797,  29.9,  28.4, 1010.0, 0.015,-0.024,  125,   5.2,   2.1
26-Sep-2000 09:00, 0.817,  29.7,  27.7, 1010.6, 0.046, 0.014,  166,   2.6,   1.2
26-Sep-2000 10:00, 0.818,  29.8,  27.2, 1011.3, 0.065, 0.039,  184,   2.5,   1.7
26-Sep-2000 11:00, 0.751,  29.7,  25.5, 1012.4, 0.022, 0.004,   41,   9.0,   2.6
26-Sep-2000 12:00, 0.701,  29.7,  25.0, 1012.7,-0.012,-0.019,  147,   6.9,   4.4
26-Sep-2000 13:00, 0.724,  29.7,  25.3, 1011.9, 0.007, 0.001,  173,   7.6,   1.9
26-Sep-2000 14:00, 0.747,  29.7,  25.3, 1011.5, 0.004,-0.010,  186,   3.4,   1.6
26-Sep-2000 15:00, 0.785,  29.7,  25.0, 1010.9, 0.013,-0.005,  179,   3.5,   2.0
26-Sep-2000 16:00, 0.810,  29.7,  25.0, 1010.7, 0.030, 0.007,  178,   3.9,   1.3
26-Sep-2000 17:00, 0.830,  29.6,  24.7, 1010.2, 0.053, 0.027,  180,   3.9,   2.1
26-Sep-2000 18:00, 0.793,  29.6,  24.6, 1009.9, 0.044, 0.013,  186,   3.8,   2.8
26-Sep-2000 19:00, 0.687,  29.6,  24.8, 1010.2, 0.003,-0.031,  187,   4.4,   3.1
26-Sep-2000 20:00, 0.608,  29.6,  25.0, 1011.3,-0.002,-0.031,  178,   3.3,   2.1
26-Sep-2000 21:00, 0.561,  29.5,  26.4, 1012.0, 0.021, 0.002,  173,   3.0,   1.5
26-Sep-2000 22:00, 0.538,  29.6,  28.3, 1012.7, 0.063, 0.052,   89,   3.4,   2.4
26-Sep-2000 23:00, 0.469,  29.6,  29.2, 1012.5, 0.056, 0.050,  113,   5.2,   2.8
27-Sep-2000 00:00, 0.406,  29.6,  29.7, 1012.0, 0.034, 0.026,   89,   5.9,   4.8
27-Sep-2000 01:00, 0.384,  29.9,  29.0, 1011.4, 0.011,-0.002,   42,   5.7,   5.1
27-Sep-2000 02:00, 0.440,  30.0,  29.0, 1010.1, 0.016,-0.003,   47,   6.4,   5.0
27-Sep-2000 03:00, 0.518,  30.1,  29.2, 1009.3, 0.011,-0.021,   25,   5.5,   3.5
27-Sep-2000 04:00, 0.611,  30.1,  29.2, 1008.8, 0.017,-0.023,    2,   4.6,   2.3
27-Sep-2000 05:00, 0.728,  30.0,  29.2, 1008.5, 0.046, 0.001,   18,   3.7,   2.9
27-Sep-2000 06:00, 0.809,  30.0,  29.3, 1009.0, 0.051, 0.004,   16,   3.7,   1.5
27-Sep-2000 07:00, 0.791,  29.9,  29.1, 1009.9, 0.008,-0.033,   12,   3.4,   1.1
27-Sep-2000 08:00, 0.760,  30.0,  27.8, 1010.9,-0.006,-0.038,   78,   6.7,   4.7
27-Sep-2000 09:00, 0.740,  29.8,  25.2, 1012.3, 0.005,-0.017,  254,   8.7,   2.5
27-Sep-2000 10:00, 0.753,  29.9,  24.9, 1013.1, 0.047, 0.038,  205,   5.6,   1.5
27-Sep-2000 11:00, 0.756,  29.8,  25.1, 1013.4, 0.077, 0.077,  143,   4.4,   1.8
27-Sep-2000 12:00, 0.664,  29.8,  25.2, 1013.0, 0.008, 0.008,  214,   4.4,   2.5
27-Sep-2000 13:00, 0.646,  29.8,  25.4, 1013.0,-0.009,-0.011,  188,   4.0,   0.9
27-Sep-2000 14:00, 0.680,  29.8,  24.9, 1012.3, 0.003, 0.000,  176,   3.0,   2.0
27-Sep-2000 15:00, 0.725,  29.7,  24.9, 1011.5, 0.005,-0.005,  173,   3.7,   2.1
27-Sep-2000 16:00, 0.800,  29.7,  24.6, 1010.8, 0.048, 0.030,  194,   3.8,   2.8
27-Sep-2000 17:00, 0.835,  29.6,  24.5, 1011.1, 0.074, 0.050,  151,   3.9,   0.4
27-Sep-2000 18:00, 0.834,  29.6,  24.2, 1011.5, 0.079, 0.058,  183,   4.5,   1.5
27-Sep-2000 19:00, 0.762,  29.6,  24.6, 1011.9, 0.046, 0.029,  221,   3.4,   1.7
27-Sep-2000 20:00, 0.640,  29.6,  24.6, 1012.7,-0.006,-0.019,  180,   4.3,   2.5
27-Sep-2000 21:00, 0.585,  29.5,  26.7, 1013.5, 0.008, 0.003,  164,   3.4,   2.0
27-Sep-2000 22:00, 0.571,  29.3,  27.7, 1013.9, 0.048, 0.050,   39,   3.1,   2.6
27-Sep-2000 23:00, 0.549,  29.6,  28.1, 1014.1, 0.072, 0.079,   44,   4.7,   4.3
28-Sep-2000 00:00, 0.468,  29.6,  28.2, 1013.6, 0.027, 0.035,   58,   6.1,   5.0
28-Sep-2000 01:00, 0.438,  29.7,  28.5, 1013.2, 0.004, 0.007,   57,   7.8,   6.6
28-Sep-2000 02:00, 0.487,  29.8,  28.9, 1011.9, 0.019, 0.017,   62,   8.6,   6.0
28-Sep-2000 03:00, 0.570,  30.1,  29.2, 1010.9, 0.028, 0.013,   62,   7.0,   4.6
28-Sep-2000 04:00, 0.666,  30.2,  29.0, 1010.1, 0.039, 0.015,   62,   9.0,   7.4
28-Sep-2000 05:00, 0.760,  29.8,  29.6, 1010.0, 0.059, 0.028,   76,   8.3,   5.1
28-Sep-2000 06:00, 0.846,  30.0,  29.4, 1010.5, 0.079, 0.047,   90,   7.1,   5.1
28-Sep-2000 07:00, 0.858,  30.0,  28.5, 1011.3, 0.059, 0.032,  108,   5.5,   2.8
28-Sep-2000 08:00, 0.767,  30.0,  27.9, 1012.2,-0.008,-0.027,  119,   5.5,   3.3
28-Sep-2000 09:00, 0.745,  29.8,  27.4, 1013.2, 0.024, 0.015,  111,   5.3,   2.2
28-Sep-2000 10:00, 0.740,  29.6,  27.2, 1013.8, 0.069, 0.070,  141,   4.6,   2.5
28-Sep-2000 11:00, 0.712,  29.6,  27.8, 1013.9, 0.081, 0.087,  147,   5.1,   3.1
28-Sep-2000 12:00, 0.623,  29.6,  27.1, 1014.3, 0.023, 0.030,  135,   6.4,   3.5
28-Sep-2000 13:00, 0.607,  29.6,  27.2, 1013.5, 0.018, 0.028,  139,   5.7,   1.7
28-Sep-2000 14:00, 0.625,  29.6,  26.5, 1013.0, 0.022, 0.024,  183,   3.5,   1.2
28-Sep-2000 15:00, 0.670,  29.5,  25.8, 1012.6, 0.027, 0.024,  188,   2.9,   1.2
28-Sep-2000 16:00, 0.736,  29.5,  25.6, 1012.2, 0.044, 0.037,  188,   4.4,   2.7
28-Sep-2000 17:00, 0.796,  29.5,  25.3, 1012.4, 0.077, 0.067,  171,   4.1,   1.5
28-Sep-2000 18:00, 0.829,  29.5,  27.1, 1012.2, 0.102, 0.093,  153,   4.6,   2.8
28-Sep-2000 19:00, 0.804,  29.4,  26.2, 1012.9, 0.090, 0.080,  178,   5.8,   1.7
28-Sep-2000 20:00, 0.687,  29.4,  28.0, 1013.6, 0.022, 0.019,  140,   4.2,   2.8
28-Sep-2000 21:00, 0.608,  29.4,  28.8, 1014.1, 0.008, 0.012,  119,   8.2,   4.3
28-Sep-2000 22:00, 0.620,  29.4,  29.5, 1014.3, 0.072, 0.081,   98,   8.3,   4.9
28-Sep-2000 23:00, 0.611,  29.5,  29.8, 1013.9, 0.094, 0.104,   95,   8.9,   5.1
29-Sep-2000 00:00, 0.527,  29.5,  30.4, 1013.5, 0.030, 0.036,   82,   8.6,   4.6
29-Sep-2000 01:00, 0.495,  29.6,  29.9, 1012.9,-0.001, 0.001,   61,   7.6,   6.3
29-Sep-2000 02:00, 0.542,  29.5,  30.1, 1011.8, 0.017, 0.012,   61,   8.1,   5.9
29-Sep-2000 03:00, 0.619,  29.9,  30.1, 1011.1, 0.031, 0.016,   67,   9.0,   5.4
29-Sep-2000 04:00, 0.708,  29.9,  30.2, 1010.5, 0.037, 0.015,   63,   7.5,   6.1
29-Sep-2000 05:00, 0.783,  29.8,  29.9, 1010.6, 0.040, 0.013,  109,   9.7,   3.8
29-Sep-2000 06:00, 0.852,  29.8,  30.0, 1010.7, 0.056, 0.030,  118,   6.4,   2.3
29-Sep-2000 07:00, 0.890,  29.8,  29.5, 1011.6, 0.065, 0.040,  113,   5.4,   3.4
29-Sep-2000 08:00, 0.791,  29.7,  28.5, 1012.8,-0.015,-0.030,  124,   7.2,   4.6
29-Sep-2000 09:00, 0.713,  29.7,  28.3, 1013.4,-0.026,-0.029,  131,   6.1,   2.1
29-Sep-2000 10:00, 0.674,  29.6,  27.9, 1013.4, 0.015, 0.016,  120,   5.4,   2.7
29-Sep-2000 11:00, 0.637,  29.6,  27.8, 1013.9, 0.041, 0.043,  135,   7.4,   2.5
29-Sep-2000 12:00, 0.647,  29.6,  27.9, 1013.8, 0.093, 0.100,  128,   5.3,   2.4
29-Sep-2000 13:00, 0.577,-9999 ,  27.9, 1013.5, 0.046, 0.051,  127,   5.6,   3.3
29-Sep-2000 14:00, 0.538,  29.5,  27.7, 1012.9, 0.005, 0.007,  131,   5.9,   2.9
29-Sep-2000 15:00, 0.591,  29.5,  27.7, 1012.1, 0.029, 0.024,  144,   6.2,   3.5
29-Sep-2000 16:00, 0.629,  29.5,  27.8, 1012.0, 0.016, 0.005,  148,   5.4,   2.0
29-Sep-2000 17:00, 0.698,  29.5,  26.6, 1011.8, 0.040, 0.027,  143,   3.7,   1.2
29-Sep-2000 18:00, 0.744,  29.5,  26.9, 1011.9, 0.066, 0.051,  160,   4.0,   2.1
29-Sep-2000 19:00, 0.752,  29.5,  25.6, 1012.5, 0.071, 0.058,  186,   4.5,   2.5
29-Sep-2000 20:00, 0.715,  29.4,  25.7, 1013.2, 0.057, 0.050,  178,   4.0,   2.4
29-Sep-2000 21:00, 0.637,  29.4,  29.6, 1013.8, 0.030, 0.030,  131,   5.1,   2.9
29-Sep-2000 22:00, 0.586,  29.3,  30.0, 1013.8, 0.029, 0.034,  112,   8.2,   3.3
29-Sep-2000 23:00, 0.573,  29.4,  30.2, 1013.7, 0.044, 0.049,   87,   8.8,   6.8
30-Sep-2000 00:00, 0.621,  29.5,  30.5, 1013.1, 0.094, 0.098,   88,   8.5,   4.5
30-Sep-2000 01:00, 0.575,  29.6,  31.0, 1012.3, 0.032, 0.030,   85,   8.5,   5.2
30-Sep-2000 02:00, 0.565,  29.6,  31.4, 1011.7,-0.012,-0.022,  133,  10.0,   4.6
30-Sep-2000 03:00, 0.661,  29.7,  30.0, 1011.3, 0.025, 0.009,   60,   8.7,   6.9
30-Sep-2000 04:00, 0.754,  29.9,  30.3, 1011.2, 0.039, 0.020,   64,   9.0,   6.2
30-Sep-2000 05:00, 0.838,  29.8,  30.2, 1010.8, 0.047, 0.026,   70,   8.2,   5.7
30-Sep-2000 06:00, 0.915,  29.5,  29.8, 1011.6, 0.076, 0.052,   69,   6.9,   3.9
30-Sep-2000 07:00, 0.943,  29.7,  28.8, 1012.4, 0.084, 0.069,   76,   8.6,   3.3
30-Sep-2000 08:00, 0.898,  29.6,  28.3, 1012.5, 0.056, 0.048,  115,   4.7,   1.2
30-Sep-2000 09:00, 0.772,  29.5,  27.5, 1013.3,-0.004,-0.011,  182,   1.6,   0.9
30-Sep-2000 10:00, 0.683,  29.4,  27.1, 1013.9, 0.004, 0.005,  213,   1.6,   1.0
30-Sep-2000 11:00, 0.613,  29.4,  26.7, 1013.9, 0.027, 0.034,  177,   1.8,   1.3
30-Sep-2000 12:00, 0.591,  29.4,  26.4, 1013.8, 0.068, 0.075,  182,   2.8,   1.4
30-Sep-2000 13:00, 0.541,  29.4,  26.1, 1013.5, 0.054, 0.059,  185,   3.9,   2.3
30-Sep-2000 14:00, 0.486,  29.4,  26.0, 1012.8, 0.010, 0.012,  186,   3.7,   2.8
30-Sep-2000 15:00, 0.517,  29.4,  26.1, 1012.3, 0.024, 0.019,  174,   3.7,   1.5
30-Sep-2000 16:00, 0.566,  29.4,  25.7, 1012.0, 0.032, 0.022,  181,   3.1,   1.7
30-Sep-2000 17:00, 0.639,  29.4,  25.6, 1011.7, 0.052, 0.039,  185,   3.2,   2.3
30-Sep-2000 18:00, 0.689,  29.4,  25.0, 1012.1, 0.069, 0.054,  182,   4.0,   2.9
30-Sep-2000 19:00, 0.707,  29.3,  24.2, 1012.3, 0.076, 0.064,  181,   4.9,   2.6
30-Sep-2000 20:00, 0.706,  29.3,  25.2, 1012.8, 0.080, 0.071,  182,   5.9,   3.7
30-Sep-2000 21:00, 0.642,  29.3,  27.4, 1013.2, 0.046, 0.042,  175,   5.8,   2.2
30-Sep-2000 22:00, 0.556,  29.3,  29.5, 1013.5, 0.001, 0.001,  115,   6.4,   3.3
30-Sep-2000 23:00, 0.549,  29.4,  30.3, 1013.2, 0.022, 0.024,   74,   6.5,   4.1
01-Oct-2000 00:00, 0.599,  29.5,  29.4, 1012.7, 0.070, 0.070,   56,   7.0,   5.5
01-Oct-2000 01:00, 0.656,  29.5,  29.4, 1012.1, 0.096, 0.090,   54,   7.7,   5.6
01-Oct-2000 02:00, 0.658,  29.7,  29.5, 1011.3, 0.049, 0.036,   60,   8.1,   5.8
01-Oct-2000 03:00, 0.705,  29.7,  29.9, 1010.5, 0.031, 0.011,   58,   8.0,   6.2
01-Oct-2000 04:00, 0.785,  29.9,  29.9, 1009.7, 0.036, 0.007,   58,   8.1,   5.8
01-Oct-2000 05:00, 0.864,  29.8,  30.1, 1009.6, 0.037, 0.002,   63,   7.2,   5.0
01-Oct-2000 06:00, 0.919,  29.6,  30.5, 1009.8, 0.038, 0.002,   91,   7.7,   3.7
01-Oct-2000 07:00, 0.950,  29.4,  29.4, 1010.6, 0.052, 0.019,  103,   6.1,   3.1
01-Oct-2000 08:00, 0.944,  29.6,  28.5, 1011.1, 0.066, 0.040,  142,   5.8,   1.9
01-Oct-2000 09:00, 0.867,  29.6,  26.9, 1011.7, 0.051, 0.031,  180,   4.5,   2.3
01-Oct-2000 10:00, 0.716,  29.5,  26.3, 1012.2,-0.001,-0.016,  181,   4.2,   2.1
01-Oct-2000 11:00, 0.614,  29.3,  25.7, 1012.7, 0.006,-0.003,  182,   4.5,   3.2
01-Oct-2000 12:00, 0.550,  29.3,  25.5, 1012.8, 0.033, 0.028,  179,   5.1,   3.1
01-Oct-2000 13:00, 0.546,  29.3,  25.1, 1012.3, 0.084, 0.079,  180,   4.9,   3.0
01-Oct-2000 14:00, 0.516,  29.3,  24.8, 1011.6, 0.077, 0.067,  175,   5.2,   2.9
01-Oct-2000 15:00, 0.491,  29.2,  24.4, 1010.8, 0.047, 0.030,  188,   5.5,   4.0
01-Oct-2000 16:00, 0.501,  29.2,  24.2, 1010.4, 0.029, 0.004,  192,   5.6,   2.8
01-Oct-2000 17:00, 0.553,  29.3,  24.2, 1009.9, 0.035, 0.006,  173,   5.1,   3.0
01-Oct-2000 18:00, 0.611,  29.3,  23.9, 1010.2, 0.051, 0.018,  186,   5.8,   3.1
01-Oct-2000 19:00, 0.656,  29.3,  23.5, 1010.6, 0.076, 0.046,  187,   5.4,   3.2
01-Oct-2000 20:00, 0.671,  29.3,  24.3, 1011.0, 0.088, 0.062,  181,   5.0,   3.6
01-Oct-2000 21:00, 0.645,  29.3,  27.0, 1011.5, 0.077, 0.055,  180,   4.5,   2.3
01-Oct-2000 22:00, 0.589,  29.3,  28.3, 1011.6, 0.048, 0.031,   64,   3.6,   2.4
01-Oct-2000 23:00, 0.544,  29.3,  29.0, 1011.4, 0.025, 0.009,   45,   4.2,   3.7
02-Oct-2000 00:00, 0.547,  29.4,  29.5, 1010.9, 0.028, 0.009,   49,   6.3,   4.9
02-Oct-2000 01:00, 0.643,  29.5,  29.5, 1009.9, 0.090, 0.066,   55,   8.5,   6.8
02-Oct-2000 02:00, 0.707,  29.8,  29.7, 1008.8, 0.092, 0.057,   63,   9.1,   7.3
02-Oct-2000 03:00, 0.744,  29.9,  29.8, 1008.2, 0.053, 0.009,   63,   9.6,   7.4
02-Oct-2000 04:00, 0.820,  29.9,  30.1, 1007.1, 0.048,-0.003,   66,   9.3,   4.5
02-Oct-2000 05:00, 0.889,  29.9,  30.0, 1007.3, 0.041,-0.020,   67,   8.7,   4.4
02-Oct-2000 06:00, 0.969,  29.7,  29.9, 1007.5, 0.062, 0.003,   65,   8.5,   4.3
02-Oct-2000 07:00, 1.017,  29.9,  30.0, 1008.2, 0.088, 0.031,  104,   7.0,   2.8
02-Oct-2000 08:00, 0.996,  29.8,  28.6, 1009.2, 0.085, 0.036,  179,   3.8,   1.7
02-Oct-2000 09:00, 0.934,  29.7,  27.4, 1009.9, 0.082, 0.043,  183,   3.3,   2.1
02-Oct-2000 10:00, 0.831,  29.7,  27.1, 1010.8, 0.074, 0.042,  179,   3.1,   1.4
02-Oct-2000 11:00, 0.676,  29.6,  26.6, 1010.9, 0.029, 0.005,  196,   3.3,   1.5
02-Oct-2000 12:00, 0.555,  29.5,  25.9, 1011.2, 0.012,-0.011,  187,   3.5,   2.5
02-Oct-2000 13:00, 0.518,  29.5,  25.7, 1010.8, 0.053, 0.032,  180,   4.3,   2.5
02-Oct-2000 14:00, 0.525,  29.4,  25.4, 1010.0, 0.100, 0.074,  190,   4.8,   3.1
02-Oct-2000 15:00, 0.497,  29.4,  25.1, 1009.5, 0.080, 0.047,  187,   4.8,   3.2
02-Oct-2000 16:00, 0.484,  29.4,  25.2, 1008.8, 0.050, 0.012,  184,   4.6,   2.7
02-Oct-2000 17:00, 0.504,  29.4,  24.6, 1008.4, 0.037,-0.008,  186,   4.4,   3.3
02-Oct-2000 18:00, 0.551,  29.4,  24.5, 1008.8, 0.045,-0.003,  197,   4.4,   2.2
02-Oct-2000 19:00, 0.594,  29.4,  24.4, 1008.8, 0.061, 0.017,  186,   4.4,   3.2
02-Oct-2000 20:00, 0.629,  29.3,  25.5, 1009.4, 0.089, 0.045,  186,   4.7,   3.0
02-Oct-2000 21:00, 0.619,  29.3,  27.0, 1010.4, 0.086, 0.049,  196,   3.5,   1.1
02-Oct-2000 22:00, 0.602,  29.3,  28.6, 1010.4, 0.086, 0.057,   85,   2.9,   0.8
02-Oct-2000 23:00, 0.578,  29.4,  28.8, 1010.4, 0.074, 0.046,   59,   4.5,   3.1
03-Oct-2000 00:00, 0.563,  29.4,  30.9, 1009.5, 0.055, 0.025,  107,   7.3,   4.4
03-Oct-2000 01:00, 0.609,  29.4,  28.0, 1009.8, 0.071, 0.035,   83,  14.8,   9.7
03-Oct-2000 02:00, 0.715,  29.4,  29.6, 1008.2, 0.113, 0.077,   69,  10.5,   3.5
03-Oct-2000 03:00, 0.786,  29.7,  29.9, 1007.5, 0.100, 0.049,   58,   9.2,   7.6
03-Oct-2000 04:00, 0.836,  29.7,  30.5, 1007.0, 0.062, 0.004,   84,  10.8,   7.6
03-Oct-2000 05:00, 0.904,  29.6,  29.2, 1007.2, 0.052,-0.010,   70,  11.3,   4.5
03-Oct-2000 06:00, 0.989,  29.3,  28.9, 1007.4, 0.076, 0.016,   98,   8.9,   5.0
03-Oct-2000 07:00, 1.042,  29.3,  27.3, 1008.0, 0.100, 0.042,  142,  11.2,   3.4
03-Oct-2000 08:00, 1.035,  29.3,  27.4, 1009.1, 0.105, 0.054,  106,   4.1,   2.1
03-Oct-2000 09:00, 0.992,  29.3,  27.8, 1009.8, 0.114, 0.074,  116,   4.9,   3.4
03-Oct-2000 10:00, 0.902,  29.3,  28.1, 1010.0, 0.109, 0.075,  128,   4.9,   3.1
03-Oct-2000 11:00, 0.765,  29.3,  27.8, 1009.9, 0.076, 0.044,  127,   4.8,   2.0
03-Oct-2000 12:00, 0.619,  29.3,  27.6, 1009.6, 0.033,-0.001,  140,   3.4,   1.6
03-Oct-2000 13:00, 0.569,  29.2,  26.9, 1009.3, 0.071, 0.034,  163,   4.3,   0.8
03-Oct-2000 14:00, 0.555,  29.2,  26.7, 1009.1, 0.114, 0.074,  184,   2.5,   0.9
03-Oct-2000 15:00, 0.518,  29.2,  26.9, 1008.6, 0.102, 0.061,  199,   3.0,   1.3
03-Oct-2000 16:00, 0.501,  29.2,  26.6, 1008.1, 0.083, 0.036,  171,   2.9,   1.3
03-Oct-2000 17:00, 0.498,  29.3,  25.8, 1007.8, 0.060, 0.008,  184,   3.0,   1.8
03-Oct-2000 18:00, 0.526,  29.2,  26.1, 1008.2, 0.058, 0.004,  181,   3.2,   1.7
03-Oct-2000 19:00, 0.570,  29.2,  25.6, 1008.8, 0.078, 0.028,  173,   4.5,   2.1
03-Oct-2000 20:00, 0.588,  29.2,  26.0, 1009.4, 0.085, 0.042,  178,   4.2,   2.7
03-Oct-2000 21:00, 0.592,  29.1,  27.6, 1010.0, 0.091, 0.054,  170,   3.9,   2.2
03-Oct-2000 22:00, 0.591,  29.2,  29.8, 1010.0, 0.101, 0.068,   84,   4.7,   3.4
03-Oct-2000 23:00, 0.572,  29.3,  29.3, 1009.8, 0.087, 0.055,   50,   5.5,   4.7
04-Oct-2000 00:00, 0.558,  29.4,  29.7, 1009.6, 0.064, 0.029,   60,   7.9,   6.1
04-Oct-2000 01:00, 0.602,  29.5,  29.6, 1008.9, 0.076, 0.039,   61,   8.9,   5.8
04-Oct-2000 02:00, 0.686,  29.7,  29.1, 1008.0, 0.102, 0.058,   61,   8.4,   6.5
04-Oct-2000 03:00, 0.761,  29.7,  29.4, 1007.3, 0.095, 0.042,   65,   8.1,   4.9
04-Oct-2000 04:00, 0.836,  29.7,  28.9, 1006.7, 0.080, 0.020,   76,   8.3,   5.5
04-Oct-2000 05:00, 0.901,  29.6,  28.9, 1007.0, 0.061,-0.004,  103,   9.0,   5.1
04-Oct-2000 06:00, 0.947,  29.5,  28.3, 1007.9, 0.045,-0.016,  109,   7.8,   4.0
04-Oct-2000 07:00, 1.000,  29.4,  27.9, 1008.3, 0.064, 0.012,  137,   6.3,   1.1
04-Oct-2000 08:00, 1.008,  29.4,  27.1, 1009.3, 0.077, 0.029,  130,   5.1,   1.9
04-Oct-2000 09:00, 0.966,  29.4,  26.7, 1010.2, 0.077, 0.039,  113,   5.9,   2.7
04-Oct-2000 10:00, 0.898,  29.4,  26.6, 1010.6, 0.080, 0.050,  122,   4.7,   1.4
04-Oct-2000 11:00, 0.788,  29.4,  26.5, 1010.8, 0.061, 0.035,  123,   3.7,   2.1
04-Oct-2000 12:00, 0.666,  29.3,  27.0, 1011.2, 0.033, 0.009,  138,   3.3,   1.6
04-Oct-2000 13:00, 0.596,  29.3,  27.0, 1010.6, 0.046, 0.026,  119,   6.9,   4.4
04-Oct-2000 14:00, 0.573,  29.2,  27.3, 1009.4, 0.088, 0.061,  115,   6.4,   1.4
04-Oct-2000 15:00, 0.534,  29.2,  26.4, 1008.7, 0.090, 0.051,  123,   4.8,   2.3
04-Oct-2000 16:00, 0.495,  29.2,  25.8, 1008.3, 0.067, 0.021,  210,   3.5,   1.1
04-Oct-2000 17:00, 0.478,  29.2,  24.8, 1008.5, 0.047,-0.002,  186,   3.3,   2.1
04-Oct-2000 18:00, 0.475,  29.2,  24.9, 1008.5, 0.028,-0.019,  198,   4.3,   1.9
04-Oct-2000 19:00, 0.505,  29.2,  25.0, 1008.9, 0.041,-0.006,  190,   4.0,   2.4
04-Oct-2000 20:00, 0.537,  29.2,  25.6, 1009.5, 0.065, 0.022,  172,   4.7,   1.9
04-Oct-2000 21:00, 0.537,  29.2,  27.2, 1010.4, 0.066, 0.030,  183,   2.9,   1.4
04-Oct-2000 22:00, 0.540,  29.1,  27.8, 1010.6, 0.074, 0.046,   21,   3.9,   2.3
04-Oct-2000 23:00, 0.537,  29.3,  30.4, 1010.3, 0.072, 0.046,   91,   9.0,   7.0
05-Oct-2000 00:00, 0.528,  29.3,  30.6, 1009.9, 0.049, 0.020,   89,   9.3,   6.2
05-Oct-2000 01:00, 0.565,  29.5,  29.4, 1009.0, 0.051, 0.016,   75,  11.5,   7.0
05-Oct-2000 02:00, 0.649,  29.5,  29.6, 1008.4, 0.077, 0.035,   86,  12.0,   8.3
05-Oct-2000 03:00, 0.735,  29.6,  29.7, 1007.5, 0.086, 0.037,   85,  11.2,   5.8
05-Oct-2000 04:00, 0.813,  29.5,  29.6, 1007.7, 0.080, 0.023,  114,   8.3,   3.5
05-Oct-2000 05:00, 0.883,  29.4,  28.3, 1007.4, 0.069, 0.014,  113,   8.8,   3.6
05-Oct-2000 06:00, 0.936,  29.3,  28.4, 1007.4, 0.058, 0.000,  130,   7.3,   3.5
05-Oct-2000 07:00, 0.987,  29.3,  28.2, 1007.8, 0.073, 0.016,  139,   6.2,   1.7
05-Oct-2000 08:00, 1.005,  29.3,  27.4, 1008.1, 0.089, 0.036,  171,   3.4,   2.3
05-Oct-2000 09:00, 0.975,  29.3,  27.4, 1008.4, 0.091, 0.040,  187,   3.9,   2.0
05-Oct-2000 10:00, 0.911,  29.2,  26.7, 1008.9, 0.084, 0.036,  172,   3.8,   1.7
05-Oct-2000 11:00, 0.839,  29.3,  26.4, 1009.1, 0.083, 0.041,  192,   4.1,   1.9
05-Oct-2000 12:00, 0.742,  29.2,  25.6, 1008.8, 0.064, 0.022,  175,   4.5,   2.5
05-Oct-2000 13:00, 0.657,  29.2,  25.7, 1008.8, 0.051, 0.007,  194,   5.2,   2.7
05-Oct-2000 14:00, 0.632,  29.2,  25.7, 1008.1, 0.086, 0.041,  186,   4.6,   1.8
05-Oct-2000 15:00, 0.612,  29.2,  25.6, 1007.9, 0.113, 0.062,  179,   4.4,   2.0
05-Oct-2000 16:00, 0.583,  29.1,  25.6, 1007.4, 0.118, 0.064,  192,   4.7,   2.3
05-Oct-2000 17:00, 0.554,  29.1,  26.6, 1007.1, 0.107, 0.048,  129,   2.8,   1.7
05-Oct-2000 18:00, 0.527,  29.1,  27.8, 1007.8, 0.082, 0.021,  115,   6.0,   3.1
05-Oct-2000 19:00, 0.531,  29.1,  27.2, 1008.0, 0.082, 0.028,  134,   6.9,   3.9
05-Oct-2000 20:00, 0.543,  29.1,  27.6, 1008.7, 0.093, 0.041,  118,   6.5,   4.5
05-Oct-2000 21:00, 0.535,  29.1,  28.6, 1009.4, 0.089, 0.045,  126,   7.3,   4.3
05-Oct-2000 22:00, 0.528,  29.1,  28.2, 1009.9, 0.086, 0.048,  121,   9.7,   4.1
05-Oct-2000 23:00, 0.544,  29.1,  28.6, 1009.4, 0.097, 0.064,  111,   8.5,   5.1
06-Oct-2000 00:00, 0.568,  29.1,  29.1, 1008.5, 0.103, 0.064,   94,   9.6,   5.6
06-Oct-2000 01:00, 0.605,  29.1,  29.6, 1007.9, 0.102, 0.054,  116,   7.8,   3.7
06-Oct-2000 02:00, 0.676,  29.2,  30.8, 1007.2, 0.114, 0.060,  117,   8.5,   4.2
06-Oct-2000 03:00, 0.748,  29.2,  30.1, 1006.7, 0.111, 0.051,  116,   7.2,   4.1
06-Oct-2000 04:00, 0.816,  29.2,  28.7, 1006.5, 0.101, 0.036,  125,   8.5,   4.3
06-Oct-2000 05:00, 0.882,  29.2,  30.0, 1006.2, 0.096, 0.029,  107,   5.3,   2.7
06-Oct-2000 06:00, 0.926,  29.2,  29.6, 1006.8, 0.081, 0.012,  122,   5.0,   2.2
06-Oct-2000 07:00, 0.971,  29.2,  28.8, 1007.5, 0.089, 0.025,  176,   3.7,   1.0
06-Oct-2000 08:00, 0.981,  29.2,  27.9, 1008.4, 0.093, 0.037,  147,   2.2,   1.3
06-Oct-2000 09:00, 0.964,  29.2,  26.8, 1009.0, 0.099, 0.052,  184,   4.0,   2.5
06-Oct-2000 10:00, 0.930,  29.2,  26.7, 1009.8, 0.109, 0.068,  175,-9999 ,   1.3
06-Oct-2000 11:00, 0.879,  29.2,  26.5, 1009.9, 0.111, 0.078,  187,   2.8,   2.0
06-Oct-2000 12:00, 0.805,  29.1,  26.1, 1009.6, 0.093, 0.059,  184,   4.1,   2.4
06-Oct-2000 13:00, 0.756,  29.1,  26.2, 1009.5, 0.097, 0.061,  191,   3.2,   2.0
06-Oct-2000 14:00, 0.709,  29.2,  26.0, 1008.8, 0.099, 0.061,  184,   3.1,   1.2
06-Oct-2000 15:00, 0.666,  29.1,  25.5, 1008.4, 0.098, 0.054,  185,   3.0,   2.2
06-Oct-2000 16:00, 0.620,  29.1,  25.2, 1007.6, 0.093, 0.044,  182,   3.6,   2.4
06-Oct-2000 17:00, 0.574,  29.1,  25.3, 1007.6, 0.085, 0.029,  187,   4.5,   3.5
06-Oct-2000 18:00, 0.533,  29.0,  24.9, 1007.8, 0.070, 0.014,  188,   4.7,   2.5
06-Oct-2000 19:00, 0.506,  29.0,  25.0, 1008.5, 0.057, 0.004,  184,   4.8,   3.8
06-Oct-2000 20:00, 0.507,  29.0,  26.0, 1009.0, 0.068, 0.022,  185,   5.2,   3.3
06-Oct-2000 21:00, 0.502,  29.0,  28.7, 1009.2, 0.074, 0.032,   97,   3.2,   1.2
06-Oct-2000 22:00, 0.488,  29.0,  29.4, 1009.6, 0.066, 0.026,   61,   4.3,   2.8
06-Oct-2000 23:00, 0.514,  29.2,  30.4, 1009.5, 0.085, 0.049,   89,   7.3,   3.9
07-Oct-2000 00:00, 0.541,  29.3,  29.1, 1008.9, 0.088, 0.050,   49,   6.8,   5.5
07-Oct-2000 01:00, 0.567,  29.5,  29.0, 1008.1, 0.073, 0.029,   40,   7.0,   6.0
07-Oct-2000 02:00, 0.634,  29.6,  29.0, 1007.2, 0.080, 0.028,   41,   6.6,   5.1
07-Oct-2000 03:00, 0.713,  29.7,  29.4, 1006.5, 0.084, 0.023,   46,   5.5,   4.1
07-Oct-2000 04:00, 0.792,  29.8,  29.1, 1005.9, 0.088, 0.021,   40,   4.9,   3.5
07-Oct-2000 05:00, 0.863,  29.8,  29.9, 1005.7, 0.097, 0.023,   57,   5.6,   4.1
07-Oct-2000 06:00, 0.901,  29.8,  29.8, 1006.2, 0.088, 0.014,   73,   6.0,   4.0
07-Oct-2000 07:00, 0.921,  29.9,  30.0, 1006.6, 0.076, 0.006,  187,   4.9,   0.3
07-Oct-2000 08:00, 0.934,  29.9,  28.6, 1007.5, 0.079, 0.014,  184,   4.3,   1.7
07-Oct-2000 09:00, 0.912,  29.8,  28.0, 1008.2, 0.074, 0.018,  180,   3.4,   2.3
07-Oct-2000 10:00, 0.880,  29.7,  27.0, 1008.6, 0.077, 0.027,  182,   3.8,   2.6
07-Oct-2000 11:00, 0.853,  29.7,  26.5, 1008.7, 0.089, 0.043,  184,   4.4,   2.5
07-Oct-2000 12:00, 0.823,  29.7,  26.0, 1009.1, 0.093, 0.048,  171,   4.5,   2.7
07-Oct-2000 13:00, 0.781,  29.6,  25.7, 1008.5, 0.081, 0.040,  187,   5.5,   3.8
07-Oct-2000 14:00, 0.741,  29.6,  25.4, 1007.9, 0.072, 0.025,  191,   4.9,   3.0
07-Oct-2000 15:00, 0.716,  29.5,  25.1, 1007.2, 0.079, 0.024,  190,   4.8,   3.0
07-Oct-2000 16:00, 0.677,  29.5,  24.9, 1007.1, 0.078, 0.018,  184,   4.9,   3.1
07-Oct-2000 17:00, 0.641,  29.4,  24.8, 1007.1, 0.089, 0.028,  187,   4.7,   2.3
07-Oct-2000 18:00, 0.589,  29.4,  24.5, 1007.7, 0.085, 0.025,  179,   4.3,   2.8
07-Oct-2000 19:00, 0.532,  29.4,  24.4, 1007.9, 0.066, 0.010,  192,   5.2,   2.6
07-Oct-2000 20:00, 0.507,  29.3,  24.7, 1008.8, 0.067, 0.014,  187,   4.3,   2.6
07-Oct-2000 21:00, 0.472,  29.3,  25.5, 1010.0, 0.054, 0.011,  292,   4.8,   0.5
07-Oct-2000 22:00, 0.453,  29.3,  27.4, 1010.3, 0.046, 0.014,   63,   3.4,   2.1
07-Oct-2000 23:00, 0.470,  29.3,  27.8, 1010.0, 0.057, 0.028,   51,   2.8,   1.9
08-Oct-2000 00:00, 0.514,  29.4,  29.1, 1009.0, 0.073, 0.040,   86,   5.5,   3.7
08-Oct-2000 01:00, 0.560,  29.5,  28.1, 1008.4, 0.072, 0.029,   62,   6.8,   5.2
08-Oct-2000 02:00, 0.612,  29.5,  28.1, 1007.2, 0.062, 0.013,   50,   5.9,   3.4
08-Oct-2000 03:00, 0.701,  29.7,  28.1, 1006.2, 0.076, 0.015,   37,   4.8,   3.4
08-Oct-2000 04:00, 0.773,  29.7,  28.3, 1005.8, 0.074, 0.003,  356,   3.9,   3.2
08-Oct-2000 05:00, 0.836,  29.8,  28.3, 1005.7, 0.078, 0.004,  349,   3.9,   1.6
08-Oct-2000 06:00, 0.885,  29.8,  28.3, 1006.1, 0.092, 0.017,    5,   3.1,   1.6
08-Oct-2000 07:00, 0.889,  29.8,  28.3, 1006.9, 0.077, 0.006,  123,   2.9,   0.5
08-Oct-2000 08:00, 0.893,  29.7,  28.5, 1007.8, 0.075, 0.013,   93,   2.1,   1.1
08-Oct-2000 09:00, 0.888,  29.8,  27.7, 1008.8, 0.084, 0.031,  167,   2.6,   0.9
08-Oct-2000 10:00, 0.856,  29.5,  26.5, 1009.4, 0.080, 0.036,  187,   3.0,   2.3
08-Oct-2000 11:00, 0.841,  29.7,  26.3, 1009.6, 0.094, 0.056,  182,   3.4,   1.8
08-Oct-2000 12:00, 0.830,  29.5,  26.0, 1009.7, 0.102, 0.066,  181,   3.8,   2.5
08-Oct-2000 13:00, 0.824,  29.5,  25.6, 1009.3, 0.104, 0.069,  177,   4.1,   1.6
08-Oct-2000 14:00, 0.824,  29.4,  25.4, 1008.8, 0.112, 0.072,  188,   4.6,   3.0
08-Oct-2000 15:00, 0.795,  29.4,  25.5, 1008.1, 0.098, 0.054,  176,   4.3,   2.3
08-Oct-2000 16:00, 0.766,  29.3,  25.5, 1007.2, 0.096, 0.043,  187,   4.9,   3.3
08-Oct-2000 17:00, 0.718,  29.3,  25.6, 1007.4, 0.094, 0.035,  190,   4.4,   2.4
08-Oct-2000 18:00, 0.658,  29.3,  25.1, 1007.5, 0.095, 0.036,  195,   4.6,   2.6
08-Oct-2000 19:00, 0.595,  29.2,  24.9, 1008.4, 0.091, 0.035,  194,   4.0,   2.2
08-Oct-2000 20:00, 0.544,  29.2,  25.3, 1009.2, 0.086, 0.039,  168,   3.9,   1.5
08-Oct-2000 21:00, 0.496,  29.2,  27.8, 1009.9, 0.073, 0.034,  233,   3.6,   1.0
08-Oct-2000 22:00, 0.465,  29.3,  27.4, 1010.4, 0.065, 0.033,   53,   3.0,   2.3
08-Oct-2000 23:00, 0.475,  29.4,  27.9, 1010.2, 0.073, 0.045,   10,   3.0,   2.2
09-Oct-2000 00:00, 0.498,  29.6,  28.1, 1009.8, 0.067, 0.037,   41,   4.0,   3.5
09-Oct-2000 01:00, 0.561,  29.9,  28.4, 1008.7, 0.078, 0.043,   34,   4.9,   3.7
09-Oct-2000 02:00, 0.637,  29.8,  28.5, 1007.8, 0.087, 0.041,   12,   4.4,   3.2
09-Oct-2000 03:00, 0.693,  30.0,  27.9, 1007.4, 0.070, 0.015,  288,   4.9,   3.8
09-Oct-2000 04:00, 0.757,  29.7,  27.2, 1007.3, 0.057,-0.001,  172,   3.3,   1.8
09-Oct-2000 05:00, 0.807,  29.7,  26.6, 1007.7, 0.050,-0.008,  202,   4.4,   1.5
09-Oct-2000 06:00, 0.843,  29.7,  26.2, 1007.8, 0.057, 0.002,  182,   4.8,   2.5
09-Oct-2000 07:00, 0.865,  29.5,  26.0, 1008.5, 0.073, 0.020,  185,   4.0,   2.2
09-Oct-2000 08:00, 0.859,  29.6,  25.9, 1009.0, 0.073, 0.026,  186,   4.2,   2.5
09-Oct-2000 09:00, 0.851,  29.5,  25.7, 1009.5, 0.081, 0.040,  185,   4.0,   2.7
09-Oct-2000 10:00, 0.803,  29.5,  25.5, 1010.1, 0.060, 0.023,  187,   4.0,   2.2
09-Oct-2000 11:00, 0.772,  29.5,  25.3, 1010.6, 0.054, 0.023,  189,   4.1,   2.7
09-Oct-2000 12:00, 0.778,  29.5,  25.0, 1010.3, 0.070, 0.044,  178,   4.5,   2.6
09-Oct-2000 13:00, 0.790,  29.4,  24.8, 1009.5, 0.076, 0.046,  181,   4.7,   2.7
09-Oct-2000 14:00, 0.818,  29.2,  24.8, 1008.8, 0.089, 0.051,  188,   5.2,   3.2
09-Oct-2000 15:00, 0.817,  29.2,  24.6, 1008.1, 0.083, 0.038,  183,   4.6,   2.8
09-Oct-2000 16:00, 0.809,  29.2,  24.1, 1007.6, 0.083, 0.031,  186,   4.8,   3.3
09-Oct-2000 17:00, 0.772,  29.2,  24.3, 1007.6, 0.081, 0.025,  186,   5.2,   3.3
09-Oct-2000 18:00, 0.713,  29.2,  24.1, 1007.6, 0.084, 0.027,  190,   5.1,   3.2
09-Oct-2000 19:00, 0.656,  29.2,  24.0, 1008.4, 0.098, 0.043,  186,   5.1,   3.2
09-Oct-2000 20:00, 0.600,  29.2,  25.1, 1009.1, 0.106, 0.058,  184,   5.5,   3.1
09-Oct-2000 21:00, 0.530,  29.2,  27.4, 1010.3, 0.086, 0.046,  185,   5.1,   2.3
09-Oct-2000 22:00, 0.468,  29.2,  28.3, 1010.4, 0.060, 0.031,   37,   2.9,   1.6
09-Oct-2000 23:00, 0.453,  29.4,  28.1, 1010.5, 0.054, 0.026,   29,   3.8,   3.4
10-Oct-2000 00:00, 0.491,  29.5,  28.3, 1009.7, 0.066, 0.039,   33,   4.0,   3.3
10-Oct-2000 01:00, 0.555,  29.7,  28.3, 1008.8, 0.075, 0.039,   32,   5.2,   4.3
10-Oct-2000 02:00, 0.639,  29.7,  28.4, 1008.4, 0.085, 0.040,   51,   4.8,   3.0
10-Oct-2000 03:00, 0.714,  29.7,  27.6, 1008.0, 0.085, 0.036,  134,   6.6,   1.3
10-Oct-2000 04:00, 0.781,  29.6,  27.2, 1007.6, 0.077, 0.024,  206,   4.8,   1.4
10-Oct-2000 05:00, 0.829,  29.4,  27.3, 1007.3, 0.064, 0.007,  165,   4.2,   2.6
10-Oct-2000 06:00, 0.851,  29.4,  28.6, 1007.6, 0.060, 0.001,  178,   4.2,   1.9
10-Oct-2000 07:00, 0.853,  29.3,  27.9, 1008.4, 0.067, 0.011,  168,   3.9,   1.8
10-Oct-2000 08:00, 0.846,  29.3,  26.3, 1008.9, 0.081, 0.033,  179,   3.3,   2.1
10-Oct-2000 09:00, 0.821,  29.3,  26.4, 1009.7, 0.083, 0.041,  196,   4.1,   2.5
10-Oct-2000 10:00, 0.778,  29.3,  26.1, 1010.2, 0.071, 0.035,  185,   3.9,   3.1
10-Oct-2000 11:00, 0.745,  29.3,  25.7, 1010.8, 0.065, 0.036,  188,   4.1,   2.5
10-Oct-2000 12:00, 0.749,  29.3,  25.3, 1010.6, 0.079, 0.054,  189,   4.5,   2.6
10-Oct-2000 13:00, 0.780,  29.3,  25.2, 1010.1, 0.096, 0.069,  185,   4.9,   2.8
10-Oct-2000 14:00, 0.829,  29.2,  24.7, 1009.4, 0.115, 0.083,  190,   5.0,   3.3
10-Oct-2000 15:00, 0.856,  29.2,  24.7, 1009.1, 0.115, 0.077,  185,   5.1,   2.8
10-Oct-2000 16:00, 0.863,  29.2,  24.4, 1008.7, 0.110, 0.069,  192,   5.5,   2.9
10-Oct-2000 17:00, 0.837,  29.1,  24.3, 1008.6, 0.097, 0.052,  188,   5.2,   2.9
10-Oct-2000 18:00, 0.783,  29.1,  24.4, 1008.8, 0.092, 0.046,  195,   5.1,   3.2
10-Oct-2000 19:00, 0.722,  29.0,  24.1, 1009.3, 0.104, 0.060,  184,   5.0,   3.2
10-Oct-2000 20:00, 0.648,  29.1,  25.2, 1010.1, 0.103, 0.065,  188,   5.1,   3.3
10-Oct-2000 21:00, 0.559,  29.1,  27.7, 1011.0, 0.077, 0.047,  179,   4.3,   1.3
10-Oct-2000 22:00, 0.498,  29.2,  28.0, 1011.4, 0.062, 0.041,   46,   2.5,   1.8
10-Oct-2000 23:00, 0.473,  29.3,  27.7, 1011.1, 0.061, 0.043,   38,   3.3,   3.0
11-Oct-2000 00:00, 0.499,  29.6,  27.8, 1010.8, 0.071, 0.050,    7,   3.6,   2.3
11-Oct-2000 01:00, 0.564,  29.9,  28.0, 1009.8, 0.083, 0.058,  342,   4.0,   3.3
11-Oct-2000 02:00, 0.654,  29.8,  28.1, 1008.6, 0.095, 0.059,  323,   5.0,   3.9
11-Oct-2000 03:00, 0.742,  29.5,  28.1, 1008.3, 0.101, 0.054,    7,   5.1,   1.6
11-Oct-2000 04:00, 0.803,  30.0,  23.8, 1008.3, 0.087, 0.038,   99,  10.2,   2.8
11-Oct-2000 05:00, 0.848,  29.9,  25.0, 1007.9, 0.071, 0.021,  275,   3.6,   1.3
11-Oct-2000 06:00, 0.878,  29.9,  26.5, 1007.7, 0.072, 0.018,  293,   3.2,   0.8
11-Oct-2000 07:00, 0.879,  29.9,  27.3, 1008.1, 0.085, 0.030,  268,   2.7,   0.4
11-Oct-2000 08:00, 0.865,  29.8,  26.6, 1008.9, 0.106, 0.056,  166,   1.6,   1.3
11-Oct-2000 09:00, 0.819,  29.9,  26.0, 1009.6, 0.102, 0.060,  137,   2.1,   0.9
11-Oct-2000 10:00, 0.748,  29.5,  26.0, 1009.9, 0.072, 0.036,  192,   3.1,   2.0
11-Oct-2000 11:00, 0.705,  29.6,  25.8, 1010.2, 0.066, 0.033,  179,   4.2,   2.2
11-Oct-2000 12:00, 0.690,  29.5,  25.9, 1010.1, 0.068, 0.038,  191,   4.9,   2.1
11-Oct-2000 13:00, 0.707,  29.5,  25.7, 1009.6, 0.073, 0.041,  185,   4.7,   3.0
11-Oct-2000 14:00, 0.756,  29.5,  25.4, 1009.0, 0.085, 0.049,  186,   4.4,   2.5
11-Oct-2000 15:00, 0.800,  29.4,  25.3, 1008.3, 0.087, 0.044,  194,   3.7,   2.4
11-Oct-2000 16:00, 0.835,  29.5,  25.1, 1008.0, 0.092, 0.042,  183,   4.2,   2.6
11-Oct-2000 17:00, 0.840,  29.5,  24.7, 1008.3, 0.085, 0.033,  201,   4.0,   2.3
11-Oct-2000 18:00, 0.779,  29.5,  24.3, 1008.6, 0.046,-0.003,  185,   4.2,   2.3
11-Oct-2000 19:00, 0.723,  29.5,  24.3, 1009.0, 0.051, 0.005,  186,   5.1,   3.3
11-Oct-2000 20:00, 0.691,  29.4,  25.2, 1009.8, 0.093, 0.051,  185,   4.9,   3.2
11-Oct-2000 21:00, 0.620,  29.4,  27.0, 1010.4, 0.089, 0.055,  169,   3.7,   1.1
11-Oct-2000 22:00, 0.537,  29.4,  27.3, 1010.8, 0.059, 0.032,  333,   2.6,   2.1
11-Oct-2000 23:00, 0.503,  29.5,  27.6, 1010.4, 0.058, 0.034,  344,   3.2,   2.0
12-Oct-2000 00:00, 0.513,  29.6,  28.0, 1010.1, 0.067, 0.039,   29,   3.3,   2.2
12-Oct-2000 01:00, 0.550,  29.8,  28.1, 1009.1, 0.060, 0.027,  348,   3.6,   2.1
12-Oct-2000 02:00, 0.634,  29.7,  28.3, 1008.1, 0.064, 0.022,  359,   3.7,   2.7
12-Oct-2000 03:00, 0.740,  29.8,  28.7, 1007.3, 0.081, 0.029,  344,   3.3,   2.6
12-Oct-2000 04:00, 0.814,  30.1,  28.6, 1006.5, 0.080, 0.020,  328,   5.1,   2.7
12-Oct-2000 05:00, 0.868,  30.2,  28.8, 1006.5, 0.073, 0.006,  325,   5.0,   3.2
12-Oct-2000 06:00, 0.872,  30.1,  28.6, 1007.2, 0.043,-0.024,  316,   4.9,   2.0
12-Oct-2000 07:00, 0.856,  30.2,  27.4, 1007.9, 0.041,-0.018,   46,   6.3,   4.9
12-Oct-2000 08:00, 0.856,  30.1,  26.9, 1008.2, 0.089, 0.035,  173,   6.1,   3.2
12-Oct-2000 09:00, 0.808,  30.0,  26.0, 1009.0, 0.099, 0.050,  175,   4.0,   2.5
12-Oct-2000 10:00, 0.715,  29.8,  25.9, 1009.1, 0.063, 0.021,  186,   4.6,   3.3
12-Oct-2000 11:00, 0.656,  29.8,  25.5, 1009.5, 0.053, 0.013,  194,   4.3,   2.6
12-Oct-2000 12:00, 0.623,  29.6,  25.3, 1009.2, 0.050, 0.013,  193,   4.5,   2.8
12-Oct-2000 13:00, 0.619,  29.7,  24.8, 1008.7, 0.046, 0.006,  187,   4.8,   3.2
12-Oct-2000 14:00, 0.680,  29.6,  24.7, 1007.9, 0.074, 0.029,  194,   4.4,   2.1
12-Oct-2000 15:00, 0.758,  29.6,  24.4, 1007.0, 0.101, 0.047,  183,   4.6,   2.9
12-Oct-2000 16:00, 0.818,  29.4,  24.1, 1006.7, 0.115, 0.052,  185,   5.2,   2.8
12-Oct-2000 17:00, 0.866,  29.4,  24.1, 1006.7, 0.134, 0.069,  184,   5.6,   3.2
12-Oct-2000 18:00, 0.830,  29.4,  23.7, 1007.0, 0.090, 0.025,  186,   5.5,   3.5
12-Oct-2000 19:00, 0.773,  29.4,  23.6, 1007.7, 0.067, 0.005,  184,   5.9,   3.2
12-Oct-2000 20:00, 0.762,  29.4,  24.7, 1008.3, 0.119, 0.064,  188,   5.4,   3.4
12-Oct-2000 21:00, 0.710,  29.3,  26.5, 1009.0, 0.130, 0.082,  185,   5.1,   2.4
12-Oct-2000 22:00, 0.610,  29.3,  28.0, 1009.2, 0.084, 0.042,   34,   3.1,   2.3
12-Oct-2000 23:00, 0.554,  29.4,  27.9, 1009.1, 0.063, 0.023,   20,   4.0,   3.4
13-Oct-2000 00:00, 0.553,  29.6,  27.8, 1008.8, 0.073, 0.031,   22,   4.5,   3.0
13-Oct-2000 01:00, 0.577,  29.8,  28.0, 1008.2, 0.064, 0.020,  338,   4.0,   2.9
13-Oct-2000 02:00, 0.658,  29.8,  28.2, 1007.1, 0.072, 0.021,  355,   4.2,   2.7
13-Oct-2000 03:00, 0.765,  30.0,  28.5, 1006.4, 0.086, 0.025,  342,   4.3,   3.2
13-Oct-2000 04:00, 0.846,  30.1,  29.0, 1005.7, 0.084, 0.015,  347,   4.4,   2.5
13-Oct-2000 05:00, 0.908,  30.0,  29.1, 1005.8, 0.089, 0.013,   46,   3.3,   2.2
13-Oct-2000 06:00, 0.911,  29.8,  26.6, 1006.6, 0.057,-0.017,  134,   5.4,   3.6
13-Oct-2000 07:00, 0.863,  29.9,  26.5, 1007.4, 0.018,-0.047,  161,   5.0,   1.4
13-Oct-2000 08:00, 0.865,  29.8,  26.1, 1008.0, 0.075, 0.018,  142,   4.2,   1.9
13-Oct-2000 09:00, 0.830,  29.6,  24.9, 1008.6, 0.115, 0.064,  113,   4.2,   1.6
13-Oct-2000 10:00, 0.745,  29.7,  24.9, 1008.8, 0.105, 0.059,  213,   3.1,   1.8
13-Oct-2000 11:00, 0.647,  29.5,  25.2, 1009.1, 0.071, 0.028,  189,   4.0,   2.4
13-Oct-2000 12:00, 0.591,  29.5,  24.9, 1009.0, 0.062, 0.021,  192,   4.3,   2.8
13-Oct-2000 13:00, 0.575,  29.6,  24.8, 1008.6, 0.064, 0.022,  181,   4.9,   2.9
13-Oct-2000 14:00, 0.601,  29.6,  24.6, 1007.9, 0.070, 0.023,  189,   5.2,   3.5
13-Oct-2000 15:00, 0.667,  29.6,  24.5, 1007.6, 0.087, 0.033,  190,   5.1,   3.5
13-Oct-2000 16:00, 0.743,  29.6,  23.9, 1007.4, 0.105, 0.049,  180,   5.4,   1.6
13-Oct-2000 17:00, 0.809,  29.5,  23.9, 1007.4, 0.130, 0.072,  197,   5.0,   2.7
13-Oct-2000 18:00, 0.827,  29.4,  23.8, 1007.9, 0.120, 0.062,  187,   5.0,   2.9
13-Oct-2000 19:00, 0.765,  29.4,  23.8, 1008.7, 0.057, 0.005,  195,   5.4,   2.9
13-Oct-2000 20:00, 0.744,  29.3,  24.4, 1009.4, 0.076, 0.031,  189,   5.5,   3.3
13-Oct-2000 21:00, 0.727,  29.3,  26.7, 1010.2, 0.111, 0.074,  186,   5.3,   2.4
13-Oct-2000 22:00, 0.658,  29.3,  27.8, 1010.6, 0.088, 0.059,   26,   3.1,   1.8
13-Oct-2000 23:00, 0.583,  29.5,  28.4, 1010.5, 0.046, 0.020,   15,   2.3,   1.6
14-Oct-2000 00:00, 0.568,  29.7,  28.4, 1010.1, 0.041, 0.013,   36,   4.0,   3.3
14-Oct-2000 01:00, 0.593,  29.8,  28.5, 1009.4, 0.045, 0.013,   32,   4.2,   3.1
14-Oct-2000 02:00, 0.672,  30.0,  28.6, 1008.6, 0.062, 0.023,   22,   3.8,   2.7
14-Oct-2000 03:00, 0.784,  30.1,  28.9, 1007.9, 0.083, 0.036,  348,   3.3,   2.3
14-Oct-2000 04:00, 0.887,  30.3,  28.9, 1007.5, 0.095, 0.041,  340,   4.4,   2.9
14-Oct-2000 05:00, 0.972,  30.4,  29.1, 1007.3, 0.118, 0.060,  320,   3.9,   2.4
14-Oct-2000 06:00, 0.994,  30.2,  29.1, 1007.8, 0.110, 0.051,  310,   3.2,   1.7
14-Oct-2000 07:00, 0.935,  30.2,  29.3, 1008.5, 0.055, 0.001,   19,   2.3,   1.3
14-Oct-2000 08:00, 0.876,  30.2,  27.8, 1009.2, 0.052, 0.005,  163,   3.0,   1.9
14-Oct-2000 09:00, 0.844,  30.1,  27.1, 1010.1, 0.108, 0.070,  183,   3.6,   2.2
14-Oct-2000 10:00, 0.781,  30.1,  26.6, 1010.5, 0.138, 0.107,  191,   4.2,   2.8
14-Oct-2000 11:00, 0.660,  30.0,  26.1, 1011.3, 0.098, 0.072,  182,   4.8,   2.8
14-Oct-2000 12:00, 0.562,  29.9,  25.5, 1011.4, 0.064, 0.045,  169,   4.4,   3.0
14-Oct-2000 13:00, 0.540,  29.8,  25.1, 1011.1, 0.079, 0.061,  178,   4.8,   2.8
14-Oct-2000 14:00, 0.548,  29.7,  24.7, 1010.2, 0.086, 0.064,  191,   4.9,   2.7
14-Oct-2000 15:00, 0.594,  29.6,  24.8, 1009.7, 0.095, 0.064,  185,   4.9,   2.8
14-Oct-2000 16:00, 0.664,  29.6,  24.6, 1009.6, 0.108, 0.073,  180,   5.2,   3.5
14-Oct-2000 17:00, 0.730,  29.6,  24.2, 1009.5, 0.121, 0.084,  189,   5.7,   3.5
14-Oct-2000 18:00, 0.783,  29.6,  24.0, 1009.8, 0.136, 0.100,  187,   5.4,   3.5
14-Oct-2000 19:00, 0.754,  29.5,  23.9, 1010.2, 0.082, 0.048,  185,   5.5,   3.2
14-Oct-2000 20:00, 0.730,  29.5,  24.6, 1011.3, 0.065, 0.036,  184,   5.8,   2.5
14-Oct-2000 21:00, 0.742,  29.5,  27.2, 1011.9, 0.111, 0.092,  182,   4.8,   2.6
14-Oct-2000 22:00, 0.728,  29.5,  28.1, 1012.0, 0.131, 0.118,   29,   3.4,   2.5
14-Oct-2000 23:00, 0.678,  29.6,  28.5, 1011.6, 0.103, 0.090,   27,   4.1,   3.0
15-Oct-2000 00:00, 0.623,  29.9,  28.5, 1011.1, 0.053, 0.036,   37,   4.6,   4.2
15-Oct-2000 01:00, 0.646,  30.1,  28.7, 1010.3, 0.057, 0.035,   40,   5.0,   4.2
15-Oct-2000 02:00, 0.719,  30.2,  28.8, 1009.3, 0.077, 0.047,   34,   5.2,   3.4
15-Oct-2000 03:00, 0.816,  30.0,  28.9, 1008.5, 0.090, 0.050,  349,   3.8,   3.0
15-Oct-2000 04:00, 0.921,  30.2,  29.3, 1008.3, 0.101, 0.054,   21,   3.3,   2.1
15-Oct-2000 05:00, 1.019,  30.5,  29.0, 1008.0, 0.126, 0.077,   32,   3.0,   1.8
15-Oct-2000 06:00, 1.071,  30.2,  29.4, 1008.1, 0.148, 0.096,   39,   3.1,   2.4
15-Oct-2000 07:00, 1.016,  30.4,  29.5, 1008.5, 0.099, 0.048,   41,   2.8,   1.8
15-Oct-2000 08:00, 0.934,  30.3,  29.1, 1009.1, 0.068, 0.021,   91,   4.0,   1.7
15-Oct-2000 09:00, 0.867,  30.1,  27.4, 1009.8, 0.097, 0.056,  187,   2.2,   1.3
15-Oct-2000 10:00, 0.784,  30.1,  27.9, 1010.4, 0.122, 0.088,  168,   2.7,   0.6
15-Oct-2000 11:00, 0.669,  29.9,  27.3, 1010.6, 0.105, 0.077,  198,   3.2,   1.5
15-Oct-2000 12:00, 0.528,  29.8,  27.2, 1010.8, 0.043, 0.017,  189,   3.6,   2.2
15-Oct-2000 13:00, 0.469,  29.7,  26.8, 1010.6, 0.038, 0.013,  178,   3.8,   1.5
15-Oct-2000 14:00, 0.469,  29.7,  26.2, 1010.0, 0.059, 0.032,  185,   4.3,   2.3
15-Oct-2000 15:00, 0.496,  29.7,  26.0, 1009.9, 0.069, 0.037,  190,   3.9,   2.6
15-Oct-2000 16:00, 0.563,  29.8,  26.1, 1009.6, 0.088, 0.054,  186,   4.4,   2.9
15-Oct-2000 17:00, 0.641,  29.8,  25.5, 1009.5, 0.110, 0.073,  188,   4.0,   3.0
15-Oct-2000 18:00, 0.703,  29.8,  25.3, 1010.0, 0.128, 0.091,  176,   4.4,   2.3
15-Oct-2000 19:00, 0.719,  29.7,  25.1, 1010.3, 0.110, 0.078,  188,   4.2,   2.3
15-Oct-2000 20:00, 0.693,  29.7,  26.1, 1010.9, 0.065, 0.036,  183,   4.6,   2.6
15-Oct-2000 21:00, 0.704,  29.7,  28.3, 1011.3, 0.084, 0.061,  307,   3.4,   0.9
15-Oct-2000 22:00, 0.732,  29.7,  27.8, 1011.4, 0.130, 0.111,  354,   2.8,   2.2
15-Oct-2000 23:00, 0.675,  29.7,  28.5, 1011.0, 0.081, 0.063,    5,   3.3,   2.1
16-Oct-2000 00:00, 0.635,  30.0,  28.8, 1010.6, 0.036, 0.014,   34,   3.7,   3.0
16-Oct-2000 01:00, 0.671,  29.9,  28.9, 1009.8, 0.046, 0.019,   34,   4.2,   3.4
16-Oct-2000 02:00, 0.749,  30.2,  29.1, 1008.9, 0.074, 0.039,   40,   4.6,   4.1
16-Oct-2000 03:00, 0.848,  30.1,  29.1, 1008.0, 0.098, 0.054,   33,   5.3,   4.0
16-Oct-2000 04:00, 0.946,  30.3,  29.2, 1007.8, 0.104, 0.051,   39,   4.6,   3.8
16-Oct-2000 05:00, 1.044,  30.3,  29.8, 1008.3, 0.122, 0.068,   51,   5.6,   2.1
16-Oct-2000 06:00, 1.100,  30.3,  28.5, 1008.2, 0.137, 0.087,  180,   6.2,   2.6
16-Oct-2000 07:00, 1.045,  30.3,  29.3, 1008.7, 0.089, 0.039,  207,   4.7,   2.2
16-Oct-2000 08:00, 0.959,  30.3,  27.6, 1009.2, 0.050, 0.005,  200,   4.2,   2.5
16-Oct-2000 09:00, 0.906,  30.2,  26.8, 1009.5, 0.089, 0.049,  143,   4.2,   0.9
16-Oct-2000 10:00, 0.817,  30.2,  26.4, 1009.9, 0.118, 0.082,  186,   4.2,   2.5
16-Oct-2000 11:00, 0.672,  30.1,  26.0, 1010.0, 0.086, 0.053,  188,   4.8,   3.0
16-Oct-2000 12:00, 0.536,  30.0,  25.7, 1009.7, 0.044, 0.012,  188,   5.3,   3.1
16-Oct-2000 13:00, 0.467,  30.0,  25.3, 1009.4, 0.042, 0.007,  186,   5.1,   2.7
16-Oct-2000 14:00, 0.445,  29.8,  25.2, 1009.0, 0.060, 0.021,  183,   5.5,   2.7
16-Oct-2000 15:00, 0.452,  29.7,  25.0, 1008.4, 0.072, 0.030,  181,   5.4,   2.6
16-Oct-2000 16:00, 0.476,  29.6,  24.6, 1008.1, 0.069, 0.020,  181,   5.1,   2.2
16-Oct-2000 17:00, 0.543,  29.7,  24.6, 1008.1, 0.086, 0.035,  186,   5.5,   3.5
16-Oct-2000 18:00, 0.613,  29.6,  24.3, 1008.2, 0.109, 0.058,  187,   5.4,   2.8
16-Oct-2000 19:00, 0.617,  29.6,  24.3, 1008.5, 0.078, 0.028,  189,   5.6,   2.9
16-Oct-2000 20:00, 0.626,  29.6,  25.2, 1009.1, 0.059, 0.012,  189,   5.9,   3.6
16-Oct-2000 21:00, 0.677,  29.6,  27.8, 1009.9, 0.094, 0.054,  178,   5.1,   1.7
16-Oct-2000 22:00, 0.715,  29.6,  29.5, 1010.1, 0.130, 0.098,   74,   4.4,   2.5
16-Oct-2000 23:00, 0.712,  29.7,  29.0, 1009.9, 0.123, 0.091,   46,   5.5,   4.5
17-Oct-2000 00:00, 0.683,  29.7,  29.1, 1009.5, 0.075, 0.042,   47,   6.0,   5.0
17-Oct-2000 01:00, 0.686,  29.9,  29.2, 1008.4, 0.043, 0.004,   40,   5.1,   4.2
17-Oct-2000 02:00, 0.758,  30.0,  29.1, 1007.6, 0.060, 0.011,   39,   5.4,   4.3
17-Oct-2000 03:00, 0.852,  30.2,  29.2, 1007.0, 0.083, 0.025,   45,   6.1,   4.5
17-Oct-2000 04:00, 0.935,  30.3,  26.4, 1007.2, 0.080, 0.018,  199,   7.6,   4.6
17-Oct-2000 05:00, 1.044,  30.2,  26.4, 1006.6, 0.106, 0.045,  199,   6.2,   3.8
17-Oct-2000 06:00, 1.119,  30.1,  27.5, 1006.6, 0.129, 0.063,  185,   5.5,   3.4
17-Oct-2000 07:00, 1.097,  30.1,  27.6, 1007.3, 0.102, 0.037,  177,   4.8,   2.2
17-Oct-2000 08:00, 1.008,  30.1,  26.6, 1008.1, 0.057,-0.001,  188,   4.1,   2.7
17-Oct-2000 09:00, 0.943,  30.0,  26.6, 1008.6, 0.077, 0.026,  190,   4.7,   2.7
17-Oct-2000 10:00, 0.867,  29.8,  26.0, 1009.0, 0.119, 0.073,  187,   4.6,   3.2
17-Oct-2000 11:00, 0.753,  29.7,  25.7, 1009.4, 0.127, 0.085,  193,   4.8,   3.3
17-Oct-2000 12:00, 0.612,  29.6,  25.6, 1009.0, 0.090, 0.051,  185,   4.9,   3.1
17-Oct-2000 13:00, 0.495,  29.5,  25.1, 1008.7, 0.051, 0.009,  191,   4.2,   3.2
17-Oct-2000 14:00, 0.445,  29.5,  24.9, 1008.0, 0.052, 0.006,  194,   5.1,   2.6
17-Oct-2000 15:00, 0.429,  29.6,  24.7, 1007.7, 0.063, 0.011,  186,   4.9,   3.0
17-Oct-2000 16:00, 0.451,  29.6,  24.8, 1007.1, 0.081, 0.025,  184,   5.1,   3.1
17-Oct-2000 17:00, 0.485,  29.7,  24.5, 1007.2, 0.086, 0.024,  195,   4.6,   2.2
17-Oct-2000 18:00, 0.538,  29.7,  24.3, 1008.0, 0.099, 0.039,  179,   3.8,   1.6
17-Oct-2000 19:00, 0.568,  29.7,  24.5, 1008.8, 0.095, 0.044,  187,   4.1,   0.4
17-Oct-2000 20:00, 0.565,  29.7,  25.1, 1009.1, 0.065, 0.021,  165,   2.6,   1.4
17-Oct-2000 21:00, 0.577,  29.7,  26.6, 1009.5, 0.051, 0.011,  332,   2.8,   1.3
17-Oct-2000 22:00, 0.618,  29.7,  28.2, 1009.5, 0.073, 0.036,   44,   3.2,   1.7
17-Oct-2000 23:00, 0.684,  29.9,  28.4, 1008.8, 0.119, 0.081,   41,   5.8,   4.3
18-Oct-2000 00:00, 0.709,  30.0,  29.3, 1008.2, 0.113, 0.068,   51,   6.8,   5.7
18-Oct-2000 01:00, 0.706,  30.0,  29.4, 1007.6, 0.063, 0.012,   53,   7.6,   5.7
18-Oct-2000 02:00, 0.753,  30.4,  29.6, 1006.5, 0.046,-0.011,   59,  10.8,   8.1
18-Oct-2000 03:00, 0.858,  30.3,  30.3, 1005.6, 0.078, 0.010,   70,  10.8,   7.5
18-Oct-2000 04:00, 0.940,  30.2,  30.2, 1005.5, 0.080, 0.004,   74,   9.3,   5.9
18-Oct-2000 05:00, 1.028,  30.2,  30.3, 1005.7, 0.090, 0.013,   88,   8.4,   4.4
18-Oct-2000 06:00, 1.103,  30.1,  29.6, 1006.2, 0.106, 0.032,   97,   5.4,   2.3
18-Oct-2000 07:00, 1.134,  30.0,  29.3, 1006.8, 0.119, 0.049,  118,   4.6,   2.2
18-Oct-2000 08:00, 1.080,  30.0,  28.8, 1007.7, 0.096, 0.032,  155,   2.9,   1.2
18-Oct-2000 09:00, 0.975,  30.0,  27.7, 1008.3, 0.065, 0.011,  215,   3.4,   1.6
18-Oct-2000 10:00, 0.861,  30.0,  27.4, 1008.5, 0.059, 0.009,  204,   3.1,   1.3
18-Oct-2000 11:00, 0.761,  30.0,  27.1, 1009.2, 0.079, 0.033,  182,   3.2,   2.2
18-Oct-2000 12:00, 0.692,  29.9,  26.9, 1008.6, 0.119, 0.078,  160,   2.6,   1.1
18-Oct-2000 13:00, 0.604,  29.8,  26.7, 1008.7, 0.118, 0.072,  153,   2.3,   1.2
18-Oct-2000 14:00, 0.514,  29.8,  26.6, 1007.7, 0.085, 0.039,  186,   3.4,   1.9
18-Oct-2000 15:00, 0.457,  29.9,  27.6, 1007.3, 0.067, 0.011,  153,   3.2,   0.5
18-Oct-2000 16:00, 0.438,  29.8,  27.5, 1007.2, 0.067, 0.007,  165,   4.4,   1.6
18-Oct-2000 17:00, 0.447,  29.8,  26.1, 1007.4, 0.071, 0.011,  192,   3.6,   1.6
18-Oct-2000 18:00, 0.477,  29.8,  25.7, 1007.7, 0.081, 0.024,  185,   3.8,   2.3
18-Oct-2000 19:00, 0.523,  29.7,  25.8, 1008.0, 0.103, 0.048,  186,   3.5,   2.6
18-Oct-2000 20:00, 0.551,  29.7,  27.1, 1008.8, 0.109, 0.058,  161,   3.2,   1.4
18-Oct-2000 21:00, 0.562,  29.8,  29.4, 1009.2, 0.098, 0.054,  123,   7.8,   4.1
18-Oct-2000 22:00, 0.577,  29.8,  29.6, 1010.1, 0.086, 0.047,   86,   8.0,   4.2
18-Oct-2000 23:00, 0.604,  29.9,  30.1, 1009.8, 0.080, 0.048,   90,   7.3,   3.9
19-Oct-2000 00:00, 0.657,  29.9,  29.6, 1009.4, 0.089, 0.054,   64,   7.1,   4.9
19-Oct-2000 01:00, 0.712,  30.0,  29.9, 1008.9, 0.086, 0.047,   59,   7.6,   5.8
19-Oct-2000 02:00, 0.753,  30.2,  29.5, 1008.4, 0.055, 0.011,   48,   6.8,   5.6
19-Oct-2000 03:00, 0.824,  30.3,  29.7, 1007.4, 0.045,-0.004,   53,   5.5,   2.9
19-Oct-2000 04:00, 0.912,  30.2,  29.3, 1007.0, 0.056,-0.002,   30,   4.7,   2.1
19-Oct-2000 05:00, 0.988,  30.5,  29.2, 1007.1, 0.061,-0.001,   30,   3.8,   2.0
19-Oct-2000 06:00, 1.066,  30.4,  28.4, 1007.5, 0.082, 0.021,  340,   5.4,   3.4
19-Oct-2000 07:00, 1.118,  30.2,  28.1, 1008.3, 0.108, 0.051,  296,   5.8,   3.8
19-Oct-2000 08:00, 1.103,  30.2,  25.2, 1009.4, 0.108, 0.060,  107,  11.6,   6.6
19-Oct-2000 09:00, 1.032,  30.1,  25.0, 1009.5, 0.093, 0.055,  201,   4.4,   3.0
19-Oct-2000 10:00, 0.916,  30.0,  25.3, 1010.4, 0.068, 0.031,  173,   3.8,   1.6
19-Oct-2000 11:00, 0.783,  30.0,  25.4, 1010.7, 0.042, 0.014,  238,   3.1,   1.4
19-Oct-2000 12:00, 0.674,  30.0,  25.2, 1010.7, 0.038, 0.013,  213,   2.3,   0.7
19-Oct-2000 13:00, 0.610,  29.9,  25.4, 1010.0, 0.061, 0.036,  200,   3.8,   1.6
19-Oct-2000 14:00, 0.574,  29.9,  25.4, 1009.3, 0.088, 0.055,  184,   4.0,   2.1
19-Oct-2000 15:00, 0.513,  29.9,  25.6, 1009.1, 0.071, 0.031,  179,   4.3,   3.2
19-Oct-2000 16:00, 0.466,  29.8,  25.4, 1008.7, 0.055, 0.014,  182,   4.1,   2.5
19-Oct-2000 17:00, 0.459,  29.8,  25.8, 1008.5, 0.068, 0.022,  195,   4.3,   2.5
19-Oct-2000 18:00, 0.444,  29.8,  25.7, 1009.3, 0.058, 0.012,  202,   4.6,   2.7
19-Oct-2000 19:00, 0.451,  29.8,  25.7, 1009.3, 0.061, 0.022,  193,   4.1,   2.4
19-Oct-2000 20:00, 0.481,  29.7,  25.8, 1009.8, 0.083, 0.044,  194,   4.5,   2.2
19-Oct-2000 21:00, 0.513,  29.8,  27.0, 1010.8, 0.100, 0.067,  181,   4.9,   2.4
19-Oct-2000 22:00, 0.533,  29.8,  28.9, 1011.3, 0.096, 0.072,  298,   3.4,   2.1
19-Oct-2000 23:00, 0.551,  29.9,  28.8, 1011.3, 0.076, 0.056,  316,   2.7,   2.2
20-Oct-2000 00:00, 0.608,  30.1,  28.9, 1010.8, 0.078, 0.059,    8,   3.1,   2.0
20-Oct-2000 01:00, 0.679,  30.1,  29.1, 1009.7, 0.081, 0.056,  334,   2.9,   2.4
20-Oct-2000 02:00, 0.744,  30.6,  29.3, 1008.9, 0.066, 0.030,  325,   4.0,   2.7
20-Oct-2000 03:00, 0.827,  30.8,  29.2, 1007.8, 0.062, 0.018,  331,   4.8,   3.9
20-Oct-2000 04:00, 0.904,  30.8,  29.7, 1007.3, 0.061, 0.006,  342,   5.0,   3.7
20-Oct-2000 05:00, 0.983,  31.1,  30.0, 1007.3, 0.074, 0.014,  359,   5.0,   3.8
20-Oct-2000 06:00, 1.047,  30.7,  30.3, 1007.9, 0.088, 0.030,  353,   4.9,   0.7
20-Oct-2000 07:00, 1.081,  30.6,  29.3, 1008.3, 0.096, 0.044,  301,   4.2,   2.9
20-Oct-2000 08:00, 1.091,  30.5,  28.1, 1009.0, 0.113, 0.065,  172,   5.4,   3.7
20-Oct-2000 09:00, 1.061,  30.4,  27.8, 1009.9, 0.122, 0.080,  206,   5.4,   1.2
20-Oct-2000 10:00, 0.979,  30.4,  28.0, 1010.7, 0.108, 0.075,  101,   5.4,   3.4
20-Oct-2000 11:00, 0.862,  30.4,  27.3, 1011.0, 0.078, 0.053,  169,   2.9,   2.0
20-Oct-2000 12:00, 0.762,  30.4,  26.9, 1010.7, 0.067, 0.045,  129,   3.3,   1.9
20-Oct-2000 13:00, 0.673,  30.3,  25.9, 1010.0, 0.056, 0.030,  197,   3.0,   0.7
20-Oct-2000 14:00, 0.622,  30.3,  25.4, 1009.4, 0.065, 0.032,  158,   4.0,   1.8
20-Oct-2000 15:00, 0.587,  30.2,  25.3, 1008.5, 0.075, 0.035,  195,   4.5,   2.0
20-Oct-2000 16:00, 0.532,  30.2,  25.3, 1008.2, 0.056, 0.008,  193,   3.4,   2.7
20-Oct-2000 17:00, 0.510,  30.1,  25.3, 1008.2, 0.068, 0.018,  185,   4.9,   3.7
20-Oct-2000 18:00, 0.505,  30.0,  25.2, 1008.1, 0.090, 0.039,  183,   5.8,   3.0
20-Oct-2000 19:00, 0.482,  29.9,  25.2, 1008.8, 0.086, 0.036,  187,   5.7,   2.7
20-Oct-2000 20:00, 0.463,  29.8,  25.4, 1009.3, 0.082, 0.038,  184,   5.6,   3.6
20-Oct-2000 21:00, 0.480,  29.8,  26.6, 1009.6, 0.100, 0.062,  187,   4.7,   2.1
20-Oct-2000 22:00, 0.506,  29.8,  28.2, 1009.5, 0.110, 0.074,  315,   3.0,   1.5
20-Oct-2000 23:00, 0.535,  29.9,  28.4, 1009.5, 0.104, 0.066,    8,   2.2,   1.7
21-Oct-2000 00:00, 0.582,  29.9,  28.3, 1009.4, 0.095, 0.058,  356,   3.2,   2.5
21-Oct-2000 01:00, 0.638,  30.0,  28.5, 1008.5, 0.075, 0.036,  344,   3.5,   2.3
21-Oct-2000 02:00, 0.723,  30.8,  28.8, 1007.6, 0.070, 0.022,  338,   4.4,   3.3
21-Oct-2000 03:00, 0.818,  30.7,  28.9, 1006.9, 0.074, 0.017,  343,   4.7,   3.6
21-Oct-2000 04:00, 0.891,  30.8,  29.1, 1006.5, 0.065, 0.002,  333,   3.8,   2.4
21-Oct-2000 05:00, 0.952,  30.8,  29.3, 1006.4, 0.064,-0.003,  351,   4.5,   2.5
21-Oct-2000 06:00, 0.998,  30.8,  27.0, 1007.2, 0.069, 0.002,  168,   5.6,   2.4
21-Oct-2000 07:00, 1.021,  30.5,  27.5, 1007.7, 0.071, 0.012,  146,   5.6,   2.6
21-Oct-2000 08:00, 1.005,  30.4,  25.6, 1008.4, 0.062, 0.008,  180,   4.0,   1.9
21-Oct-2000 09:00, 0.997,  30.3,  25.5, 1008.8, 0.085, 0.037,  184,   4.5,   1.7
21-Oct-2000 10:00, 0.963,  30.4,  25.5, 1009.4, 0.100, 0.056,  198,   3.4,   1.4
21-Oct-2000 11:00, 0.898,  30.3,  25.5, 1009.4, 0.096, 0.058,  182,   4.0,   2.1
21-Oct-2000 12:00, 0.820,  30.3,  25.7, 1009.4, 0.086, 0.048,  192,   4.4,   2.8
21-Oct-2000 13:00, 0.753,  30.2,  25.6, 1008.9, 0.081, 0.042,  183,   4.5,   2.8
21-Oct-2000 14:00, 0.689,  30.2,  25.7, 1008.4, 0.065, 0.021,  186,   4.7,   3.0
21-Oct-2000 15:00, 0.646,  29.9,  25.0, 1007.8, 0.060, 0.011,  189,   4.9,   3.0
21-Oct-2000 16:00, 0.618,  29.8,  25.3, 1007.5, 0.068, 0.013,  188,   5.3,   3.3
21-Oct-2000 17:00, 0.578,  29.8,  24.9, 1007.7, 0.065, 0.008,  183,   5.3,   3.3
21-Oct-2000 18:00, 0.546,  29.8,  25.3, 1008.6, 0.072, 0.018,  190,   5.5,   3.6
21-Oct-2000 19:00, 0.519,  29.7,  24.6, 1008.7, 0.081, 0.035,  190,   4.7,   3.4
21-Oct-2000 20:00, 0.485,  29.7,  25.5, 1009.2, 0.082, 0.037,  189,   5.8,   3.4
21-Oct-2000 21:00, 0.458,  29.8,  27.1, 1010.1, 0.079, 0.040,  184,   5.6,   2.2
21-Oct-2000 22:00, 0.472,  29.9,  28.5, 1009.7, 0.096, 0.065,   50,   3.1,   2.5
21-Oct-2000 23:00, 0.504,  30.0,  28.5, 1009.2, 0.101, 0.065,   42,   4.5,   3.8
22-Oct-2000 00:00, 0.555,  30.2,  28.3, 1008.6, 0.098, 0.057,   38,   4.7,   4.4
22-Oct-2000 01:00, 0.623,  30.5,  28.6, 1007.8, 0.092, 0.045,   29,   4.4,   3.0
22-Oct-2000 02:00, 0.696,  30.6,  28.9, 1007.1, 0.073, 0.018,   18,   4.8,   3.6
22-Oct-2000 03:00, 0.795,  30.6,  29.2, 1006.2, 0.072, 0.010,  347,   4.0,   2.7
22-Oct-2000 04:00, 0.872,  30.6,  29.3, 1006.0, 0.065,-0.006,  293,   4.2,   3.3
22-Oct-2000 05:00, 0.915,  30.5,  29.4, 1006.3, 0.049,-0.023,   16,   3.3,   1.4
22-Oct-2000 06:00, 0.958,  30.7,  29.5, 1006.5, 0.059,-0.010,  353,   1.9,   0.7
22-Oct-2000 07:00, 0.984,  30.5,  29.3, 1007.1, 0.074, 0.007,  337,   2.1,   1.0
22-Oct-2000 08:00, 0.976,  30.5,  28.8, 1007.5, 0.076, 0.015,  201,   2.2,   1.0
22-Oct-2000 09:00, 0.951,  30.5,  27.4, 1008.2, 0.082, 0.026,  136,   4.2,   1.6
22-Oct-2000 10:00, 0.917,  30.4,  26.5, 1008.9, 0.091, 0.041,  187,   3.0,   2.3
22-Oct-2000 11:00, 0.868,  30.4,  26.5, 1009.5, 0.085, 0.043,  192,   4.3,   2.0
22-Oct-2000 12:00, 0.824,  30.4,  25.8, 1008.9, 0.080, 0.043,  185,   4.9,   3.5
22-Oct-2000 13:00, 0.790,  30.4,  25.5, 1007.9, 0.086, 0.043,  190,   5.9,   3.4
22-Oct-2000 14:00, 0.751,  30.3,  24.9, 1007.4, 0.082, 0.028,  188,   5.9,   3.9
22-Oct-2000 15:00, 0.710,  30.2,  24.7, 1007.2, 0.065, 0.008,  189,   5.3,   3.2
22-Oct-2000 16:00, 0.677,  30.2,  24.7, 1006.4, 0.058,-0.003,  188,   5.9,   3.7
22-Oct-2000 17:00, 0.636,  30.2,  24.6, 1006.9, 0.051,-0.016,  184,   5.6,   3.0
22-Oct-2000 18:00, 0.610,  30.1,  24.4, 1007.0, 0.067, 0.004,  187,   6.3,   4.1
22-Oct-2000 19:00, 0.586,  30.0,  24.5, 1007.7, 0.086, 0.025,  187,   5.6,   3.4
22-Oct-2000 20:00, 0.542,  29.9,  25.2, 1008.6, 0.086, 0.031,  185,   5.0,   3.8
22-Oct-2000 21:00, 0.502,  29.9,  27.6, 1009.1, 0.087, 0.042,  186,   5.1,   2.1
22-Oct-2000 22:00, 0.480,  30.0,  28.7, 1009.5, 0.090, 0.049,   39,   3.3,   2.5
22-Oct-2000 23:00, 0.484,  30.1,  28.4, 1009.2, 0.085, 0.047,   35,   3.7,   2.6
23-Oct-2000 00:00, 0.534,  30.2,  28.6, 1008.8, 0.088, 0.048,   41,   3.4,   3.0
23-Oct-2000 01:00, 0.607,  30.2,  28.7, 1007.9, 0.090, 0.045,   34,   3.9,   2.9
23-Oct-2000 02:00, 0.681,  30.4,  28.8, 1006.8, 0.077, 0.023,   15,   4.7,   3.9
23-Oct-2000 03:00, 0.774,  30.4,  28.8, 1006.0, 0.072, 0.007,  337,   3.9,   2.4
23-Oct-2000 04:00, 0.850,  30.4,  29.0, 1005.8, 0.057,-0.015,   13,   3.3,   1.9
23-Oct-2000 05:00, 0.907,  30.4,  29.2, 1005.9, 0.057,-0.018,  299,   3.3,   1.3
23-Oct-2000 06:00, 0.939,  30.4,  25.7, 1006.9, 0.064,-0.007,  189,   7.6,   4.1
23-Oct-2000 07:00, 0.941,  30.4,  25.5, 1007.2, 0.067, 0.004,  183,   5.5,   3.8
23-Oct-2000 08:00, 0.925,  30.3,  25.2, 1008.1, 0.069, 0.010,  157,   4.9,   1.7
23-Oct-2000 09:00, 0.887,  30.3,  25.3, 1008.5, 0.066, 0.016,  187,   6.0,   3.3
23-Oct-2000 10:00, 0.847,  30.2,  25.4, 1008.8, 0.071, 0.024,  203,   5.2,   2.2
23-Oct-2000 11:00, 0.811,  30.2,  25.0, 1009.1, 0.073, 0.029,  202,   4.2,   2.7
23-Oct-2000 12:00, 0.788,  30.1,  24.8, 1009.1, 0.075, 0.033,  191,   4.6,   2.1
23-Oct-2000 13:00, 0.798,  30.1,  24.6, 1008.8, 0.097, 0.056,  184,   5.3,   2.9
23-Oct-2000 14:00, 0.791,  29.9,  24.9, 1007.9, 0.104, 0.059,  189,   5.4,   3.1
23-Oct-2000 15:00, 0.754,  29.9,  24.4, 1007.9, 0.079, 0.026,  193,   5.2,   2.6
23-Oct-2000 16:00, 0.719,  29.9,  24.4, 1007.5, 0.054, 0.000,  185,   4.7,   3.1
23-Oct-2000 17:00, 0.685,  29.9,  24.7, 1007.6, 0.044,-0.013,  187,   4.6,   2.9
23-Oct-2000 18:00, 0.651,  29.8,  24.9, 1008.1, 0.047,-0.009,  190,   5.0,   2.9
23-Oct-2000 19:00, 0.630,  29.8,  24.7, 1008.8, 0.067, 0.016,  186,   4.6,   2.7
23-Oct-2000 20:00, 0.612,  29.7,  25.4, 1009.8, 0.093, 0.050,  190,   4.4,   2.7
23-Oct-2000 21:00, 0.563,  29.7,  26.2, 1010.4, 0.087, 0.054,  172,   4.4,   2.2
23-Oct-2000 22:00, 0.511,  29.7,  27.4, 1010.8, 0.072, 0.045,  309,   3.6,   1.7
23-Oct-2000 23:00, 0.499,  29.8,  27.9, 1010.7, 0.072, 0.048,  306,   3.3,   2.6
24-Oct-2000 00:00, 0.518,  30.0,  28.0, 1010.1, 0.061, 0.036,    0,   3.4,   2.5
24-Oct-2000 01:00, 0.602,  30.2,  28.3, 1009.0, 0.078, 0.046,    6,   4.0,   3.2
24-Oct-2000 02:00, 0.683,  30.6,  28.7, 1007.8, 0.077, 0.033,  342,   3.4,   2.5
24-Oct-2000 03:00, 0.767,  30.7,  28.7, 1007.0, 0.072, 0.017,  298,   4.8,   3.5
24-Oct-2000 04:00, 0.857,  30.6,  29.0, 1006.8, 0.073, 0.011,  342,   6.2,   5.2
24-Oct-2000 05:00, 0.894,  30.8,  29.7, 1006.2, 0.049,-0.016,  337,   6.0,   3.5
24-Oct-2000 06:00, 0.901,  30.8,  29.6, 1006.9, 0.039,-0.030,   58,   4.1,   2.2
24-Oct-2000 07:00, 0.928,  30.5,  29.2, 1007.7, 0.080, 0.018,  111,   4.7,   3.2
24-Oct-2000 08:00, 0.905,  30.5,  28.3, 1008.5, 0.089, 0.035,  131,   4.7,   3.2
24-Oct-2000 09:00, 0.832,  30.4,  28.1, 1009.1, 0.060, 0.014,  166,   3.7,   1.6
24-Oct-2000 10:00, 0.773,  30.5,  27.1, 1009.5, 0.051, 0.010,  181,   4.1,   3.1
24-Oct-2000 11:00, 0.731,  30.3,  26.5, 1010.2, 0.051, 0.015,  177,   4.7,   2.6
24-Oct-2000 12:00, 0.714,  30.3,  26.2, 1009.9, 0.058, 0.028,  187,   5.1,   3.4
24-Oct-2000 13:00, 0.735,  30.2,  26.2, 1009.0, 0.077, 0.042,  189,   5.5,   3.2
24-Oct-2000 14:00, 0.763,  30.2,  25.9, 1008.5, 0.092, 0.049,  197,   5.3,   2.4
24-Oct-2000 15:00, 0.775,  30.2,  25.6, 1008.1, 0.100, 0.052,  187,   4.7,   2.1
24-Oct-2000 16:00, 0.761,  30.2,  25.5, 1007.8, 0.081, 0.030,  187,   4.1,   2.6
24-Oct-2000 17:00, 0.723,  30.1,  25.4, 1007.8, 0.049,-0.006,  192,   3.5,   1.7
24-Oct-2000 18:00, 0.673,  30.1,  25.0, 1008.5, 0.026,-0.027,  194,   4.2,   1.9
24-Oct-2000 19:00, 0.670,  30.0,  24.9, 1008.7, 0.059, 0.012,  198,   3.4,   2.8
24-Oct-2000 20:00, 0.661,  29.9,  26.7, 1009.3, 0.086, 0.041,  195,   4.3,   1.9
24-Oct-2000 21:00, 0.616,  29.9,  28.9, 1010.1, 0.078, 0.039,  147,   3.3,   0.4
24-Oct-2000 22:00, 0.561,  30.0,  28.3, 1010.4, 0.059, 0.028,  340,   2.4,   1.7
24-Oct-2000 23:00, 0.544,  30.2,  28.4, 1010.2, 0.062, 0.034,    9,   4.1,   3.7
25-Oct-2000 00:00, 0.562,  30.3,  28.6, 1009.7, 0.067, 0.037,  350,   4.6,   2.6
25-Oct-2000 01:00, 0.625,  30.4,  28.5, 1008.9, 0.078, 0.042,  337,   4.0,   3.2
25-Oct-2000 02:00, 0.710,  30.6,  28.9, 1007.9, 0.081, 0.036,  355,   4.4,   3.2
25-Oct-2000 03:00, 0.804,  30.6,  29.0, 1007.5, 0.093, 0.039,  345,   3.9,   2.6
25-Oct-2000 04:00, 0.883,  30.7,  29.2, 1007.0, 0.095, 0.037,  342,   3.5,   2.1
25-Oct-2000 05:00, 0.915,  30.7,  29.4, 1006.7, 0.064, 0.001,    5,   3.4,   1.9
25-Oct-2000 06:00, 0.904,  31.1,  29.5, 1007.1, 0.038,-0.027,  358,   3.2,   2.0
25-Oct-2000 07:00, 0.887,  30.8,  29.4, 1007.8, 0.049,-0.011,   14,   2.9,   2.0
25-Oct-2000 08:00, 0.872,  31.0,  29.4, 1008.4, 0.083, 0.030,   58,   3.4,   1.7
25-Oct-2000 09:00, 0.827,  30.7,  28.2, 1009.1, 0.096, 0.049,  179,   3.0,   2.3
25-Oct-2000 10:00, 0.736,  30.8,  27.4, 1009.8, 0.065, 0.025,  198,   3.6,   2.3
25-Oct-2000 11:00, 0.666,  30.7,  27.0, 1010.0, 0.046, 0.012,  192,   4.1,   3.0
25-Oct-2000 12:00, 0.637,  30.7,  26.6, 1009.6, 0.047, 0.015,  187,   4.4,   3.2
25-Oct-2000 13:00, 0.646,  30.7,  26.2, 1009.1, 0.056, 0.019,  187,   4.7,   3.5
25-Oct-2000 14:00, 0.694,  30.7,  26.0, 1008.6, 0.076, 0.034,  189,   5.8,   3.9
25-Oct-2000 15:00, 0.729,  30.6,  25.7, 1008.2, 0.083, 0.037,  187,   5.2,   3.5
25-Oct-2000 16:00, 0.759,  30.5,  25.2, 1008.0, 0.097, 0.046,  172,   4.2,   1.7
25-Oct-2000 17:00, 0.763,  30.5,  25.2, 1008.1, 0.088, 0.036,  198,   4.6,   3.1
25-Oct-2000 18:00, 0.713,  30.4,  24.8, 1008.7, 0.046,-0.005,  189,   4.1,   2.9
25-Oct-2000 19:00, 0.679,  30.3,  24.7, 1009.3, 0.041,-0.004,  186,   4.7,   3.4
25-Oct-2000 20:00, 0.713,  30.2,  25.8, 1009.7, 0.103, 0.064,  156,   5.4,   2.9
25-Oct-2000 21:00, 0.692,  30.3,  28.2, 1010.4, 0.106, 0.071,  163,   4.5,   1.9
25-Oct-2000 22:00, 0.627,  30.4,  27.9, 1010.9, 0.065, 0.037,   28,   3.5,   2.4
25-Oct-2000 23:00, 0.604,  30.5,  28.4, 1010.7, 0.060, 0.037,   27,   3.8,   2.7
26-Oct-2000 00:00, 0.599,  30.5,  28.8, 1010.5, 0.049, 0.024,   23,   4.4,   2.8
26-Oct-2000 01:00, 0.645,  30.5,  29.4, 1009.9, 0.056, 0.028,   24,   4.0,   1.4
26-Oct-2000 02:00, 0.731,  30.9,  29.6, 1008.8, 0.069, 0.035,   40,   5.1,   3.2
26-Oct-2000 03:00, 0.821,  30.8,  29.8, 1007.9, 0.076, 0.031,    7,   3.4,   2.7
26-Oct-2000 04:00, 0.919,  30.9,  29.9, 1007.4, 0.106, 0.052,  351,   3.5,   2.6
26-Oct-2000 05:00, 0.954,  30.9,  30.0, 1007.1, 0.086, 0.028,   10,   3.8,   2.4
26-Oct-2000 06:00, 0.926,  30.6,  30.0, 1007.0, 0.040,-0.022,   31,   3.0,   1.9
26-Oct-2000 07:00, 0.895,  31.0,  29.8, 1007.8, 0.046,-0.016,   41,   3.1,   1.2
26-Oct-2000 08:00, 0.874,  30.8,  29.9, 1008.7, 0.094, 0.040,  352,   2.0,   0.6
26-Oct-2000 09:00, 0.810,  30.9,  28.5, 1009.6, 0.107, 0.063,  182,   2.7,   2.0
26-Oct-2000 10:00, 0.699,  30.9,  28.4, 1010.2, 0.071, 0.035,  155,   3.4,   1.3
26-Oct-2000 11:00, 0.614,  30.9,  28.2, 1010.7, 0.051, 0.022,  165,   2.2,   0.8
26-Oct-2000 12:00, 0.576,  30.8,  27.2, 1010.7, 0.053, 0.028,  186,   2.3,   1.9
26-Oct-2000 13:00, 0.575,  30.7,  26.6, 1010.4, 0.060, 0.035,  185,   2.8,   1.4
26-Oct-2000 14:00, 0.623,  30.7,  26.2, 1009.6, 0.081, 0.052,  189,   3.7,   2.5
26-Oct-2000 15:00, 0.699,  30.7,  26.2, 1009.0, 0.111, 0.074,  173,   4.0,   2.0
26-Oct-2000 16:00, 0.750,  30.7,  25.5, 1008.5, 0.127, 0.084,  170,   4.0,   1.0
26-Oct-2000 17:00, 0.757,  30.6,  25.0, 1008.3, 0.110, 0.062,  149,   4.3,   2.1
26-Oct-2000 18:00, 0.731,  30.6,  25.1, 1008.4, 0.070, 0.021,  193,   4.4,   2.7
26-Oct-2000 19:00, 0.670,  30.6,  24.8, 1008.8, 0.022,-0.026,  183,   4.5,   2.9
26-Oct-2000 20:00, 0.679,  30.4,  25.7, 1009.6, 0.053, 0.010,  190,   5.5,   2.4
26-Oct-2000 21:00, 0.713,  30.2,  28.4, 1010.4, 0.103, 0.068,  173,   3.4,   1.3
26-Oct-2000 22:00, 0.674,  30.4,  28.5, 1010.7, 0.073, 0.045,   30,   2.9,   2.1
26-Oct-2000 23:00, 0.636,  30.6,  28.7, 1010.8, 0.042, 0.017,   34,   3.1,   2.3
27-Oct-2000 00:00, 0.649,  30.6,  29.3, 1010.3, 0.046, 0.022,   57,   5.2,   3.4
27-Oct-2000 01:00, 0.688,  30.7,  29.2, 1009.5, 0.051, 0.021,   42,   5.0,   4.6
27-Oct-2000 02:00, 0.768,  31.0,  29.1, 1008.3, 0.067, 0.029,   40,   5.0,   4.1
27-Oct-2000 03:00, 0.871,  31.1,  29.2, 1007.4, 0.088, 0.038,   38,   5.5,   4.2
27-Oct-2000 04:00, 0.958,  31.1,  29.2, 1006.9, 0.105, 0.046,   28,   4.1,   2.7
27-Oct-2000 05:00, 1.006,  30.7,  29.5, 1006.9, 0.108, 0.045,   35,   4.4,   3.2
27-Oct-2000 06:00, 0.987,  30.9,  29.8, 1007.2, 0.071, 0.008,   18,   3.4,   1.1
27-Oct-2000 07:00, 0.917,  30.9,  29.5, 1007.8, 0.037,-0.023,   52,   3.7,   2.6
27-Oct-2000 08:00, 0.848,  30.7,  29.8, 1008.3, 0.051,-0.003,   58,   4.0,   2.2
27-Oct-2000 09:00, 0.816,  30.7,  28.4, 1009.1, 0.119, 0.071,  180,   3.0,   1.9
27-Oct-2000 10:00, 0.736,  30.7,  27.2, 1009.2, 0.134, 0.093,  199,   4.0,   2.5
27-Oct-2000 11:00, 0.598,  30.7,  27.0, 1009.5, 0.077, 0.037,  193,   4.1,   2.8
27-Oct-2000 12:00, 0.517,  30.7,  26.6, 1009.4, 0.053, 0.015,  195,   4.6,   3.1
27-Oct-2000 13:00, 0.501,  30.6,  26.1, 1009.1, 0.057, 0.018,  189,   4.6,   3.1
27-Oct-2000 14:00, 0.538,  30.6,  25.7, 1008.7, 0.077, 0.035,  191,   4.4,   2.9
27-Oct-2000 15:00, 0.610,  30.6,  25.6, 1007.8, 0.100, 0.053,  187,   4.8,   3.3
27-Oct-2000 16:00, 0.677,  30.6,  25.1, 1007.4, 0.112, 0.057,  191,   5.0,   2.5
27-Oct-2000 17:00, 0.716,  30.6,  24.8, 1007.5, 0.114, 0.056,  184,   5.4,   2.6
27-Oct-2000 18:00, 0.742,  30.5,  24.4, 1007.9, 0.111, 0.055,  187,   5.3,   3.4
27-Oct-2000 19:00, 0.696,  30.4,  24.5, 1008.4, 0.056, 0.003,  188,   5.6,   3.6
27-Oct-2000 20:00, 0.662,  30.3,  25.8, 1009.0, 0.034,-0.014,  181,   5.6,   2.9
27-Oct-2000 21:00, 0.687,  30.3,  28.1, 1009.6, 0.071, 0.030,  172,   4.7,   1.8
27-Oct-2000 22:00, 0.717,  30.3,  28.7, 1009.6, 0.102, 0.066,   15,   3.0,   2.2
27-Oct-2000 23:00, 0.701,  30.4,  29.0, 1009.5, 0.078, 0.042,   17,   3.4,   2.5
28-Oct-2000 00:00, 0.695,  30.5,  28.9, 1009.2, 0.054, 0.016,   34,   5.2,   4.0
28-Oct-2000 01:00, 0.736,  30.7,  29.0, 1008.6, 0.059, 0.018,   11,   4.9,   3.8
28-Oct-2000 02:00, 0.806,  30.8,  29.2, 1007.5, 0.068, 0.021,  332,   5.3,   4.3
28-Oct-2000 03:00, 0.895,  30.8,  29.3, 1006.9, 0.079, 0.021,  268,   5.0,   3.5
28-Oct-2000 04:00, 0.974,  30.8,  29.5, 1006.6, 0.083, 0.020,  304,   5.6,   2.0
28-Oct-2000 05:00, 1.039,  30.5,  29.5, 1006.3, 0.103, 0.037,  358,   2.3,   1.0
28-Oct-2000 06:00, 1.068,  30.7,  29.7, 1006.5, 0.120, 0.051,   66,   3.3,   2.2
28-Oct-2000 07:00, 0.988,  30.8,  29.3, 1007.6, 0.071, 0.005,  122,   6.0,   3.6
28-Oct-2000 08:00, 0.868,  30.7,  29.1, 1008.1, 0.036,-0.020,  133,   4.6,   2.0
28-Oct-2000 09:00, 0.758,  30.5,  28.2, 1008.7, 0.042,-0.009,  179,   2.8,   1.1
28-Oct-2000 10:00, 0.693,  30.6,  27.9, 1009.1, 0.095, 0.050,  178,   2.7,   2.2
28-Oct-2000 11:00, 0.610,  30.5,  26.8, 1009.3, 0.112, 0.071,  183,   4.3,   3.5
28-Oct-2000 12:00, 0.492,  30.5,  26.3, 1009.3, 0.068, 0.029,  177,   4.6,   2.4
28-Oct-2000 13:00, 0.436,  30.4,  26.2, 1008.8, 0.050, 0.010,  182,   4.5,   2.9
28-Oct-2000 14:00, 0.447,  30.4,  25.9, 1008.2, 0.055, 0.010,  183,   4.8,   2.9
28-Oct-2000 15:00, 0.491,  30.5,  25.9, 1007.9, 0.058, 0.007,  190,   5.0,   3.1
28-Oct-2000 16:00, 0.558,  30.4,  25.6, 1007.3, 0.063, 0.009,  181,   5.3,   2.5
28-Oct-2000 17:00, 0.631,  30.1,  25.3, 1007.2, 0.082, 0.023,  189,   4.5,   2.7
28-Oct-2000 18:00, 0.690,  30.2,  25.2, 1007.8, 0.104, 0.044,  180,   4.5,   2.4
28-Oct-2000 19:00, 0.706,  30.1,  25.2, 1008.2, 0.094, 0.040,  177,   4.8,   3.1
28-Oct-2000 20:00, 0.656,  30.1,  25.7, 1008.7, 0.039,-0.011,  188,   5.2,   3.0
28-Oct-2000 21:00, 0.645,  30.1,  28.0, 1009.5, 0.034,-0.010,  192,   4.4,   1.6
28-Oct-2000 22:00, 0.692,  30.0,  29.0, 1009.5, 0.080, 0.043,   98,   3.3,   1.4
28-Oct-2000 23:00, 0.712,  30.2,  29.0, 1009.6, 0.084, 0.047,   44,   4.2,   3.0
29-Oct-2000 00:00, 0.710,  30.4,  29.4, 1009.3, 0.053, 0.017,   59,   7.7,   5.4
29-Oct-2000 01:00, 0.734,  30.4,  29.2, 1008.2, 0.034,-0.007,   60,   8.4,   6.3
29-Oct-2000 02:00, 0.794,  30.7,  29.3, 1008.1, 0.032,-0.018,   63,   9.5,   6.6
29-Oct-2000 03:00, 0.891,  30.5,  26.5, 1007.9, 0.054, 0.003,  172,   7.7,   3.8
29-Oct-2000 04:00, 0.975,  30.5,  26.1, 1007.8, 0.059, 0.006,  181,   6.0,   3.5
29-Oct-2000 05:00, 1.035,  30.5,  25.1, 1007.8, 0.065, 0.011,  211,   5.7,   1.0
29-Oct-2000 06:00, 1.072,  30.3,  24.5, 1008.5, 0.091, 0.037,  168,   3.1,   1.5
29-Oct-2000 07:00, 1.046,  30.3,  24.4, 1008.7, 0.093, 0.046,  175,   3.2,   0.9
29-Oct-2000 08:00, 0.916,  30.2,  24.4, 1009.2, 0.043,-0.002,  206,   3.0,   1.5
29-Oct-2000 09:00, 0.796,  30.2,  24.5, 1009.5, 0.043, 0.003,  190,   4.7,   2.7
29-Oct-2000 10:00, 0.711,  30.1,  24.6, 1010.2, 0.091, 0.055,  243,   3.9,   1.3
29-Oct-2000 11:00, 0.599,  30.1,  24.6, 1010.7, 0.101, 0.071,  194,   3.4,   2.9
29-Oct-2000 12:00, 0.468,  30.1,  24.7, 1010.9, 0.060, 0.035,  173,   4.0,   2.5
29-Oct-2000 13:00, 0.388,  30.1,  24.8, 1010.6, 0.035, 0.012,  185,   4.1,   2.5
29-Oct-2000 14:00, 0.379,  30.0,  24.7, 1010.1, 0.038, 0.012,  188,   4.9,   2.8
29-Oct-2000 15:00, 0.431,  30.1,  24.3, 1009.4, 0.061, 0.029,  188,   4.4,   2.9
29-Oct-2000 16:00, 0.514,  30.1,  24.3, 1009.0, 0.085, 0.046,  181,   5.1,   2.8
29-Oct-2000 17:00, 0.574,  30.1,  24.8, 1009.3, 0.081, 0.038,  189,   5.1,   3.3
29-Oct-2000 18:00, 0.638,  30.0,  24.2, 1009.7, 0.097, 0.058,  182,   4.5,   3.2
29-Oct-2000 19:00, 0.686,  30.1,  24.4, 1010.0, 0.111, 0.076,  193,   5.7,   3.4
29-Oct-2000 20:00, 0.654,  30.0,  24.3, 1010.4, 0.061, 0.029,  187,   5.3,   3.1
29-Oct-2000 21:00, 0.659,  30.0,  25.4, 1011.1, 0.062, 0.034,  186,   4.9,   2.5
29-Oct-2000 22:00, 0.692,  29.9,  25.9, 1011.9, 0.090, 0.070,  190,   4.7,   2.4
29-Oct-2000 23:00, 0.691,  30.0,  26.6, 1011.6, 0.075, 0.062,  187,   3.9,   2.0
30-Oct-2000 00:00, 0.703,  30.0,  28.1, 1011.1, 0.053, 0.036,  127,   3.2,   0.7
30-Oct-2000 01:00, 0.740,  30.2,  29.5, 1010.4, 0.038, 0.016,  212,   2.9,   0.3
30-Oct-2000 02:00, 0.803,  30.3,  29.3, 1009.4, 0.034, 0.005,  317,   2.2,   1.3
30-Oct-2000 03:00, 0.909,  30.4,  29.5, 1008.4, 0.064, 0.024,   16,   2.6,   2.3
30-Oct-2000 04:00, 0.992,  30.5,  29.5, 1008.0, 0.068, 0.019,  337,   3.2,   1.7
30-Oct-2000 05:00, 1.055,  30.4,  29.4, 1007.9, 0.069, 0.017,  331,   2.9,   2.2
30-Oct-2000 06:00, 1.091,  30.5,  29.8, 1008.2, 0.083, 0.030,  309,   3.0,   1.6
30-Oct-2000 07:00, 1.059,  30.4,  29.3, 1008.9, 0.077, 0.027,  273,   1.7,   0.5
30-Oct-2000 08:00, 0.938,  30.4,  28.4, 1009.6, 0.027,-0.015,  184,   1.9,   1.0
30-Oct-2000 09:00, 0.834,  30.3,  27.3, 1010.4, 0.039, 0.004,  193,   2.4,   1.1
30-Oct-2000 10:00, 0.749,  30.2,  27.0, 1010.9, 0.092, 0.064,  184,   3.5,   2.8
30-Oct-2000 11:00, 0.619,  30.2,  26.7, 1011.4, 0.096, 0.073,  192,   4.1,   2.2
30-Oct-2000 12:00, 0.464,  30.2,  26.3, 1011.4, 0.050, 0.031,  194,   4.4,   2.6
30-Oct-2000 13:00, 0.365,  30.1,  26.2, 1011.1, 0.020, 0.002,  190,   4.5,   2.9
30-Oct-2000 14:00, 0.353,  30.0,  25.9, 1010.1, 0.036, 0.014,  191,   5.2,   3.2
30-Oct-2000 15:00, 0.386,  30.1,  25.6, 1009.4, 0.057, 0.025,  188,   4.6,   3.2
30-Oct-2000 16:00, 0.449,  30.0,  25.5, 1009.1, 0.072, 0.033,  188,   5.1,   3.0
30-Oct-2000 17:00, 0.525,  30.0,  25.2, 1009.1, 0.083, 0.042,  182,   4.4,   2.3
30-Oct-2000 18:00, 0.588,  30.0,  25.1, 1009.1, 0.088, 0.047,  186,   4.2,   2.7
30-Oct-2000 19:00, 0.631,  30.0,  25.2, 1009.6, 0.092, 0.051,  186,   4.3,   2.5
30-Oct-2000 20:00, 0.610,  30.0,  25.7, 1010.6, 0.046, 0.011,  187,   4.1,   2.9
30-Oct-2000 21:00, 0.615,  30.0,  27.0, 1011.2, 0.038, 0.013,  184,   4.2,   2.8
30-Oct-2000 22:00, 0.680,  29.9,  28.7, 1011.2, 0.094, 0.074,   41,   3.0,   2.3
30-Oct-2000 23:00, 0.688,  29.9,  28.5, 1010.7, 0.087, 0.066,   28,   3.2,   2.6
31-Oct-2000 00:00, 0.677,  30.2,  28.7, 1010.2, 0.045, 0.020,  336,   3.3,   2.6
31-Oct-2000 01:00, 0.719,  30.2,  29.2, 1009.7, 0.033, 0.002,    8,   4.0,   3.5
31-Oct-2000 02:00, 0.782,  30.6,  29.5, 1008.8, 0.024,-0.012,  339,   4.1,   2.2
31-Oct-2000 03:00, 0.880,  30.6,  29.6, 1007.8, 0.041,-0.004,  316,   4.2,   2.4
31-Oct-2000 04:00, 0.980,  30.5,  29.9, 1007.5, 0.063, 0.008,   23,   3.4,   2.8
31-Oct-2000 05:00, 1.036,  30.6,  29.9, 1007.7, 0.052,-0.005,   29,   4.0,   2.4
31-Oct-2000 06:00, 1.080,  30.8,  30.0, 1008.0, 0.062, 0.007,  300,   3.0,   2.2
31-Oct-2000 07:00, 1.073,  30.6,  29.7, 1008.7, 0.071, 0.020,  264,   2.6,   0.9
31-Oct-2000 08:00, 0.953,  30.6,  28.6, 1009.5, 0.013,-0.032,  202,   2.6,   1.3
31-Oct-2000 09:00, 0.844,  30.4,  24.5, 1011.1, 0.011,-0.025,   87,   9.6,   6.9
31-Oct-2000 10:00, 0.760,  30.4,  24.5, 1011.1, 0.060, 0.039,  177,   6.0,   2.7
31-Oct-2000 11:00, 0.676,  30.2,  25.2, 1011.1, 0.110, 0.089,  185,   5.2,   3.6
31-Oct-2000 12:00, 0.551,  30.2,  25.8, 1010.9, 0.105, 0.083,  200,   5.0,   3.1
31-Oct-2000 13:00, 0.417,  30.1,  25.7, 1010.0, 0.054, 0.030,  187,   5.2,   3.7
31-Oct-2000 14:00, 0.336,  30.1,  25.8, 1009.9, 0.017,-0.016,  182,   5.2,   3.4
31-Oct-2000 15:00, 0.360,  30.2,  25.9, 1009.3, 0.044, 0.010,  237,   4.7,   1.6
31-Oct-2000 16:00, 0.410,  30.2,  25.8, 1009.1, 0.062, 0.022,  191,   4.8,   2.0
31-Oct-2000 17:00, 0.464,  30.2,  25.0, 1009.3, 0.061, 0.020,  185,   4.0,   2.6
31-Oct-2000 18:00, 0.527,  30.1,  25.1, 1009.1, 0.063, 0.024,  188,   4.5,   3.4
31-Oct-2000 19:00, 0.601,  30.1,  25.1, 1009.8, 0.092, 0.052,  181,   4.5,   2.4
31-Oct-2000 20:00, 0.618,  30.0,  26.0, 1010.4, 0.080, 0.047,  179,   4.6,   2.7
31-Oct-2000 21:00, 0.603,  30.0,  29.2, 1011.0, 0.048, 0.021,  145,   4.0,   0.7
31-Oct-2000 22:00, 0.647,  30.0,  28.5, 1011.3, 0.082, 0.060,   24,   3.0,   2.1
31-Oct-2000 23:00, 0.701,  30.2,  28.7, 1010.9, 0.118, 0.098,    2,   2.7,   2.3
01-Nov-2000 00:00, 0.701,  30.2,  28.8, 1010.4, 0.087, 0.064,    5,   3.8,   2.8
01-Nov-2000 01:00, 0.706,  30.2,  28.9, 1009.8, 0.043, 0.014,  348,   3.9,   2.3
01-Nov-2000 02:00, 0.778,  30.4,  28.6, 1009.2, 0.044, 0.009,  203,   5.5,   3.2
01-Nov-2000 03:00, 0.876,  30.4,  29.9, 1008.5, 0.059, 0.018,   66,   5.7,   0.3
01-Nov-2000 04:00, 0.969,  30.5,  29.4, 1008.2, 0.072, 0.024,    2,   4.3,   2.9
01-Nov-2000 05:00, 1.039,  30.7,  29.5, 1008.3, 0.074, 0.024,   28,   3.9,   2.6
01-Nov-2000 06:00, 1.070,  30.7,  29.6, 1008.9, 0.063, 0.014,   62,   3.5,   2.7
01-Nov-2000 07:00, 1.076,  30.6,  24.3, 1010.4, 0.071, 0.029,  196,   8.4,   5.2
01-Nov-2000 08:00, 1.002,  30.5,  24.2, 1010.9, 0.046, 0.018,  149,   6.3,   1.2
01-Nov-2000 09:00, 0.883,  30.4,  24.9, 1010.8, 0.018,-0.006,  202,   3.4,   1.6
01-Nov-2000 10:00, 0.788,  30.2,  25.2, 1011.2, 0.045, 0.022,  197,   4.3,   2.0
01-Nov-2000 11:00, 0.719,  30.0,  25.5, 1011.3, 0.105, 0.085,  192,   4.8,   3.0
01-Nov-2000 12:00, 0.630,  30.1,  25.7, 1011.4, 0.134, 0.115,  182,   5.3,   3.2
01-Nov-2000 13:00, 0.504,  30.0,  25.3, 1010.8, 0.099, 0.081,  186,   4.9,   3.1
01-Nov-2000 14:00, 0.413,  30.2,  25.1, 1010.0, 0.065, 0.039,  186,   5.4,   2.8
01-Nov-2000 15:00, 0.393,  30.3,  25.0, 1009.8, 0.066, 0.033,  180,   5.8,   2.9
01-Nov-2000 16:00, 0.440,  30.3,  24.7, 1009.3, 0.099, 0.064,  182,   5.8,   3.8
01-Nov-2000 17:00, 0.497,  30.2,  25.0, 1009.3, 0.115, 0.075,  182,   4.9,   3.2
01-Nov-2000 18:00, 0.536,  30.2,  24.5, 1010.0, 0.101, 0.062,  178,   5.7,   3.6
01-Nov-2000 19:00, 0.606,  30.1,  24.5, 1010.5, 0.122, 0.090,  178,   6.2,   3.8
01-Nov-2000 20:00, 0.633,  30.0,  25.8, 1011.1, 0.119, 0.092,  182,   5.4,   3.3
01-Nov-2000 21:00, 0.629,  30.0,  28.0, 1011.5, 0.095, 0.074,  182,   5.1,   2.0
01-Nov-2000 22:00, 0.655,  30.0,  29.2, 1011.4, 0.107, 0.090,   48,   3.1,   2.2
01-Nov-2000 23:00, 0.701,  30.2,  29.0, 1011.1, 0.134, 0.116,   25,   3.2,   2.7
02-Nov-2000 00:00, 0.699,  30.2,  29.0, 1010.5, 0.101, 0.079,   39,   4.1,   3.5
02-Nov-2000 01:00, 0.716,  30.4,  29.1, 1009.9, 0.073, 0.045,   36,   4.8,   3.4
02-Nov-2000 02:00, 0.793,  30.5,  29.3, 1008.8, 0.083, 0.048,   33,   4.7,   4.0
02-Nov-2000 03:00, 0.883,  30.7,  29.4, 1008.5, 0.094, 0.049,  331,   4.5,   2.2
02-Nov-2000 04:00, 0.983,  30.7,  29.7, 1007.8, 0.114, 0.066,  353,   2.4,   1.5
02-Nov-2000 05:00, 1.045,  30.8,  30.2, 1007.6, 0.108, 0.054,   38,   2.6,   2.0
02-Nov-2000 06:00, 1.086,  30.8,  30.3, 1007.9, 0.105, 0.049,  351,   2.3,   1.4
02-Nov-2000 07:00, 1.100,  30.7,  30.0, 1008.4, 0.109, 0.056,  325,   2.1,   0.8
02-Nov-2000 08:00, 1.036,  30.8,  28.7, 1009.2, 0.079, 0.032,  174,   2.0,   1.4
02-Nov-2000 09:00, 0.949,  30.7,  28.0, 1009.9, 0.066, 0.026,  185,   2.9,   1.7
02-Nov-2000 10:00, 0.885,  30.7,  27.6, 1010.6, 0.106, 0.074,  189,   3.2,   1.7
02-Nov-2000 11:00, 0.798,  30.6,  27.1, 1010.9, 0.135, 0.110,  186,   3.8,   2.3
02-Nov-2000 12:00, 0.686,  30.4,  26.8, 1010.7, 0.133, 0.109,  184,   3.6,   2.2
02-Nov-2000 13:00, 0.552,  30.4,  26.6, 1010.3, 0.089, 0.063,  189,   4.8,   3.3
02-Nov-2000 14:00, 0.482,  30.4,  26.2, 1009.7, 0.082, 0.052,  184,   4.9,   2.8
02-Nov-2000 15:00, 0.453,  30.3,  25.9, 1009.5, 0.087, 0.051,  189,   4.5,   3.1
02-Nov-2000 16:00, 0.475,  30.3,  25.7, 1009.5, 0.116, 0.079,  186,   4.9,   2.5
02-Nov-2000 17:00, 0.485,  30.3,  25.3, 1009.7, 0.106, 0.069,  189,   4.3,   3.2
02-Nov-2000 18:00, 0.500,  30.2,  25.1, 1010.2, 0.081, 0.046,  186,   4.5,   2.8
02-Nov-2000 19:00, 0.546,  30.1,  25.1, 1010.8, 0.085, 0.056,  181,   5.0,   2.2
02-Nov-2000 20:00, 0.569,  30.1,  26.2, 1011.4, 0.075, 0.051,  181,   5.1,   3.1
02-Nov-2000 21:00, 0.580,  30.1,  28.7, 1011.8, 0.064, 0.046,  173,   4.0,   0.8
02-Nov-2000 22:00, 0.610,  30.1,  29.6, 1011.9, 0.077, 0.063,   76,   4.2,   3.2
02-Nov-2000 23:00, 0.625,  30.1,  29.2, 1012.0, 0.072, 0.059,   45,   5.6,   5.0
03-Nov-2000 00:00, 0.644,  30.4,  29.2, 1011.7, 0.060, 0.048,   44,   5.7,   4.4
03-Nov-2000 01:00, 0.675,  30.7,  29.6, 1010.7, 0.044, 0.028,   45,   5.5,   4.2
03-Nov-2000 02:00, 0.719,  30.9,  29.2, 1010.4, 0.026, 0.000,   25,   5.4,   2.5
03-Nov-2000 03:00, 0.808,  30.9,  29.7, 1009.9, 0.041, 0.012,   47,   3.7,   3.0
03-Nov-2000 04:00, 0.895,  31.0,  27.6, 1009.7, 0.056, 0.023,  184,   8.6,   4.5
03-Nov-2000 05:00, 0.955,  31.0,  28.3, 1009.2, 0.052, 0.016,  174,   5.1,   3.3
03-Nov-2000 06:00, 0.997,  30.9,  30.6, 1009.1, 0.049, 0.008,  224,   4.4,   1.0
03-Nov-2000 07:00, 1.018,  30.9,  28.9, 1009.6, 0.056, 0.014,  168,   2.6,   2.1
03-Nov-2000 08:00, 0.997,  30.7,  27.4, 1010.4, 0.056, 0.021,  186,   3.2,   2.1
03-Nov-2000 09:00, 0.931,  30.6,  27.3, 1010.9, 0.047, 0.019,  193,   4.4,   2.4
03-Nov-2000 10:00, 0.864,  30.2,  26.5, 1011.4, 0.063, 0.040,   90,   4.3,   2.9
03-Nov-2000 11:00, 0.788,  30.4,  26.5, 1011.8, 0.085, 0.067,  188,   5.2,   2.5
03-Nov-2000 12:00, 0.708,  30.4,  26.1, 1011.6, 0.099, 0.085,  186,   4.6,   2.9
03-Nov-2000 13:00, 0.611,  30.4,  25.8, 1011.4, 0.084, 0.067,  187,   5.2,   3.4
03-Nov-2000 14:00, 0.524,  30.4,  25.5, 1010.9, 0.059, 0.040,  181,   5.4,   3.2
03-Nov-2000 15:00, 0.469,  30.3,  25.3, 1010.5, 0.045, 0.022,  183,   5.5,   3.2
03-Nov-2000 16:00, 0.457,  30.3,  25.1, 1010.1, 0.056, 0.028,  175,   5.7,   4.2
03-Nov-2000 17:00, 0.466,  30.2,  24.7, 1010.2, 0.068, 0.036,  181,   5.9,   3.6
03-Nov-2000 18:00, 0.475,  30.1,  24.7, 1010.7, 0.059, 0.029,  183,   5.7,   3.4
03-Nov-2000 19:00, 0.506,  30.1,  24.7, 1011.5, 0.061, 0.036,  184,   6.0,   3.9
03-Nov-2000 20:00, 0.539,  30.1,  26.0, 1011.8, 0.063, 0.046,  181,   6.0,   3.7
03-Nov-2000 21:00, 0.554,  30.1,  27.8, 1012.0, 0.054, 0.040,  186,   5.1,   3.2
03-Nov-2000 22:00, 0.575,  30.2,  29.4, 1011.8, 0.055, 0.042,   86,   4.0,   2.7
03-Nov-2000 23:00, 0.616,  30.4,  29.1, 1011.5, 0.072, 0.058,   50,   4.6,   4.0
04-Nov-2000 00:00, 0.665,  30.5,  29.2, 1011.2, 0.088, 0.071,   32,   4.9,   4.0
04-Nov-2000 01:00, 0.706,  30.8,  29.5, 1010.2, 0.081, 0.060,   38,   5.5,   4.4
04-Nov-2000 02:00, 0.759,  30.6,  29.6, 1009.0, 0.073, 0.042,   36,   5.8,   2.8
04-Nov-2000 03:00, 0.825,  30.7,  29.9, 1008.4, 0.070, 0.027,   51,   4.8,   3.4
04-Nov-2000 04:00, 0.908,  30.8,  30.1, 1008.5, 0.088, 0.040,   41,   3.4,   2.6
04-Nov-2000 05:00, 0.972,  30.9,  29.2, 1008.5, 0.099, 0.052,  193,   5.2,   4.2
04-Nov-2000 06:00, 1.008,  30.8,  28.9, 1008.5, 0.097, 0.049,  178,   5.8,   3.5
04-Nov-2000 07:00, 1.007,-9999 ,  28.8, 1009.4, 0.081, 0.035,  180,   5.6,   2.4
04-Nov-2000 08:00, 0.986,  30.8,  27.3, 1009.8, 0.074, 0.036,  193,   4.1,   2.9
04-Nov-2000 09:00, 0.942,  30.8,  27.0, 1010.4, 0.073, 0.040,  188,   5.2,   3.9
04-Nov-2000 10:00, 0.872,  30.7,  26.4, 1010.7, 0.068, 0.039,  187,   5.2,   2.9
04-Nov-2000 11:00, 0.805,  30.6,  26.1, 1011.4, 0.075, 0.051,  189,   5.2,   3.1
04-Nov-2000 12:00, 0.744,  30.5,  26.0, 1011.1, 0.089, 0.071,  186,   4.9,   2.7
04-Nov-2000 13:00, 0.688,  30.3,  25.4, 1010.6, 0.099, 0.078,  190,   4.7,   2.7
04-Nov-2000 14:00, 0.621,  30.3,  25.2, 1009.6, 0.087, 0.059,  185,   4.5,   3.2
04-Nov-2000 15:00, 0.565,  30.3,  25.3, 1009.1, 0.072, 0.035,  183,   4.9,   3.1
04-Nov-2000 16:00, 0.544,  30.3,  25.1, 1009.1, 0.085, 0.043,  185,   4.7,   3.1
04-Nov-2000 17:00, 0.535,  30.2,  25.1, 1008.9, 0.097, 0.056,  186,   5.4,   4.2
04-Nov-2000 18:00, 0.529,  30.2,  24.8, 1009.1, 0.097, 0.054,  181,   5.6,   3.7
04-Nov-2000 19:00, 0.534,  30.2,  24.8, 1009.7, 0.091, 0.050,  185,   5.7,   3.7
04-Nov-2000 20:00, 0.543,  30.2,  26.0, 1010.5, 0.082, 0.048,  187,   5.4,   3.5
04-Nov-2000 21:00, 0.553,  30.2,  28.0, 1011.1, 0.071, 0.044,  181,   5.1,   2.4
04-Nov-2000 22:00, 0.560,  30.3,  30.1, 1011.5, 0.052, 0.032,   81,   4.5,   2.6
04-Nov-2000 23:00, 0.606,  30.4,  31.3, 1010.7, 0.068, 0.050,   71,   5.8,   3.4
05-Nov-2000 00:00, 0.652,  30.4,  30.4, 1010.2, 0.077, 0.051,   46,   5.7,   4.9
05-Nov-2000 01:00, 0.696,  30.6,  30.0, 1009.4, 0.072, 0.041,   42,   6.1,   5.0
05-Nov-2000 02:00, 0.763,  30.8,  30.2, 1008.6, 0.077, 0.039,   45,   5.6,   4.1
05-Nov-2000 03:00, 0.848,  31.1,  30.6, 1007.7, 0.096, 0.049,   56,   4.8,   4.0
05-Nov-2000 04:00, 0.917,  31.1,  30.4, 1007.1, 0.105, 0.049,   21,   4.9,   2.3
05-Nov-2000 05:00, 0.958,  31.0,  30.5, 1007.0, 0.102, 0.040,   31,   4.0,   3.5
05-Nov-2000 06:00, 0.999,  31.2,  30.6, 1007.1, 0.118, 0.056,   71,   5.0,   3.3
05-Nov-2000 07:00, 0.989,  31.1,  30.2, 1008.1, 0.100, 0.040,   55,   5.0,   4.2
05-Nov-2000 08:00, 0.966,  30.9,  28.8, 1008.7, 0.092, 0.042,  168,   4.2,   3.1
05-Nov-2000 09:00, 0.936,  30.9,  27.9, 1009.1, 0.098, 0.054,  198,   5.8,   3.3
05-Nov-2000 10:00, 0.881,  30.8,  27.5, 1009.7, 0.092, 0.051,  147,   5.1,   3.7
05-Nov-2000 11:00, 0.820,  30.8,  27.1, 1010.5, 0.086, 0.052,  185,   7.2,   1.5
05-Nov-2000 12:00, 0.759,  30.6,  25.1, 1011.5, 0.077, 0.050,  121,  11.4,   8.2
05-Nov-2000 13:00, 0.702,  30.6,  24.0, 1012.1, 0.066, 0.050,  151,  13.1,   3.2
05-Nov-2000 14:00, 0.669,  30.6,  24.1, 1010.3, 0.074, 0.061,  185,   5.4,   2.9
05-Nov-2000 15:00, 0.638,  30.6,  23.7, 1009.4, 0.077, 0.046,  190,   4.6,   2.3
05-Nov-2000 16:00, 0.601,  30.6,  23.8, 1009.7, 0.074, 0.036,  178,   4.2,   3.0
05-Nov-2000 17:00, 0.570,  30.6,  23.4, 1009.6, 0.077, 0.042,  200,   4.2,   2.2
05-Nov-2000 18:00, 0.550,  30.6,  23.8, 1009.6, 0.084, 0.047,  185,   4.7,   3.0
05-Nov-2000 19:00, 0.528,  30.5,  23.9, 1010.6, 0.072, 0.037,  192,   5.2,   3.1
05-Nov-2000 20:00, 0.525,  30.4,  24.3, 1010.9, 0.067, 0.041,  182,   5.1,   3.2
05-Nov-2000 21:00, 0.528,  30.4,  26.1, 1011.5, 0.058, 0.035,  184,   5.2,   2.4
05-Nov-2000 22:00, 0.541,  30.4,  27.6, 1011.9, 0.046, 0.029,   73,   3.3,   1.2
05-Nov-2000 23:00, 0.572,  30.4,  27.5, 1012.2, 0.040, 0.028,  108,   4.8,   1.9
06-Nov-2000 00:00, 0.633,  30.4,  27.3, 1011.9, 0.056, 0.045,   86,   5.1,   3.9
06-Nov-2000 01:00, 0.690,  30.3,  24.1, 1012.1, 0.059, 0.046,  294,  11.2,   6.3
06-Nov-2000 02:00, 0.759,  30.3,  24.2, 1011.2, 0.066, 0.053,  104,   8.5,   2.0
06-Nov-2000 03:00, 0.846,  30.4,  25.2, 1010.4, 0.087, 0.067,  160,   3.4,   1.3
06-Nov-2000 04:00, 0.908,  30.4,  26.0, 1008.8, 0.093, 0.062,  155,   3.4,   2.0
06-Nov-2000 05:00, 0.939,  30.4,  26.6, 1009.5, 0.088, 0.044,   23,   2.6,   1.9
06-Nov-2000 06:00, 0.957,  30.3,  26.6, 1010.5, 0.093, 0.057,   69,   3.3,   1.8
06-Nov-2000 07:00, 0.937,  30.2,  25.8, 1011.1, 0.079, 0.053,  142,   3.0,   2.4
06-Nov-2000 08:00, 0.905,  30.4,  25.6, 1011.4, 0.069, 0.048,  139,   3.5,   1.9
06-Nov-2000 09:00, 0.854,  30.4,  25.2, 1011.8, 0.056, 0.038,  166,   2.4,   1.3
06-Nov-2000 10:00, 0.803,  30.5,  24.5, 1011.8, 0.049, 0.034,  184,   2.0,   1.0
06-Nov-2000 11:00, 0.769,  30.4,  24.7, 1012.1, 0.055, 0.042,  218,   3.0,   0.6
06-Nov-2000 12:00, 0.739,  30.4,  24.4, 1012.1, 0.057, 0.046,  190,   2.9,   2.3
06-Nov-2000 13:00, 0.717,  30.4,  24.1, 1011.8, 0.059, 0.048,  192,   3.5,   2.3
06-Nov-2000 14:00, 0.696,  30.4,  24.3, 1010.8, 0.059, 0.043,  183,   4.1,   2.7
06-Nov-2000 15:00, 0.674,  30.3,  24.2, 1009.7, 0.056, 0.031,  189,   4.8,   2.9
06-Nov-2000 16:00, 0.658,  30.3,  24.1, 1009.3, 0.067, 0.031,  198,   4.6,   3.0
06-Nov-2000 17:00, 0.618,  30.2,  24.1, 1009.2, 0.064, 0.024,  190,   4.6,   2.1
06-Nov-2000 18:00, 0.588,  30.2,  24.1, 1009.7, 0.071, 0.031,  188,   3.9,   2.6
06-Nov-2000 19:00, 0.562,  30.2,  24.0, 1009.8, 0.074, 0.039,  183,   4.0,   2.6
06-Nov-2000 20:00, 0.553,  30.2,  24.4, 1010.2, 0.080, 0.046,  188,   4.5,   2.5
06-Nov-2000 21:00, 0.551,  30.2,  26.2, 1010.7, 0.080, 0.050,  183,   4.5,   2.3
06-Nov-2000 22:00, 0.550,  30.2,  27.8, 1010.8, 0.062, 0.036,   57,   4.0,   2.5
06-Nov-2000 23:00, 0.579,  30.3,  27.9, 1011.0, 0.052, 0.028,   43,   4.0,   3.4
07-Nov-2000 00:00, 0.642,  30.5,  27.8, 1010.7, 0.061, 0.039,   28,   4.3,   2.1
07-Nov-2000 01:00, 0.706,  30.7,  28.1, 1010.0, 0.063, 0.037,   33,   3.3,   1.8
07-Nov-2000 02:00, 0.782,  30.7,  28.5, 1009.0, 0.073, 0.040,   12,   3.3,   2.0
07-Nov-2000 03:00, 0.865,  30.7,  29.0, 1008.5, 0.091, 0.048,  334,   3.5,   1.6
07-Nov-2000 04:00, 0.918,  30.9,  29.0, 1008.0, 0.088, 0.040,   10,   3.6,   2.4
07-Nov-2000 05:00, 0.951,  30.9,  29.2, 1008.0, 0.093, 0.041,   39,   4.1,   1.7
07-Nov-2000 06:00, 0.956,  30.5,  28.6, 1008.4, 0.097, 0.044,   77,   4.5,   3.1
07-Nov-2000 07:00, 0.931,  30.8,  27.4, 1009.3, 0.093, 0.046,  143,   5.4,   3.8
07-Nov-2000 08:00, 0.892,  30.7,  25.7, 1009.7, 0.090, 0.051,  196,   4.4,   2.8
07-Nov-2000 09:00, 0.825,  30.8,  24.6, 1011.0, 0.070, 0.036,   83,   4.6,   1.6
07-Nov-2000 10:00, 0.766,  30.8,  23.8, 1011.0, 0.058, 0.036,  192,   3.3,   1.8
07-Nov-2000 11:00, 0.726,  30.4,  24.8, 1011.0, 0.055, 0.032,  169,   5.4,   2.9
07-Nov-2000 12:00, 0.711,  30.4,  24.8, 1011.6, 0.060, 0.038,  219,   4.2,   1.5
07-Nov-2000 13:00, 0.711,  30.2,  24.9, 1011.3, 0.064, 0.048,  183,   4.5,   2.0
07-Nov-2000 14:00, 0.710,  30.2,  23.9, 1010.8, 0.061, 0.041,  244,   4.6,   0.7
07-Nov-2000 15:00, 0.712,  30.3,  23.6, 1010.6, 0.063, 0.039,  221,   4.1,   1.4
07-Nov-2000 16:00, 0.704,  30.2,  23.2, 1009.0, 0.065, 0.037,  187,   2.6,   1.4
07-Nov-2000 17:00, 0.673,  30.2,  23.2, 1008.3, 0.061, 0.017,  179,   4.0,   2.9
07-Nov-2000 18:00, 0.640,  30.1,  23.1, 1008.7, 0.068, 0.019,  210,   4.4,   1.1
07-Nov-2000 19:00, 0.613,  30.0,  23.5, 1008.9, 0.078, 0.033,  179,   4.1,   2.4
07-Nov-2000 20:00, 0.603,  30.0,  24.8, 1009.7, 0.096, 0.054,  185,   4.3,   2.5
07-Nov-2000 21:00, 0.575,  30.1,  26.6, 1010.0, 0.083, 0.048,  175,   4.9,   3.2
07-Nov-2000 22:00, 0.555,  30.2,  27.3, 1010.3, 0.059, 0.028,  296,   3.5,   2.2
07-Nov-2000 23:00, 0.583,  30.3,  28.4, 1010.1, 0.056, 0.027,  333,   2.8,   2.4
08-Nov-2000 00:00, 0.644,  30.4,  28.9, 1009.6, 0.059, 0.028,   22,   3.0,   2.5
08-Nov-2000 01:00, 0.722,  30.4,  28.8, 1009.1, 0.065, 0.029,  353,   4.4,   2.5
08-Nov-2000 02:00, 0.803,  30.8,  29.0, 1007.9, 0.075, 0.032,  346,   4.0,   3.3
08-Nov-2000 03:00, 0.888,  31.0,  29.3, 1007.0, 0.094, 0.040,  327,   4.9,   3.2
08-Nov-2000 04:00, 0.933,  30.9,  29.3, 1006.9, 0.083, 0.020,  350,   4.2,   2.3
08-Nov-2000 05:00, 0.948,  30.9,  27.5, 1007.2, 0.071, 0.008,  149,   4.0,   2.9
08-Nov-2000 06:00, 0.959,  31.0,  26.6, 1007.5, 0.091, 0.031,  178,   6.1,   3.9
08-Nov-2000 07:00, 0.925,  30.9,  26.2, 1009.1, 0.092, 0.037,  118,   6.1,   1.5
08-Nov-2000 08:00, 0.869,  30.8,  25.6, 1009.5, 0.089, 0.048,  173,   4.5,   0.5
08-Nov-2000 09:00, 0.803,  30.8,  24.9, 1009.7, 0.083, 0.046,  182,   3.0,   2.1
08-Nov-2000 10:00, 0.732,  30.7,  24.9, 1010.2, 0.074, 0.039,  187,   3.4,   1.7
08-Nov-2000 11:00, 0.684,  30.7,  25.2, 1010.1, 0.072, 0.042,  195,   4.1,   2.8
08-Nov-2000 12:00, 0.681,  30.7,  24.9, 1009.8, 0.085, 0.053,  184,   4.2,   2.4
08-Nov-2000 13:00, 0.709,  30.6,  24.7, 1009.4, 0.105, 0.071,  186,   4.7,   3.3
08-Nov-2000 14:00, 0.733,  30.5,  25.1, 1008.5, 0.107, 0.068,  180,   5.5,   3.7
08-Nov-2000 15:00, 0.747,  30.5,  24.7, 1008.2, 0.101, 0.054,  189,   5.0,   3.4
08-Nov-2000 16:00, 0.763,  30.3,  24.8, 1007.9, 0.104, 0.053,  186,   5.1,   3.3
08-Nov-2000 17:00, 0.751,  30.3,  24.8, 1007.9, 0.098, 0.045,  193,   4.5,   2.3
08-Nov-2000 18:00, 0.746,  30.0,  24.7, 1007.8, 0.124, 0.070,  189,   4.1,   2.4
08-Nov-2000 19:00, 0.735,  30.0,  24.7, 1008.7, 0.148, 0.095,  185,   4.2,   2.2
08-Nov-2000 20:00, 0.699,  30.1,  25.2, 1009.7, 0.144, 0.100,  183,   4.3,   2.8
08-Nov-2000 21:00, 0.640,  30.3,  26.3, 1010.6, 0.108, 0.074,  178,   4.4,   2.6
08-Nov-2000 22:00, 0.615,  30.3,  28.0, 1010.0, 0.092, 0.065,  154,   3.4,   1.4
08-Nov-2000 23:00, 0.640,  30.4,  28.2, 1009.8, 0.100, 0.067,   39,   3.3,   2.7
09-Nov-2000 00:00, 0.695,  30.4,  28.5, 1009.3, 0.102, 0.068,   36,   3.6,   2.9
09-Nov-2000 01:00, 0.780,  30.5,  28.4, 1008.3, 0.111, 0.071,   21,   3.2,   2.2
09-Nov-2000 02:00, 0.873,  30.9,  28.4, 1007.8, 0.122, 0.073,  335,   4.0,   2.8
09-Nov-2000 03:00, 0.963,  30.8,  28.9, 1007.2, 0.142, 0.087,  331,   3.2,   1.1
09-Nov-2000 04:00, 1.014,  30.7,  28.8, 1006.9, 0.140, 0.080,  323,   2.7,   2.0
09-Nov-2000 05:00, 1.018,  30.8,  28.5, 1006.9, 0.115, 0.052,  273,   4.7,   2.7
09-Nov-2000 06:00, 1.042,  30.7,  28.0, 1006.8, 0.154, 0.091,  221,   3.8,   2.5
09-Nov-2000 07:00, 1.015,  30.7,  27.1, 1007.5, 0.175, 0.112,  191,   3.6,   1.5
09-Nov-2000 08:00, 0.913,  30.8,  26.6, 1008.6, 0.141, 0.085,  197,   2.8,   2.2
09-Nov-2000 09:00, 0.805,  30.8,  26.3, 1009.3, 0.112, 0.066,  192,   4.4,   2.1
09-Nov-2000 10:00, 0.719,  30.8,  26.1, 1009.9, 0.103, 0.064,  174,   4.8,   2.8
09-Nov-2000 11:00, 0.661,  30.7,  25.5, 1009.9, 0.107, 0.074,  171,   4.0,   2.6
09-Nov-2000 12:00, 0.646,  30.6,  25.6, 1009.6, 0.122, 0.088,  188,   4.0,   2.5
09-Nov-2000 13:00, 0.682,  30.6,  25.0, 1009.2, 0.149, 0.113,  171,   5.7,   2.6
09-Nov-2000 14:00, 0.718,  30.4,  25.2, 1008.3, 0.150, 0.109,  191,   4.7,   3.4
09-Nov-2000 15:00, 0.757,  30.4,  25.2, 1008.0, 0.150, 0.101,  181,   4.9,   1.3
09-Nov-2000 16:00, 0.765,  30.4,  24.5, 1007.5, 0.125, 0.072,  185,   4.2,   2.4
09-Nov-2000 17:00, 0.759,  30.3,  24.7, 1007.9, 0.098, 0.041,  184,   4.3,   3.1
09-Nov-2000 18:00, 0.765,  30.3,  24.8, 1008.2, 0.109, 0.056,  179,   4.9,   3.3
09-Nov-2000 19:00, 0.758,  30.2,  24.6, 1009.0, 0.129, 0.080,  185,   5.5,   2.8
09-Nov-2000 20:00, 0.723,  30.2,  25.1, 1009.5, 0.120, 0.078,  174,   4.4,   2.9
09-Nov-2000 21:00, 0.673,  30.1,  27.4, 1010.4, 0.092, 0.056,  191,   4.3,   1.5
09-Nov-2000 22:00, 0.637,  30.1,  28.0, 1010.3, 0.068, 0.040,   39,   2.7,   2.3
09-Nov-2000 23:00, 0.647,  30.2,  27.8, 1010.4, 0.073, 0.044,   16,   3.0,   2.0
10-Nov-2000 00:00, 0.699,  30.4,  28.0, 1009.8, 0.086, 0.058,   14,   2.6,   2.3
10-Nov-2000 01:00, 0.782,  30.7,  28.2, 1009.2, 0.097, 0.062,    7,   3.4,   2.8
10-Nov-2000 02:00, 0.884,  30.7,  28.3, 1008.5, 0.111, 0.069,  338,   3.1,   1.5
10-Nov-2000 03:00, 0.952,  30.7,  28.7, 1008.1, 0.101, 0.054,  319,   3.0,   1.8
10-Nov-2000 04:00, 1.002,  30.9,  28.8, 1007.2, 0.098, 0.046,  294,   3.2,   2.1
10-Nov-2000 05:00, 1.002,  31.0,  26.1, 1007.7, 0.070, 0.011,  332,  11.4,   8.9
10-Nov-2000 06:00, 1.004,  31.0,  26.6, 1008.4, 0.085, 0.031,  326,   8.6,   6.2
10-Nov-2000 07:00, 0.991,  30.9,  25.0, 1009.5, 0.133, 0.085,  202,   8.2,   0.8
10-Nov-2000 08:00, 0.905,  30.8,  24.7, 1010.1, 0.129, 0.093,  151,   3.5,   2.5
10-Nov-2000 09:00, 0.785,  30.7,  25.0, 1009.7, 0.103, 0.071,  191,   4.0,   2.3
10-Nov-2000 10:00, 0.668,  30.7,  24.8, 1009.8, 0.079, 0.044,  194,   3.5,   1.3
10-Nov-2000 11:00, 0.584,  30.7,  24.7, 1009.9, 0.078, 0.043,  193,   3.1,   1.6
10-Nov-2000 12:00, 0.540,  30.6,  24.7, 1009.9, 0.086, 0.053,  180,   4.3,   2.1
10-Nov-2000 13:00, 0.539,  30.5,  24.9, 1009.2, 0.090, 0.056,  205,   4.0,   1.9
10-Nov-2000 14:00, 0.586,  30.5,  24.9, 1008.2, 0.102, 0.061,  191,   4.4,   3.1
10-Nov-2000 15:00, 0.651,  30.5,  24.8, 1007.4, 0.114, 0.063,  183,   4.7,   3.1
10-Nov-2000 16:00, 0.691,  30.5,  24.8, 1007.1, 0.103, 0.045,  193,   4.0,   2.2
10-Nov-2000 17:00, 0.697,  30.4,  24.7, 1007.1, 0.066, 0.005,  173,   4.2,   2.5
10-Nov-2000 18:00, 0.715,  30.4,  24.0, 1007.7, 0.059,-0.002,  161,   3.0,   1.9
10-Nov-2000 19:00, 0.735,  30.4,  24.1, 1008.4, 0.082, 0.028,  165,   3.8,   2.3
10-Nov-2000 20:00, 0.743,  30.4,  24.5, 1009.3, 0.104, 0.056,  204,   4.0,   1.8
10-Nov-2000 21:00, 0.721,  30.4,  23.8, 1010.3, 0.094, 0.056,  201,   6.9,   1.7
10-Nov-2000 22:00, 0.682,  30.4,  25.0, 1010.4, 0.063, 0.034,  168,   4.6,   3.2
10-Nov-2000 23:00, 0.683,  30.2,  26.4, 1009.9, 0.060, 0.032,  184,   4.7,   3.5
11-Nov-2000 00:00, 0.722,  30.3,  28.8, 1009.5, 0.074, 0.040,   62,   5.1,   2.3
11-Nov-2000 01:00, 0.784,  30.3,  28.1, 1009.5, 0.076, 0.039,   51,   4.4,   3.3
11-Nov-2000 02:00, 0.878,  30.3,  27.6, 1008.4, 0.085, 0.046,  105,   4.5,   1.9
11-Nov-2000 03:00, 0.956,  30.3,  27.1, 1008.1, 0.076, 0.028,  125,   3.7,   1.9
11-Nov-2000 04:00, 1.004,  30.3,  26.0, 1008.1, 0.066, 0.015,  220,   3.3,   2.0
11-Nov-2000 05:00, 1.014,  30.3,  24.4, 1007.9, 0.050,-0.002,  172,   3.8,   1.7
11-Nov-2000 06:00, 0.971,  30.3,  23.9, 1008.6, 0.016,-0.036,  150,   3.1,   1.1
11-Nov-2000 07:00, 0.927,  30.2,  24.0, 1008.7, 0.035,-0.011,  161,   3.8,   2.7
11-Nov-2000 08:00, 0.874,  30.2,  24.0, 1009.3, 0.079, 0.034,  191,   3.8,   1.3
11-Nov-2000 09:00, 0.787,  30.1,  23.8, 1010.2, 0.100, 0.062,  173,   2.6,   2.0
11-Nov-2000 10:00, 0.650,  30.1,  24.0, 1009.8, 0.073, 0.042,  185,   4.3,   2.5
11-Nov-2000 11:00, 0.518,  30.0,  24.1, 1010.0, 0.040, 0.006,  200,   3.8,   2.3
11-Nov-2000 12:00, 0.456,  30.0,  24.1, 1009.8, 0.054, 0.021,  183,   4.1,   2.5
11-Nov-2000 13:00, 0.442,  30.0,  24.2, 1009.0, 0.069, 0.034,  200,   4.8,   2.7
11-Nov-2000 14:00, 0.476,  30.0,  24.2, 1008.1, 0.083, 0.040,  196,   4.6,   2.1
11-Nov-2000 15:00, 0.546,  30.0,  23.7, 1007.3, 0.098, 0.046,  193,   4.2,   2.4
11-Nov-2000 16:00, 0.617,  30.0,  23.7, 1006.2, 0.106, 0.045,  189,   4.6,   3.4
11-Nov-2000 17:00, 0.675,  29.9,  24.3, 1005.9, 0.106, 0.035,  264,   4.6,   0.8
11-Nov-2000 18:00, 0.682,  29.9,  24.3, 1006.3, 0.062,-0.011,  183,   3.3,   2.3
11-Nov-2000 19:00, 0.690,  29.8,  24.0, 1006.6, 0.043,-0.026,  152,   3.8,   2.8
11-Nov-2000 20:00, 0.715,  29.8,  24.7, 1007.6, 0.063,-0.003,  164,   3.2,   1.7
11-Nov-2000 21:00, 0.757,  29.7,  27.6, 1008.6, 0.102, 0.047,  163,   2.7,   1.2
11-Nov-2000 22:00, 0.773,  29.8,  27.8, 1008.3, 0.114, 0.068,   63,   3.2,   2.6
11-Nov-2000 23:00, 0.754,  30.1,  28.0, 1007.9, 0.085, 0.035,   65,   4.7,   3.2
12-Nov-2000 00:00, 0.754,  30.1,  26.1, 1008.1, 0.064, 0.011,  159,   5.5,   3.0
12-Nov-2000 01:00, 0.818,  30.1,  27.5, 1007.4, 0.080, 0.028,   50,   3.7,   2.6
12-Nov-2000 02:00, 0.911,  30.2,  27.1, 1006.6, 0.096, 0.036,   63,   6.8,   4.3
12-Nov-2000 03:00, 0.998,  30.3,  26.4, 1006.3, 0.095, 0.029,  111,   6.1,   2.2
12-Nov-2000 04:00, 1.075,  30.3,  25.9, 1005.7, 0.103, 0.033,  200,   5.6,   0.6
12-Nov-2000 05:00, 1.133,  30.3,  27.3, 1005.4, 0.131, 0.056,  250,   2.0,   1.4
12-Nov-2000 06:00, 1.103,  30.3,  27.5, 1005.4, 0.111, 0.033,  214,   2.6,   1.1
12-Nov-2000 07:00, 1.020,  30.3,  27.4, 1005.9, 0.084, 0.006,  105,   2.0,   1.2
12-Nov-2000 08:00, 0.926,  30.1,  26.8, 1006.9, 0.096, 0.024,  141,   2.8,   0.9
12-Nov-2000 09:00, 0.846,  30.2,  25.8, 1007.5, 0.138, 0.076,  186,   2.9,   2.2
12-Nov-2000 10:00, 0.736,  30.1,  25.9, 1007.9, 0.151, 0.094,  175,   4.6,   3.2
12-Nov-2000 11:00, 0.575,  30.1,  25.5, 1008.2, 0.105, 0.052,  182,   3.9,   2.0
12-Nov-2000 12:00, 0.457,  30.1,  25.3, 1008.1, 0.080, 0.030,  188,   3.9,   2.3
12-Nov-2000 13:00, 0.399,  29.9,  24.8, 1007.8, 0.078, 0.027,  177,   4.3,   3.5
12-Nov-2000 14:00, 0.415,  30.0,  24.6, 1007.1, 0.099, 0.044,  183,   4.4,   3.0
12-Nov-2000 15:00, 0.467,  30.0,  24.2, 1006.3, 0.109, 0.047,  188,   4.8,   3.0
12-Nov-2000 16:00, 0.539,  29.9,  24.3, 1006.2, 0.114, 0.045,  181,   5.8,   3.2
12-Nov-2000 17:00, 0.613,  29.8,  24.3, 1006.3, 0.122, 0.053,  184,   5.4,   3.5
12-Nov-2000 18:00, 0.662,  29.9,  24.0, 1006.2, 0.109, 0.039,  183,   5.8,   3.4
12-Nov-2000 19:00, 0.678,  29.7,  23.8, 1006.9, 0.070, 0.000,  176,   5.5,   4.1
12-Nov-2000 20:00, 0.730,  29.7,  25.0, 1007.5, 0.092, 0.030,  172,   5.5,   3.4
12-Nov-2000 21:00, 0.797,  29.9,  27.1, 1007.6, 0.139, 0.082,  172,   4.7,   2.2
12-Nov-2000 22:00, 0.800,  29.8,  28.9, 1007.8, 0.121, 0.065,  280,   3.4,   1.0
12-Nov-2000 23:00, 0.782,  29.8,  28.3, 1007.9, 0.083, 0.029,    5,   3.1,   2.7
13-Nov-2000 00:00, 0.806,  30.1,  28.6, 1007.6, 0.079, 0.026,  358,   3.5,   2.2
13-Nov-2000 01:00, 0.851,  30.3,  28.7, 1006.9, 0.081, 0.025,  328,   4.0,   1.9
13-Nov-2000 02:00, 0.950,  30.3,  28.7, 1006.0, 0.114, 0.050,  346,   3.3,   2.0
13-Nov-2000 03:00, 1.038,  30.3,  28.8, 1005.1, 0.118, 0.045,  329,   3.3,   2.3
13-Nov-2000 04:00, 1.132,  30.8,  29.1, 1004.4, 0.135, 0.054,  331,   3.0,   1.7
13-Nov-2000 05:00, 1.181,  31.0,  29.4, 1004.2, 0.143, 0.055,  327,   3.1,   1.3
13-Nov-2000 06:00, 1.154,  30.9,  29.6, 1004.9, 0.124, 0.034,  279,   2.3,   1.2
13-Nov-2000 07:00, 1.064,  30.9,  27.3, 1005.8, 0.083, 0.000,  177,   4.5,   2.9
13-Nov-2000 08:00, 0.979,  30.6,  26.7, 1006.4, 0.099, 0.026,  189,   5.8,   3.0
13-Nov-2000 09:00, 0.896,  30.7,  26.6, 1006.7, 0.150, 0.082,  197,   4.3,   2.1
13-Nov-2000 10:00, 0.758,  30.5,  26.6, 1007.5, 0.147, 0.083,  193,   4.1,   2.3
13-Nov-2000 11:00, 0.581,  30.5,  26.2, 1008.0, 0.093, 0.037,  195,   3.7,   2.3
13-Nov-2000 12:00, 0.456,  30.4,  26.1, 1008.1, 0.074, 0.022,  156,   4.2,   2.5
13-Nov-2000 13:00, 0.382,  30.4,  25.4, 1007.8, 0.077, 0.027,  172,   3.9,   3.1
13-Nov-2000 14:00, 0.365,  30.4,  25.4, 1006.8, 0.094, 0.038,  183,   4.8,   3.1
13-Nov-2000 15:00, 0.398,  30.3,  24.8, 1006.1, 0.110, 0.045,  177,   4.6,   1.6
13-Nov-2000 16:00, 0.465,  30.3,  24.8, 1005.7, 0.121, 0.050,  176,   4.0,   2.8
13-Nov-2000 17:00, 0.563,  30.2,  24.3, 1005.6, 0.151, 0.076,  185,   5.1,   3.2
13-Nov-2000 18:00, 0.612,  30.2,  24.3, 1006.1, 0.135, 0.059,  190,   5.0,   3.5
13-Nov-2000 19:00, 0.630,  30.1,  24.5, 1006.6, 0.087, 0.016,  178,   6.1,   4.6
13-Nov-2000 20:00, 0.688,  30.0,  25.6, 1007.4, 0.090, 0.025,  182,   6.2,   3.3
13-Nov-2000 21:00, 0.752,  30.0,  27.5, 1007.6, 0.117, 0.059,  171,   4.4,   2.6
13-Nov-2000 22:00, 0.814,  29.9,  28.8, 1007.5, 0.145, 0.089,   92,   3.9,   3.3
13-Nov-2000 23:00, 0.809,  30.0,  28.6, 1007.9, 0.105, 0.048,   51,   4.5,   3.8
14-Nov-2000 00:00, 0.812,  30.1,  28.5, 1007.7, 0.069, 0.016,   22,   4.6,   3.0
14-Nov-2000 01:00, 0.878,  30.4,  28.6, 1006.7, 0.088, 0.031,    9,   3.7,   3.2
14-Nov-2000 02:00, 0.957,  30.7,  29.1, 1005.7, 0.104, 0.038,  358,   3.5,   2.7
14-Nov-2000 03:00, 1.034,  30.7,  29.2, 1005.2, 0.105, 0.029,  357,   4.0,   3.1
14-Nov-2000 04:00, 1.122,  30.8,  28.8, 1005.3, 0.115, 0.035,   10,   5.4,   2.5
14-Nov-2000 05:00, 1.186,  30.5,  29.0, 1005.4, 0.126, 0.047,   96,   3.0,   1.2
14-Nov-2000 06:00, 1.207,  30.5,  26.8, 1005.8, 0.141, 0.063,  199,   6.0,   2.4
14-Nov-2000 07:00, 1.129,  30.4,  25.8, 1006.2, 0.106, 0.032,  183,   5.5,   4.0
14-Nov-2000 08:00, 1.002,  30.3,  25.8, 1007.1, 0.069, 0.000,  186,   6.3,   3.9
14-Nov-2000 09:00, 0.903,  30.3,  25.5, 1007.6, 0.103, 0.042,  192,   5.9,   2.0
14-Nov-2000 10:00, 0.808,  30.1,  25.3, 1008.3, 0.153, 0.098,  176,   3.8,   2.5
14-Nov-2000 11:00, 0.688,  30.2,  24.9, 1008.3, 0.165, 0.116,  181,   5.5,   3.4
14-Nov-2000 12:00, 0.504,  30.1,  25.0, 1007.9, 0.093, 0.044,  191,   4.1,   2.9
14-Nov-2000 13:00, 0.391,  30.1,  25.1, 1007.4, 0.069, 0.015,  194,   5.0,   3.2
14-Nov-2000 14:00, 0.349,  30.1,  24.8, 1006.6, 0.082, 0.023,  186,   6.0,   3.7
14-Nov-2000 15:00, 0.358,  30.0,  24.8, 1005.8, 0.102, 0.035,  175,   5.7,   4.0
14-Nov-2000 16:00, 0.405,  30.0,  25.2, 1005.4, 0.118, 0.044,  193,   5.5,   2.8
14-Nov-2000 17:00, 0.472,  29.9,  24.8, 1005.0, 0.127, 0.048,  187,   5.5,   3.5
14-Nov-2000 18:00, 0.550,  29.6,  25.0, 1005.7, 0.141, 0.060,  185,   4.8,   3.5
14-Nov-2000 19:00, 0.594,  29.6,  24.8, 1006.0, 0.122, 0.048,  188,   4.7,   3.1
14-Nov-2000 20:00, 0.619,  29.7,  25.3, 1006.5, 0.082, 0.011,  181,   4.4,   3.2
14-Nov-2000 21:00, 0.691,  29.6,  27.7, 1007.3, 0.100, 0.033,   88,   3.8,   0.7
14-Nov-2000 22:00, 0.773,  29.7,  29.2, 1007.8, 0.135, 0.077,  100,   4.8,   1.7
14-Nov-2000 23:00, 0.810,  29.8,  27.6, 1007.7, 0.126, 0.072,   87,   6.0,   1.5
15-Nov-2000 00:00, 0.822,  29.9,  28.5, 1007.1, 0.087, 0.031,   17,   3.5,   1.8
15-Nov-2000 01:00, 0.858,  30.1,  28.6, 1006.3, 0.066, 0.003,   25,   3.5,   2.9
15-Nov-2000 02:00, 0.938,  30.4,  28.9, 1005.7, 0.082, 0.012,  359,   3.6,   2.7
15-Nov-2000 03:00, 1.027,  30.4,  29.0, 1005.0, 0.100, 0.024,    1,   3.0,   0.5
15-Nov-2000 04:00, 1.126,  30.3,  29.2, 1004.7, 0.123, 0.041,  358,   3.1,   2.0
15-Nov-2000 05:00, 1.190,  30.5,  29.6, 1004.4, 0.127, 0.041,   70,   3.2,   2.3
15-Nov-2000 06:00, 1.235,  30.4,  28.6, 1005.1, 0.150, 0.063,  169,   3.3,   1.6
15-Nov-2000 07:00, 1.172,  30.3,  28.1, 1005.7, 0.117, 0.036,  165,   2.7,   1.7
15-Nov-2000 08:00, 1.042,  30.5,  26.9, 1007.0, 0.063,-0.010,  165,   3.4,   2.6
15-Nov-2000 09:00, 0.927,  30.4,  26.3, 1007.6, 0.067, 0.006,   63,   6.3,   4.8
15-Nov-2000 10:00, 0.823,  30.4,  26.3, 1008.1, 0.109, 0.053,  197,   3.9,   1.4
15-Nov-2000 11:00, 0.733,  30.2,  26.0, 1008.0, 0.158, 0.107,  258,   2.2,   0.5
15-Nov-2000 12:00, 0.610,  30.1,  26.0, 1008.1, 0.151, 0.100,  179,   2.3,   0.8
15-Nov-2000 13:00, 0.448,  30.5,  25.6, 1007.7, 0.079, 0.028,  170,   3.2,   1.6
15-Nov-2000 14:00, 0.364,  30.5,  25.7, 1007.5, 0.061, 0.006,  177,   3.9,   2.1
15-Nov-2000 15:00, 0.355,  30.4,  25.3, 1006.1, 0.087, 0.028,  188,   3.0,   2.2
15-Nov-2000 16:00, 0.390,  30.4,  25.5, 1005.8, 0.119, 0.047,  182,   5.0,   3.8
15-Nov-2000 17:00, 0.424,  30.4,  25.3, 1006.4, 0.118, 0.044,  194,   4.2,   2.2
15-Nov-2000 18:00, 0.490,  30.2,  25.7, 1007.2, 0.131, 0.063,   44,   4.8,   2.0
15-Nov-2000 19:00, 0.540,  30.3,  24.6, 1008.0, 0.125, 0.066,  187,   4.6,   2.1
15-Nov-2000 20:00, 0.567,  30.2,  24.7, 1007.9, 0.092, 0.040,  180,   3.2,   1.9
15-Nov-2000 21:00, 0.609,  30.2,  25.6, 1008.0, 0.073, 0.020,  205,   3.4,   0.9
15-Nov-2000 22:00, 0.716,  30.1,  26.8, 1008.0, 0.123, 0.070,  168,   3.4,   2.2
15-Nov-2000 23:00, 0.801,  30.2,  27.6, 1008.1, 0.154, 0.102,   58,   3.6,   2.2
16-Nov-2000 00:00, 0.836,  30.2,  28.3, 1007.7, 0.130, 0.078,   41,   3.4,   2.2
16-Nov-2000 01:00, 0.868,  30.6,  28.6, 1007.4, 0.095, 0.039,   17,   3.9,   2.9
16-Nov-2000 02:00, 0.940,  30.7,  29.0, 1006.7, 0.096, 0.038,   27,   4.8,   3.8
16-Nov-2000 03:00, 1.014,  31.0,  29.3, 1005.9, 0.099, 0.033,   12,   4.9,   3.6
16-Nov-2000 04:00, 1.098,  30.9,  29.4, 1005.9, 0.114, 0.041,    8,   4.4,   2.4
16-Nov-2000 05:00, 1.169,  31.3,  26.5, 1005.8, 0.125, 0.052,  357,  12.9,  11.2
16-Nov-2000 06:00, 1.214,  31.2,  26.7, 1007.2, 0.137, 0.064,    4,  12.4,   5.6
16-Nov-2000 07:00, 1.209,  30.9,  25.6, 1008.2, 0.142, 0.083,   60,   8.1,   6.4
16-Nov-2000 08:00, 1.112,  30.8,  24.6, 1008.9, 0.104, 0.054,  187,   4.9,   1.8
16-Nov-2000 09:00, 0.963,  30.8,  24.1, 1010.1, 0.056, 0.014,  134,   9.4,   3.5
16-Nov-2000 10:00, 0.839,  30.8,  24.0, 1010.5, 0.063, 0.032,  151,   6.8,   2.2
16-Nov-2000 11:00, 0.746,  30.4,  24.2, 1010.7, 0.107, 0.080,  176,   4.2,   2.2
16-Nov-2000 12:00, 0.681,  30.4,  24.9, 1010.4, 0.162, 0.136,  153,   3.9,   2.4
16-Nov-2000 13:00, 0.551,  30.4,  25.0, 1009.7, 0.122, 0.093,   98,   3.2,   1.4
16-Nov-2000 14:00, 0.425,  30.4,  25.3, 1009.2, 0.061, 0.025,  152,   5.1,   2.8
16-Nov-2000 15:00, 0.377,  30.4,  25.6, 1008.6, 0.060, 0.019,  103,   4.6,   1.6
16-Nov-2000 16:00, 0.380,  30.3,  25.1, 1008.1, 0.083, 0.036,  165,   4.9,   2.4
16-Nov-2000 17:00, 0.405,  30.3,  25.4, 1007.8, 0.099, 0.047,  110,   4.5,   1.1
16-Nov-2000 18:00, 0.456,  30.3,  24.8, 1008.0, 0.119, 0.065,  166,   2.9,   1.5
16-Nov-2000 19:00, 0.520,  30.4,  26.3, 1008.3, 0.139, 0.087,  144,   3.2,   2.2
16-Nov-2000 20:00, 0.554,  30.3,  27.0, 1008.8, 0.125, 0.076,  129,   3.8,   2.1
16-Nov-2000 21:00, 0.575,  30.3,  28.3, 1009.1, 0.088, 0.044,  127,   5.0,   2.7
16-Nov-2000 22:00, 0.630,  30.4,  28.9, 1009.5, 0.083, 0.042,  107,   4.9,   2.3
16-Nov-2000 23:00, 0.721,  30.4,  29.5, 1009.4, 0.113, 0.077,   95,   4.7,   3.2
17-Nov-2000 00:00, 0.781,  30.4,  29.6, 1008.4, 0.110, 0.070,   94,   5.8,   3.5
17-Nov-2000 01:00, 0.832,  30.4,  30.1, 1007.8, 0.091, 0.042,  119,   5.1,   2.3
17-Nov-2000 02:00, 0.900,  30.4,  29.4, 1007.0, 0.082, 0.027,   46,   5.5,   3.8
17-Nov-2000 03:00, 0.963,  30.6,  29.8, 1006.9, 0.071, 0.009,   45,   5.4,   4.7
17-Nov-2000 04:00, 1.035,  30.7,  29.5, 1006.9, 0.079, 0.015,  142,   7.7,   3.9
17-Nov-2000 05:00, 1.107,  30.5,  29.9, 1006.9, 0.096, 0.033,  140,   6.2,   2.2
17-Nov-2000 06:00, 1.150,  30.4,  28.7, 1007.1, 0.105, 0.042,  179,   3.2,   1.9
17-Nov-2000 07:00, 1.154,  30.5,  28.1, 1008.0, 0.107, 0.047,  197,   2.7,   1.9
17-Nov-2000 08:00, 1.099,  30.5,  26.9, 1008.4, 0.090, 0.038,  190,   4.3,   2.8
17-Nov-2000 09:00, 0.987,  30.5,  26.7, 1008.7, 0.056, 0.008,  182,   4.4,   2.9
17-Nov-2000 10:00, 0.859,  30.5,  26.4, 1009.6, 0.038,-0.007,  183,   4.2,   2.8
17-Nov-2000 11:00, 0.751,  30.4,  26.2, 1009.6, 0.052, 0.016,  180,   4.7,   2.9
17-Nov-2000 12:00, 0.670,  30.3,  25.8, 1009.4, 0.085, 0.049,  179,   4.4,   3.2
17-Nov-2000 13:00, 0.619,  30.3,  25.7, 1009.2, 0.124, 0.086,  184,   5.4,   4.0
17-Nov-2000 14:00, 0.534,  30.1,  25.2, 1008.7, 0.101, 0.061,  182,   5.9,   4.1
17-Nov-2000 15:00, 0.452,  30.1,  25.1, 1008.2, 0.063, 0.017,  185,   5.7,   4.2
17-Nov-2000 16:00, 0.426,  30.2,  24.7, 1007.7, 0.069, 0.018,  183,   6.5,   3.9
17-Nov-2000 17:00, 0.395,  30.2,  25.1, 1007.6, 0.051,-0.004,  180,   6.1,   3.7
17-Nov-2000 18:00, 0.439,  30.2,  24.2, 1007.6, 0.088, 0.032,  179,   5.8,   4.2
17-Nov-2000 19:00, 0.480,  30.1,  24.5, 1008.0, 0.107, 0.051,  185,   6.2,   4.5
17-Nov-2000 20:00, 0.513,  30.1,  25.9, 1008.4, 0.104, 0.052,  185,   6.3,   4.0
17-Nov-2000 21:00, 0.550,  30.1,  27.7, 1008.8, 0.095, 0.048,  184,   4.8,   2.8
17-Nov-2000 22:00, 0.589,  30.1,  28.4, 1008.7, 0.079, 0.035,  194,   4.7,   2.4
17-Nov-2000 23:00, 0.654,  30.1,  29.9, 1008.3, 0.082, 0.037,  110,   4.4,   2.4
18-Nov-2000 00:00, 0.745,  30.1,  29.6, 1007.7, 0.105, 0.055,   65,   7.5,   6.2
18-Nov-2000 01:00, 0.821,  30.3,  30.0, 1007.0, 0.109, 0.053,   62,   9.3,   6.2
18-Nov-2000 02:00, 0.891,  30.4,  30.3, 1006.4, 0.102, 0.040,   71,   8.7,   4.1
18-Nov-2000 03:00, 0.953,  30.5,  30.5, 1005.6, 0.089, 0.020,   57,   7.0,   5.5
18-Nov-2000 04:00, 1.004,  30.6,  30.6, 1005.1, 0.078, 0.001,   61,   7.1,   5.4
18-Nov-2000 05:00, 1.047,  30.6,  30.3, 1005.2, 0.075,-0.006,   53,   6.3,   4.0
18-Nov-2000 06:00, 1.089,  30.6,  30.5, 1005.6, 0.089, 0.010,   77,   6.0,   3.7
18-Nov-2000 07:00, 1.104,  30.6,  30.7, 1006.2, 0.101, 0.025,  122,   5.9,   1.9
18-Nov-2000 08:00, 1.083,  30.5,  30.0, 1006.9, 0.105, 0.036,  142,   3.1,   1.1
18-Nov-2000 09:00, 1.002,  30.5,  28.8, 1007.4, 0.080, 0.017,  179,   3.8,   1.7
18-Nov-2000 10:00, 0.901,  30.6,  27.6, 1008.1, 0.063, 0.006,  179,   3.6,   1.5
18-Nov-2000 11:00, 0.789,  30.6,  28.2, 1008.1, 0.051, 0.000,  154,   2.8,   1.1
18-Nov-2000 12:00, 0.694,  30.5,  27.5, 1008.2, 0.055, 0.005,  186,   4.4,   3.3
18-Nov-2000 13:00, 0.634,  30.5,  28.0, 1007.7, 0.078, 0.027,  152,   5.4,   2.2
18-Nov-2000 14:00, 0.599,  30.3,  26.4, 1007.4, 0.100, 0.045,  183,   4.7,   3.4
18-Nov-2000 15:00, 0.581,  30.3,  26.0, 1006.9, 0.121, 0.062,  181,   5.3,   3.6
18-Nov-2000 16:00, 0.532,  30.2,  25.3, 1006.5, 0.099, 0.036,  186,   5.7,   4.1
18-Nov-2000 17:00, 0.500,  30.3,  25.6, 1006.4, 0.090, 0.023,  181,   5.5,   3.9
18-Nov-2000 18:00, 0.495,  30.3,  25.1, 1007.1, 0.096, 0.029,  181,   5.4,   2.9
18-Nov-2000 19:00, 0.498,  30.2,  24.9, 1007.8, 0.098, 0.038,  179,   5.5,   4.1
18-Nov-2000 20:00, 0.530,  30.2,  25.4, 1008.4, 0.115, 0.062,  178,   5.7,   4.0
18-Nov-2000 21:00, 0.550,  30.2,  28.0, 1008.9, 0.103, 0.056,  177,   5.0,   1.8
18-Nov-2000 22:00, 0.589,  30.2,  29.3, 1009.1, 0.096, 0.053,   51,   2.9,   1.9
18-Nov-2000 23:00, 0.644,  30.4,  29.0, 1008.8, 0.091, 0.050,   33,   3.1,   2.6
19-Nov-2000 00:00, 0.704,  30.4,  29.1, 1008.5, 0.085, 0.041,   17,   3.5,   2.7
19-Nov-2000 01:00, 0.793,  30.7,  29.1, 1007.4, 0.100, 0.052,   23,   4.6,   3.8
19-Nov-2000 02:00, 0.876,  30.9,  29.4, 1006.5, 0.108, 0.049,   26,   5.2,   3.0
19-Nov-2000 03:00, 0.938,  30.8,  29.9, 1005.8, 0.097, 0.029,   44,   4.0,   1.8
19-Nov-2000 04:00, 0.982,  30.6,  30.0, 1005.2, 0.083, 0.008,   25,   3.0,   1.7
19-Nov-2000 05:00, 1.021,  30.7,  30.3, 1005.1, 0.084, 0.004,   24,   2.3,   1.1
19-Nov-2000 06:00, 1.046,  30.7,  30.0, 1005.4, 0.093, 0.012,  323,   1.9,   1.2
19-Nov-2000 07:00, 1.058,  31.0,  29.7, 1006.0, 0.109, 0.031,  243,   1.9,   0.7
19-Nov-2000 08:00, 1.038,  30.6,  28.5, 1006.7, 0.114, 0.043,  184,   2.5,   1.7
19-Nov-2000 09:00, 0.981,  30.6,  28.0, 1007.2, 0.103, 0.038,  182,   2.8,   2.3
19-Nov-2000 10:00, 0.912,  30.5,  27.2, 1007.7, 0.095, 0.036,  185,   3.2,   2.6
19-Nov-2000 11:00, 0.833,  30.4,  26.8, 1007.7, 0.089, 0.034,  186,   4.2,   2.3
19-Nov-2000 12:00, 0.753,  30.4,  26.5, 1007.3, 0.087, 0.032,  195,   4.2,   3.1
19-Nov-2000 13:00, 0.700,  30.4,  26.3, 1006.8, 0.101, 0.041,  185,   4.9,   3.0
19-Nov-2000 14:00, 0.673,  30.3,  25.9, 1006.1, 0.122, 0.057,  188,   5.1,   3.2
19-Nov-2000 15:00, 0.650,  30.3,  25.5, 1005.0, 0.129, 0.056,  185,   5.1,   3.1
19-Nov-2000 16:00, 0.634,  30.2,  25.4, 1005.2, 0.134, 0.052,  186,   5.4,   2.8
19-Nov-2000 17:00, 0.600,  30.2,  25.3, 1005.2, 0.118, 0.038,  187,   5.0,   3.3
19-Nov-2000 18:00, 0.584,  30.2,  25.1, 1005.6, 0.118, 0.039,  181,   5.1,   3.4
19-Nov-2000 19:00, 0.575,  30.1,  24.6, 1006.0, 0.120, 0.044,  180,   5.6,   3.8
19-Nov-2000 20:00, 0.572,  30.0,  26.0, 1007.0, 0.120, 0.049,  182,   5.6,   3.4
19-Nov-2000 21:00, 0.577,  30.1,  28.1, 1007.4, 0.113, 0.051,  179,   5.2,   3.0
19-Nov-2000 22:00, 0.595,  30.1,  29.1, 1007.6, 0.096, 0.039,   40,   3.0,   1.9
19-Nov-2000 23:00, 0.644,  30.2,  28.8, 1007.3, 0.092, 0.036,   26,   3.7,   3.2
20-Nov-2000 00:00, 0.698,  30.3,  28.9, 1007.0, 0.080, 0.021,   40,   4.5,   3.7
20-Nov-2000 01:00, 0.775,  30.5,  29.2, 1005.9, 0.087, 0.024,   21,   4.5,   2.8
20-Nov-2000 02:00, 0.854,  30.4,  29.4, 1005.0, 0.092, 0.018,   33,   4.5,   2.9
20-Nov-2000 03:00, 0.935,  30.6,  29.6, 1004.2, 0.104, 0.021,  312,   4.1,   2.3
20-Nov-2000 04:00, 1.013,  30.7,  29.1, 1004.1, 0.129, 0.039,  174,   2.8,   1.9
20-Nov-2000 05:00, 1.027,  30.8,  29.5, 1004.0, 0.116, 0.025,  177,   3.2,   1.2
20-Nov-2000 06:00, 1.013,  30.8,  29.7, 1004.4, 0.098, 0.006,   51,   2.6,   2.2
20-Nov-2000 07:00, 1.004,  30.8,  29.5, 1005.2, 0.106, 0.018,  112,   3.1,   2.4
20-Nov-2000 08:00, 0.970,  30.7,  28.9, 1006.1, 0.106, 0.027,  159,   3.2,   1.4
20-Nov-2000 09:00, 0.908,  30.8,  27.8, 1006.7, 0.093, 0.023,  177,   3.5,   1.7
20-Nov-2000 10:00, 0.856,  30.7,  27.1, 1007.1, 0.093, 0.029,  179,   3.2,   2.1
20-Nov-2000 11:00, 0.786,  30.7,  26.9, 1007.4, 0.076, 0.015,  189,   4.0,   2.9
20-Nov-2000 12:00, 0.743,  30.7,  26.8, 1007.4, 0.084, 0.026,  188,   4.5,   2.6
20-Nov-2000 13:00, 0.700,  30.6,  26.6, 1006.7, 0.088, 0.029,  187,   5.2,   2.9
20-Nov-2000 14:00, 0.651,  30.4,  26.0, 1005.8, 0.073, 0.007,  185,   5.0,   3.1
20-Nov-2000 15:00, 0.640,  30.3,  26.0, 1005.4, 0.081, 0.006,  186,   4.5,   3.7
20-Nov-2000 16:00, 0.641,  30.2,  25.6, 1005.1, 0.093, 0.014,  183,   5.0,   3.3
20-Nov-2000 17:00, 0.648,  30.2,  25.7, 1005.1, 0.109, 0.027,  190,   4.9,   2.9
20-Nov-2000 18:00, 0.657,  30.2,  25.4, 1005.7, 0.127, 0.046,  189,   4.8,   3.2
20-Nov-2000 19:00, 0.638,  30.1,  25.3, 1006.2, 0.118, 0.044,  184,   5.0,   3.1
20-Nov-2000 20:00, 0.618,  30.1,  26.2, 1007.1, 0.108, 0.039,  184,   5.5,   3.2
20-Nov-2000 21:00, 0.596,  30.2,  28.4, 1007.5, 0.087, 0.026,  172,   5.1,   1.9
20-Nov-2000 22:00, 0.601,  30.3,  28.3, 1008.1, 0.075, 0.019,  314,   4.7,   1.5
20-Nov-2000 23:00, 0.649,  30.4,  28.2, 1007.4, 0.080, 0.028,   39,   4.2,   1.7
21-Nov-2000 00:00, 0.714,  30.5,  28.8, 1007.0, 0.081, 0.023,   26,   2.6,   1.9
21-Nov-2000 01:00, 0.783,  30.3,  29.2, 1006.4, 0.081, 0.019,   17,   3.5,   2.1
21-Nov-2000 02:00, 0.870,  30.7,  29.1, 1005.2, 0.099, 0.030,   23,   3.0,   2.1
21-Nov-2000 03:00, 0.946,  30.4,  28.9, 1004.5, 0.108, 0.027,   24,   3.9,   1.9
21-Nov-2000 04:00, 0.999,  30.5,  29.0, 1004.2, 0.114, 0.027,    6,   3.3,   2.3
21-Nov-2000 05:00, 1.029,  31.5,  29.2, 1004.3, 0.127, 0.037,  349,   2.8,   1.9
21-Nov-2000 06:00, 1.005,  31.4,  29.4, 1004.8, 0.113, 0.024,  264,   2.6,   0.9
21-Nov-2000 07:00, 0.973,  31.5,  29.7, 1005.3, 0.114, 0.031,  111,   1.8,   1.3
21-Nov-2000 08:00, 0.922,  31.5,  29.4, 1006.1, 0.111, 0.033,   40,   3.7,   2.5
21-Nov-2000 09:00, 0.869,  31.4,  28.3, 1006.8, 0.117, 0.047,  142,   4.5,   1.9
21-Nov-2000 10:00, 0.806,  31.4,  27.5, 1007.3, 0.113, 0.050,  200,   4.0,   1.6
21-Nov-2000 11:00, 0.750,  31.4,  26.4, 1007.9, 0.104, 0.046,  230,   4.1,   1.0
21-Nov-2000 12:00, 0.733,  31.1,  26.2, 1007.8, 0.118, 0.065,  176,   3.9,   2.6
21-Nov-2000 13:00, 0.714,  30.7,  26.1, 1007.3, 0.120, 0.066,  186,   4.4,   2.5
21-Nov-2000 14:00, 0.679,  30.7,  25.7, 1006.8, 0.104, 0.044,  181,   4.1,   2.8
21-Nov-2000 15:00, 0.665,  30.6,  25.8, 1006.3, 0.095, 0.030,  199,   3.9,   2.5
21-Nov-2000 16:00, 0.675,  30.5,  25.9, 1005.7, 0.102, 0.032,  184,   3.9,   2.4
21-Nov-2000 17:00, 0.682,  30.5,  25.5, 1006.1, 0.109, 0.034,  189,   3.7,   2.5
21-Nov-2000 18:00, 0.715,  30.4,  25.3, 1006.8, 0.140, 0.069,  186,   4.0,   2.5
21-Nov-2000 19:00, 0.715,  30.4,  25.4, 1007.2, 0.140, 0.076,  192,   4.1,   2.5
21-Nov-2000 20:00, 0.695,  30.4,  26.8, 1007.7, 0.124, 0.064,  171,   3.7,   2.4
21-Nov-2000 21:00, 0.673,  30.4,  28.3, 1008.7, 0.104, 0.050,   32,   3.5,   2.6
21-Nov-2000 22:00, 0.672,  30.5,  25.6, 1009.6, 0.097, 0.053,  266,  10.5,   2.9
21-Nov-2000 23:00, 0.705,  30.5,  26.2, 1009.5, 0.101, 0.065,  220,   5.1,   1.6
22-Nov-2000 00:00, 0.768,  30.5,  27.2, 1008.7, 0.109, 0.072,  285,   3.9,   1.9
22-Nov-2000 01:00, 0.852,  30.5,  28.3, 1007.7, 0.122, 0.076,  285,   5.0,   3.1
22-Nov-2000 02:00, 0.912,  30.3,  28.7, 1007.2, 0.115, 0.060,  308,   3.3,   2.4
22-Nov-2000 03:00, 0.964,  30.6,  28.8, 1006.9, 0.108, 0.047,  304,   3.6,   2.3
22-Nov-2000 04:00, 1.025,  30.6,  28.8, 1006.5, 0.125, 0.061,  316,   3.0,   1.7
22-Nov-2000 05:00, 1.050,  30.5,  29.1, 1006.5, 0.139, 0.073,    0,   3.0,   2.0
22-Nov-2000 06:00, 1.031,  30.5,  29.3, 1006.6, 0.145, 0.078,   90,   2.1,   1.1
22-Nov-2000 07:00, 0.952,  30.5,  28.6, 1007.1, 0.115, 0.050,  120,   2.5,   1.6
22-Nov-2000 08:00, 0.879,  30.5,  28.0, 1007.4, 0.109, 0.048,  146,   2.2,   1.0
22-Nov-2000 09:00, 0.804,  30.5,  27.2, 1007.6, 0.108, 0.050,  176,   2.2,   1.0
22-Nov-2000 10:00, 0.733,  30.5,  26.8, 1007.6, 0.107, 0.051,  102,   2.6,   0.7
22-Nov-2000 11:00, 0.691,  30.4,  26.4, 1007.6, 0.118, 0.062,  199,   2.0,   1.6
22-Nov-2000 12:00, 0.663,  30.4,  26.0, 1007.1, 0.119, 0.063,  195,   3.0,   2.4
22-Nov-2000 13:00, 0.669,  30.4,  25.4, 1006.2, 0.128, 0.066,  186,   3.8,   2.5
22-Nov-2000 14:00, 0.661,  30.3,  25.2, 1005.7, 0.115, 0.044,  191,   4.5,   2.8
22-Nov-2000 15:00, 0.636,  30.3,  24.9, 1005.5, 0.082, 0.007,  187,   5.2,   3.3
22-Nov-2000 16:00, 0.633,  30.3,  24.6, 1005.5, 0.063,-0.014,  185,   5.5,   3.7
22-Nov-2000 17:00, 0.677,  30.2,  24.6, 1005.7, 0.092, 0.015,  186,   5.7,   3.1
22-Nov-2000 18:00, 0.719,  30.2,  24.6, 1006.4, 0.123, 0.049,  187,   5.0,   3.2
22-Nov-2000 19:00, 0.738,  30.0,  24.2, 1006.7, 0.130, 0.062,  186,   5.1,   3.6
22-Nov-2000 20:00, 0.732,  29.9,  25.2, 1007.1, 0.114, 0.050,  174,   5.2,   3.1
22-Nov-2000 21:00, 0.716,  30.0,  28.0, 1007.6, 0.094, 0.033,  173,   4.5,   2.2
22-Nov-2000 22:00, 0.723,  30.1,  28.8, 1007.9, 0.094, 0.038,   57,   3.8,   3.0
22-Nov-2000 23:00, 0.760,  30.2,  28.6, 1007.9, 0.109, 0.057,   49,   4.9,   3.7
23-Nov-2000 00:00, 0.807,  30.4,  28.6, 1007.2, 0.113, 0.059,   38,   5.1,   4.2
23-Nov-2000 01:00, 0.880,  30.7,  28.9, 1006.4, 0.119, 0.058,  358,   4.8,   2.7
23-Nov-2000 02:00, 0.948,  30.3,  29.0, 1005.7, 0.116, 0.047,  324,   4.0,   2.4
23-Nov-2000 03:00, 1.010,  30.1,  29.1, 1004.7, 0.122, 0.046,  317,   3.9,   2.5
23-Nov-2000 04:00, 1.046,  30.4,  29.1, 1004.5, 0.119, 0.034,  333,   4.0,   3.0
23-Nov-2000 05:00, 1.092,  30.6,  28.1, 1004.6, 0.157, 0.070,  203,   4.0,   2.1
23-Nov-2000 06:00, 1.105,  30.6,  28.8, 1004.9, 0.207, 0.121,  262,   2.9,   0.9
23-Nov-2000 07:00, 1.010,  30.7,  28.8, 1005.5, 0.177, 0.095,  301,   2.7,   2.2
23-Nov-2000 08:00, 0.876,  30.6,  28.2, 1006.1, 0.127, 0.050,  259,   2.8,   1.1
23-Nov-2000 09:00, 0.764,  30.7,  27.6, 1006.7, 0.107, 0.036,  181,   1.9,   0.5
23-Nov-2000 10:00, 0.667,  30.7,  27.4, 1007.3, 0.096, 0.032,  204,   4.4,   1.2
23-Nov-2000 11:00, 0.612,  30.6,  27.4, 1007.4, 0.108, 0.049,  352,   5.8,   2.7
23-Nov-2000 12:00, 0.587,  30.6,  26.7, 1007.0, 0.119, 0.060,  188,   3.3,   1.4
23-Nov-2000 13:00, 0.589,  30.6,  26.3, 1006.5, 0.122, 0.059,  184,   4.5,   2.6
23-Nov-2000 14:00, 0.620,  30.5,  26.2, 1005.9, 0.128, 0.060,  183,   4.6,   2.9
23-Nov-2000 15:00, 0.631,  30.5,  26.3, 1005.2, 0.112, 0.038,  187,   5.0,   2.6
23-Nov-2000 16:00, 0.623,  30.3,  25.8, 1005.0, 0.077,-0.003,  186,   5.7,   3.7
23-Nov-2000 17:00, 0.657,  30.1,  25.5, 1005.0, 0.082, 0.000,  184,   4.8,   3.0
23-Nov-2000 18:00, 0.729,  29.9,  25.7, 1005.5, 0.132, 0.051,  180,   5.4,   3.9
23-Nov-2000 19:00, 0.785,  29.7,  25.3, 1006.1, 0.169, 0.092,  186,   6.1,   3.2
23-Nov-2000 20:00, 0.791,  29.8,  26.1, 1006.9, 0.151, 0.081,  183,   5.5,   3.6
23-Nov-2000 21:00, 0.771,  30.1,  28.4, 1007.4, 0.112, 0.050,  179,   4.8,   1.7
23-Nov-2000 22:00, 0.770,  30.4,  29.0, 1007.4, 0.097, 0.039,   28,   3.1,   1.7
23-Nov-2000 23:00, 0.806,  30.6,  29.0, 1007.2, 0.111, 0.053,   37,   3.3,   2.4
24-Nov-2000 00:00, 0.851,  30.7,  29.1, 1006.8, 0.118, 0.057,   23,   3.3,   2.5
24-Nov-2000 01:00, 0.921,  31.1,  29.2, 1006.2, 0.130, 0.065,  353,   3.5,   3.1
24-Nov-2000 02:00, 1.000,  31.1,  29.5, 1005.5, 0.136, 0.065,  341,   3.5,   3.1
24-Nov-2000 03:00, 1.056,  31.0,  29.4, 1004.9, 0.130, 0.053,  335,   4.2,   3.7
24-Nov-2000 04:00, 1.080,  31.2,  29.5, 1004.2, 0.118, 0.034,  339,   4.0,   1.9
24-Nov-2000 05:00, 1.088,  31.0,  29.7, 1004.7, 0.120, 0.030,  323,   2.8,   1.2
24-Nov-2000 06:00, 1.099,  31.1,  29.7, 1005.3, 0.171, 0.087,  331,   3.0,   2.2
24-Nov-2000 07:00, 1.049,  30.7,  28.7, 1005.9, 0.201, 0.123,  229,   3.3,   1.2
24-Nov-2000 08:00, 0.886,  31.1,  26.6, 1006.9, 0.140, 0.067,  136,   7.9,   2.7
24-Nov-2000 09:00, 0.728,  31.0,  25.7, 1008.4, 0.091, 0.029,  125,   4.5,   2.2
24-Nov-2000 10:00, 0.605,  31.0,  25.6, 1009.0, 0.073, 0.025,  163,   5.0,   2.2
24-Nov-2000 11:00, 0.533,  31.0,  25.6, 1009.0, 0.085, 0.043,  185,   2.8,   1.0
24-Nov-2000 12:00, 0.500,  30.9,  25.7, 1008.5, 0.101, 0.058,  131,   2.2,   0.6
24-Nov-2000 13:00, 0.502,  30.7,  25.6, 1007.7, 0.111, 0.063,  195,   2.6,   1.5
24-Nov-2000 14:00, 0.553,  30.5,  25.2, 1006.9, 0.133, 0.077,  194,   3.7,   2.8
24-Nov-2000 15:00, 0.605,  30.4,  25.0, 1006.4, 0.138, 0.074,  179,   4.3,   2.7
24-Nov-2000 16:00, 0.614,  30.4,  25.2, 1006.0, 0.106, 0.038,  179,   4.6,   2.6
24-Nov-2000 17:00, 0.636,  30.3,  25.3, 1005.9, 0.087, 0.015,  184,   4.9,   2.9
24-Nov-2000 18:00, 0.710,  30.3,  25.3, 1006.3, 0.126, 0.053,  191,   5.4,   2.4
24-Nov-2000 19:00, 0.796,  30.2,  24.6, 1007.0, 0.186, 0.117,  173,   5.0,   3.3
24-Nov-2000 20:00, 0.824,  30.2,  25.6, 1007.6, 0.184, 0.123,  172,   5.0,   2.7
24-Nov-2000 21:00, 0.820,  30.0,  27.9, 1008.1, 0.149, 0.094,  182,   4.3,   0.8
24-Nov-2000 22:00, 0.807,  30.2,  28.2, 1008.7, 0.110, 0.059,   31,   2.2,   1.0
24-Nov-2000 23:00, 0.833,  30.3,  28.7, 1008.5, 0.109, 0.064,   45,   3.4,   2.6
25-Nov-2000 00:00, 0.880,  30.5,  29.0, 1008.1, 0.118, 0.070,   21,   4.6,   2.8
25-Nov-2000 01:00, 0.932,  30.6,  29.0, 1007.5, 0.115, 0.064,   37,   3.9,   3.4
25-Nov-2000 02:00, 1.015,  30.8,  29.4, 1006.7, 0.130, 0.072,   10,   3.9,   2.4
25-Nov-2000 03:00, 1.076,  30.7,  29.5, 1006.1, 0.122, 0.056,  313,   3.4,   1.9
25-Nov-2000 04:00, 1.100,  30.3,  29.7, 1005.7, 0.104, 0.032,    6,   2.7,   1.0
25-Nov-2000 05:00, 1.079,  30.5,  29.7, 1006.2, 0.076, 0.002,   27,   2.5,   2.2
25-Nov-2000 06:00, 1.066,  30.8,  29.6, 1006.6, 0.099, 0.029,   55,   2.6,   2.3
25-Nov-2000 07:00, 1.056,  30.6,  29.4, 1007.3, 0.175, 0.110,   81,   5.2,   2.2
25-Nov-2000 08:00, 0.970,  30.6,  27.6, 1008.1, 0.205, 0.146,  169,   5.0,   2.6
25-Nov-2000 09:00, 0.773,  30.7,  26.7, 1009.0, 0.134, 0.085,  201,   4.1,   2.1
25-Nov-2000 10:00, 0.583,  30.8,  26.8, 1009.2, 0.065, 0.023,  183,   4.6,   2.6
25-Nov-2000 11:00, 0.482,  30.7,  26.7, 1009.3, 0.068, 0.028,  186,   4.8,   2.8
25-Nov-2000 12:00, 0.430,  30.8,  26.3, 1009.0, 0.083, 0.044,  183,   4.7,   2.5
25-Nov-2000 13:00, 0.438,  30.9,  26.2, 1008.4, 0.111, 0.069,  183,   4.6,   2.8
25-Nov-2000 14:00, 0.479,  30.8,  26.0, 1007.6, 0.129, 0.080,  187,   4.4,   2.9
25-Nov-2000 15:00, 0.561,  30.8,  25.5, 1007.1, 0.156, 0.100,  183,   5.0,   2.8
25-Nov-2000 16:00, 0.606,  30.8,  25.5, 1007.0, 0.143, 0.082,  183,   5.0,   3.7
25-Nov-2000 17:00, 0.616,  30.8,  25.3, 1007.2, 0.102, 0.040,  174,   5.0,   3.3
25-Nov-2000 18:00, 0.642,  30.6,  25.7, 1007.8, 0.080, 0.021,  181,   5.4,   3.9
25-Nov-2000 19:00, 0.723,  30.6,  25.4, 1007.9, 0.126, 0.072,  181,   5.4,   4.0
25-Nov-2000 20:00, 0.800,  30.4,  25.4, 1008.3, 0.170, 0.118,  184,   5.1,   2.9
25-Nov-2000 21:00, 0.800,  30.4,  26.1, 1008.3, 0.137, 0.087,  168,   4.1,   1.8
25-Nov-2000 22:00, 0.797,  30.4,  27.8, 1009.0, 0.098, 0.050,  326,   3.5,   0.7
25-Nov-2000 23:00, 0.822,  30.5,  28.2, 1009.0, 0.087, 0.045,   14,   2.5,   2.0
26-Nov-2000 00:00, 0.864,  30.8,  28.1, 1008.7, 0.088, 0.046,   16,   4.1,   2.4
26-Nov-2000 01:00, 0.936,  30.9,  28.6, 1008.1, 0.107, 0.061,    0,   3.4,   1.9
26-Nov-2000 02:00, 1.013,  30.8,  29.1, 1006.8, 0.118, 0.066,   21,   3.2,   2.2
26-Nov-2000 03:00, 1.096,  30.7,  29.6, 1005.4, 0.129, 0.063,   41,   4.5,   4.0
26-Nov-2000 04:00, 1.142,  31.4,  29.8, 1004.8, 0.122, 0.043,   38,   5.2,   2.9
26-Nov-2000 05:00, 1.135,  31.1,  30.2, 1004.9, 0.101, 0.017,  333,   4.3,   1.7
26-Nov-2000 06:00, 1.083,  31.1,  30.2, 1005.0, 0.079,-0.004,  315,   2.2,   1.3
26-Nov-2000 07:00, 1.057,  31.0,  29.8, 1005.4, 0.134, 0.052,  312,   2.5,   1.6
26-Nov-2000 08:00, 1.003,  31.2,  28.6, 1006.4, 0.203, 0.126,  189,   2.1,   1.1
26-Nov-2000 09:00, 0.840,  31.2,  27.7, 1007.3, 0.178, 0.111,  193,   2.9,   1.7
26-Nov-2000 10:00, 0.621,  31.1,  27.8, 1007.9, 0.097, 0.039,  199,   3.4,   1.1
26-Nov-2000 11:00, 0.475,  31.0,  27.2, 1008.0, 0.070, 0.016,  217,   2.2,   1.4
26-Nov-2000 12:00, 0.400,  31.1,  26.7, 1008.1, 0.081, 0.030,  183,   2.7,   2.4
26-Nov-2000 13:00, 0.382,  31.0,  26.5, 1007.1, 0.101, 0.049,  177,   2.7,   2.1
26-Nov-2000 14:00, 0.403,  31.0,  26.2, 1006.7, 0.111, 0.050,  189,   3.7,   2.1
26-Nov-2000 15:00, 0.464,  31.0,  26.2, 1005.9, 0.120, 0.053,  178,   4.0,   2.2
26-Nov-2000 16:00, 0.542,  30.9,  26.0, 1005.6, 0.128, 0.055,  182,   3.8,   2.5
26-Nov-2000 17:00, 0.580,  30.9,  26.0, 1005.4, 0.103, 0.027,  188,   4.5,   3.1
26-Nov-2000 18:00, 0.605,  30.8,  26.2, 1005.8, 0.073,-0.005,  197,   4.3,   3.0
26-Nov-2000 19:00, 0.682,  30.6,  25.7, 1006.5, 0.104, 0.031,  188,   4.7,   2.6
26-Nov-2000 20:00, 0.761,  30.4,  26.5, 1007.0, 0.148, 0.081,  183,   4.7,   2.6
26-Nov-2000 21:00, 0.792,  30.2,  27.3, 1007.5, 0.144, 0.083,  179,   4.3,   2.5
26-Nov-2000 22:00, 0.785,  30.3,  28.1, 1007.5, 0.101, 0.044,  299,   2.5,   2.0
26-Nov-2000 23:00, 0.821,  30.6,  28.5, 1006.9, 0.096, 0.039,  354,   3.1,   2.6
27-Nov-2000 00:00, 0.873,  31.0,  28.8, 1006.2, 0.102, 0.038,   26,   3.4,   2.6
27-Nov-2000 01:00, 0.929,  31.0,  29.1, 1005.9, 0.104, 0.034,  353,   4.3,   3.2
27-Nov-2000 02:00, 1.003,  30.9,  29.1, 1005.1, 0.112, 0.038,  326,   4.6,   3.7
27-Nov-2000 03:00, 1.086,  31.3,  29.1, 1004.6, 0.123, 0.042,  351,   4.3,   1.1
27-Nov-2000 04:00, 1.147,  31.1,  29.3, 1004.0, 0.121, 0.034,  320,   2.0,   1.1
27-Nov-2000 05:00, 1.154,  31.2,  29.2, 1003.7, 0.101, 0.008,  282,   3.9,   3.3
27-Nov-2000 06:00, 1.099,  31.2,  28.5, 1004.3, 0.066,-0.029,  175,   4.3,   2.3
27-Nov-2000 07:00, 1.047,  31.1,  28.1, 1004.9, 0.083,-0.005,  178,   4.0,   2.8
27-Nov-2000 08:00, 1.012,  30.9,  27.7, 1005.3, 0.167, 0.084,  171,   4.0,   2.6
27-Nov-2000 09:00, 0.908,  30.8,  27.4, 1006.1, 0.208, 0.130,  179,   4.3,   2.6
27-Nov-2000 10:00, 0.700,  30.6,  27.0, 1006.6, 0.149, 0.078,  186,   4.2,   2.8
27-Nov-2000 11:00, 0.515,  30.8,  26.7, 1007.2, 0.096, 0.031,  187,   4.5,   2.6
27-Nov-2000 12:00, 0.404,  30.8,  26.4, 1007.2, 0.085, 0.025,  185,   4.5,   2.9
27-Nov-2000 13:00, 0.362,  30.7,  26.1, 1006.7, 0.102, 0.042,  182,   4.9,   2.7
27-Nov-2000 14:00, 0.379,  30.7,  25.8, 1005.9, 0.125, 0.059,  182,   4.8,   3.0
27-Nov-2000 15:00, 0.429,  30.8,  25.6, 1005.3, 0.134, 0.060,  187,   4.2,   3.0
27-Nov-2000 16:00, 0.532,  30.7,  25.4, 1004.8, 0.164, 0.085,  183,   4.6,   3.3
27-Nov-2000 17:00, 0.596,  30.6,  25.4, 1004.8, 0.155, 0.070,  188,   4.6,   3.1
27-Nov-2000 18:00, 0.615,  30.5,  25.3, 1005.1, 0.113, 0.029,  184,   4.1,   2.8
27-Nov-2000 19:00, 0.695,  30.4,  25.5, 1004.8, 0.140, 0.059,  187,   5.1,   2.6
27-Nov-2000 20:00, 0.801,  30.0,  26.6, 1005.1, 0.205, 0.121,  178,   3.8,   2.4
27-Nov-2000 21:00, 0.833,  30.3,  28.5, 1005.8, 0.203, 0.122,  120,   2.9,   1.8
27-Nov-2000 22:00, 0.808,  30.4,  28.8, 1006.5, 0.144, 0.071,   66,   4.1,   3.0
27-Nov-2000 23:00, 0.813,  30.5,  28.8, 1006.0, 0.111, 0.044,   39,   3.9,   2.8
28-Nov-2000 00:00, 0.875,  30.6,  29.1, 1005.4, 0.124, 0.052,   15,   3.2,   2.1
28-Nov-2000 01:00, 0.947,  30.9,  29.2, 1004.9, 0.139, 0.060,  344,   2.9,   1.6
28-Nov-2000 02:00, 1.017,  30.5,  29.3, 1004.2, 0.143, 0.059,  324,   3.8,   3.4
28-Nov-2000 03:00, 1.102,  31.4,  29.3, 1003.4, 0.156, 0.065,  332,   4.0,   3.3
28-Nov-2000 04:00, 1.177,  31.3,  29.4, 1003.3, 0.163, 0.065,  305,   4.1,   2.4
28-Nov-2000 05:00, 1.195,  31.1,  27.7, 1004.0, 0.138, 0.040,  276,   8.2,   5.3
28-Nov-2000 06:00, 1.160,  31.1,  28.1, 1004.0, 0.108, 0.016,  196,   4.3,   1.5
28-Nov-2000 07:00, 1.104,  31.1,  27.9, 1004.7, 0.107, 0.016,  190,   4.8,   2.3
28-Nov-2000 08:00, 1.045,  30.9,  27.3, 1005.4, 0.154, 0.069,  237,   3.9,   1.2
28-Nov-2000 09:00, 0.981,  30.8,  27.1, 1006.9, 0.232, 0.155,  137,   1.7,   1.0
28-Nov-2000 10:00, 0.803,  30.7,  26.3, 1007.3, 0.206, 0.143,  137,   4.9,   1.9
28-Nov-2000 11:00, 0.575,  30.7,  25.8, 1007.2, 0.121, 0.063,  185,   4.3,   1.4
28-Nov-2000 12:00, 0.466,  30.6,  25.6, 1006.7, 0.126, 0.065,  154,   4.3,   1.5
28-Nov-2000 13:00, 0.390,  30.6,  25.9, 1005.9, 0.122, 0.056,  184,   5.0,   3.2
28-Nov-2000 14:00, 0.369,  30.6,  26.1, 1005.8, 0.128, 0.055,  182,   4.9,   2.5
28-Nov-2000 15:00, 0.421,  30.5,  25.9, 1005.4, 0.156, 0.081,  217,   4.3,   0.8
28-Nov-2000 16:00, 0.495,  30.5,  25.4, 1004.8, 0.166, 0.088,  188,   3.7,   2.2
28-Nov-2000 17:00, 0.576,  30.4,  25.4, 1005.0, 0.167, 0.083,  172,   4.2,   3.1
28-Nov-2000 18:00, 0.611,  30.4,  25.9, 1005.8, 0.133, 0.052,  182,   4.3,   2.4
28-Nov-2000 19:00, 0.653,  30.4,  25.6, 1006.3, 0.119, 0.045,  198,   2.5,   1.2
28-Nov-2000 20:00, 0.747,  30.4,  25.5, 1007.2, 0.169, 0.102,  193,   3.5,   1.1
28-Nov-2000 21:00, 0.817,  30.4,  26.7, 1007.3, 0.205, 0.145,  164,   3.1,   1.9
28-Nov-2000 22:00, 0.816,  30.3,  27.7, 1007.8, 0.172, 0.113,   46,   3.0,   1.3
28-Nov-2000 23:00, 0.794,  30.4,  27.5, 1008.0, 0.116, 0.062,   51,   3.1,   1.7
29-Nov-2000 00:00, 0.831,  30.3,  27.9, 1007.7, 0.109, 0.057,   61,   2.1,   1.3
29-Nov-2000 01:00, 0.901,  30.3,  27.9, 1006.9, 0.121, 0.065,  342,   2.6,   0.7
29-Nov-2000 02:00, 0.984,  30.3,  27.9, 1006.4, 0.137, 0.074,   58,   2.9,   1.7
29-Nov-2000 03:00, 1.057,  30.4,  28.2, 1005.7, 0.138, 0.069,  353,   2.4,   1.3
29-Nov-2000 04:00, 1.132,  30.5,  28.0, 1005.5, 0.145, 0.069,  351,   4.2,   1.5
29-Nov-2000 05:00, 1.179,  30.5,  27.9, 1005.4, 0.138, 0.061,  328,   2.9,   2.6
29-Nov-2000 06:00, 1.153,  30.6,  28.1, 1005.6, 0.098, 0.020,   49,   3.1,   2.0
29-Nov-2000 07:00, 1.098,  30.5,  27.3, 1006.0, 0.081, 0.006,   11,   5.3,   3.0
29-Nov-2000 08:00, 1.052,  30.5,  27.2, 1006.3, 0.123, 0.052,  236,   4.4,   1.0
29-Nov-2000 09:00, 0.990,  30.4,  26.5, 1006.4, 0.191, 0.122,  186,   2.7,   1.7
29-Nov-2000 10:00, 0.841,  30.2,  26.6, 1007.0, 0.192, 0.124,  191,   2.9,   1.8
29-Nov-2000 11:00, 0.651,  30.4,  26.2, 1007.3, 0.147, 0.085,  197,   2.6,   1.2
29-Nov-2000 12:00, 0.490,  30.3,  26.1, 1007.4, 0.108, 0.049,  190,   3.2,   1.6
29-Nov-2000 13:00, 0.405,  30.3,  26.0, 1007.3, 0.106, 0.049,  191,   3.5,   2.3
29-Nov-2000 14:00, 0.375,  30.1,  25.6, 1006.5, 0.119, 0.058,  182,   4.5,   3.2
29-Nov-2000 15:00, 0.395,  30.2,  25.6, 1006.3, 0.136, 0.069,  182,   4.1,   3.1
29-Nov-2000 16:00, 0.452,  30.2,  25.8, 1005.8, 0.146, 0.076,  178,   4.5,   3.4
29-Nov-2000 17:00, 0.524,  30.2,  25.6, 1005.9, 0.144, 0.070,  188,   5.0,   2.9
29-Nov-2000 18:00, 0.569,  30.1,  25.8, 1006.3, 0.113, 0.041,  268,   4.6,   2.2
29-Nov-2000 19:00, 0.604,  30.2,  25.5, 1007.0, 0.088, 0.020,  154,   4.7,   1.7
29-Nov-2000 20:00, 0.679,  30.1,  26.1, 1007.6, 0.116, 0.055,  193,   3.8,   1.5
29-Nov-2000 21:00, 0.757,  30.0,  28.6, 1008.1, 0.159, 0.104,  105,   3.4,   0.5
29-Nov-2000 22:00, 0.783,  30.0,  28.2, 1008.0, 0.155, 0.104,   33,   2.9,   2.4
29-Nov-2000 23:00, 0.772,  30.0,  28.2, 1008.1, 0.115, 0.063,   37,   3.5,   3.0
30-Nov-2000 00:00, 0.797,  30.3,  28.4, 1007.2, 0.102, 0.050,   33,   3.9,   2.7
30-Nov-2000 01:00, 0.864,  30.4,  28.6, 1006.9, 0.114, 0.054,   26,   3.8,   2.4
30-Nov-2000 02:00, 0.944,  30.6,  29.0, 1006.3, 0.128, 0.064,   16,   3.1,   2.3
30-Nov-2000 03:00, 1.012,  30.8,  28.4, 1006.1, 0.125, 0.056,   25,   7.0,   6.1
30-Nov-2000 04:00, 1.071,  31.0,  28.3, 1006.0, 0.116, 0.044,   72,   5.1,   1.9
30-Nov-2000 05:00, 1.138,  30.8,  27.0, 1006.2, 0.127, 0.055,  158,   5.0,   2.5
30-Nov-2000 06:00, 1.155,  30.5,  26.4, 1005.7, 0.115, 0.045,  187,   4.9,   2.3
30-Nov-2000 07:00, 1.121,  30.7,  27.6, 1006.4, 0.099, 0.024,  189,   2.7,   0.2
30-Nov-2000 08:00, 1.057,  30.3,  27.1, 1007.3, 0.103, 0.036,  128,   1.9,   1.5
30-Nov-2000 09:00, 0.996,  30.1,  26.7, 1008.0, 0.154, 0.096,  177,   2.2,   1.2
30-Nov-2000 10:00, 0.911,  30.1,  26.3, 1008.4, 0.207, 0.155,  196,   3.6,   2.6
30-Nov-2000 11:00, 0.749,  30.1,  26.3, 1008.6, 0.186, 0.138,  185,   3.8,   2.2
30-Nov-2000 12:00, 0.574,  30.0,  26.1, 1008.3, 0.135, 0.089,  182,   3.8,   2.7
30-Nov-2000 13:00, 0.467,  30.1,  26.3, 1007.7, 0.120, 0.070,  181,   4.4,   2.8
30-Nov-2000 14:00, 0.406,  30.1,  25.8, 1007.1, 0.113, 0.057,  183,   4.0,   2.9
30-Nov-2000 15:00, 0.407,  30.3,  26.1, 1006.8, 0.129, 0.068,  195,   4.4,   0.8
30-Nov-2000 16:00, 0.457,  30.3,  25.9, 1006.1, 0.154, 0.089,  205,   3.5,   1.3
30-Nov-2000 17:00, 0.524,  30.3,  25.7, 1006.0, 0.163, 0.092,  189,   2.8,   1.6
30-Nov-2000 18:00, 0.592,  30.3,  25.4, 1006.3, 0.158, 0.086,  184,   3.8,   2.4
30-Nov-2000 19:00, 0.621,  30.1,  25.4, 1007.0, 0.120, 0.052,  189,   3.8,   1.7
30-Nov-2000 20:00, 0.654,  30.1,  26.9, 1007.8, 0.104, 0.043,  265,   3.3,   1.1
30-Nov-2000 21:00, 0.727,  30.2,  27.9, 1008.0, 0.139, 0.085,  355,   2.3,   0.2
30-Nov-2000 22:00, 0.786,  30.2,  28.0, 1008.5, 0.169, 0.117,  328,   2.1,   0.8
30-Nov-2000 23:00, 0.788,  30.2,  29.0, 1008.6, 0.143, 0.096,  360,   2.3,   0.4
01-Dec-2000 00:00, 0.780,  30.2,  28.4, 1008.0, 0.102, 0.055,  301,   3.0,   1.9
01-Dec-2000 01:00, 0.827,  30.3,  28.9, 1007.3, 0.102, 0.050,  302,   3.7,   1.9
01-Dec-2000 02:00, 0.901,  30.9,  29.1, 1006.6, 0.113, 0.053,  356,   2.9,   1.1
01-Dec-2000 03:00, 0.984,  30.9,  29.1, 1006.0, 0.128, 0.061,   38,   3.2,   2.2
01-Dec-2000 04:00, 1.054,  31.4,  29.2, 1005.3, 0.132, 0.059,   56,   4.2,   2.7
01-Dec-2000 05:00, 1.114,  31.3,  29.5, 1004.9, 0.138, 0.058,   92,   4.6,   2.2
01-Dec-2000 06:00, 1.132,  31.5,  29.7, 1005.2, 0.122, 0.039,   79,   4.5,   2.5
01-Dec-2000 07:00, 1.101,  31.1,  29.6, 1006.0, 0.092, 0.013,   63,   3.3,   1.9
01-Dec-2000 08:00, 1.045,  30.8,  28.4, 1006.3, 0.084, 0.012,  175,   2.7,   1.6
01-Dec-2000 09:00, 0.975,  30.6,  27.4, 1007.3, 0.103, 0.035,  194,   3.1,   1.9
01-Dec-2000 10:00, 0.905,  30.7,  26.9, 1007.6, 0.153, 0.095,  189,   3.2,   2.1
01-Dec-2000 11:00, 0.793,  30.4,  26.6, 1007.8, 0.172, 0.116,  185,   4.2,   2.5
01-Dec-2000 12:00, 0.650,  30.0,  26.5, 1008.0, 0.149, 0.095,  195,   4.1,   2.6
01-Dec-2000 13:00, 0.506,  30.2,  26.3, 1007.3, 0.100, 0.048,  188,   4.1,   2.5
01-Dec-2000 14:00, 0.455,  30.2,  26.1, 1006.5, 0.109, 0.049,  181,   4.8,   2.9
01-Dec-2000 15:00, 0.433,  30.1,  25.9, 1006.1, 0.116, 0.049,  179,   4.9,   3.2
01-Dec-2000 16:00, 0.441,  30.2,  26.1, 1006.1, 0.121, 0.050,  186,   4.8,   3.3
01-Dec-2000 17:00, 0.506,  30.3,  25.7, 1006.2, 0.149, 0.078,  186,   3.4,   1.9
01-Dec-2000 18:00, 0.570,  30.3,  25.9, 1006.4, 0.152, 0.083,  183,   3.9,   3.0
01-Dec-2000 19:00, 0.613,  30.4,  26.0, 1006.5, 0.129, 0.061,  166,   4.3,   1.1
01-Dec-2000 20:00, 0.655,  30.3,  26.6, 1007.5, 0.116, 0.050,  182,   2.7,   1.6
01-Dec-2000 21:00, 0.714,  30.3,  27.6, 1008.4, 0.133, 0.077,  305,   3.7,   0.8
01-Dec-2000 22:00, 0.772,  30.3,  27.3, 1008.7, 0.158, 0.111,  289,   4.3,   1.4
01-Dec-2000 23:00, 0.817,  30.4,  28.9, 1008.1, 0.176, 0.130,   92,   3.2,   2.7
02-Dec-2000 00:00, 0.827,  30.5,  28.9, 1007.7, 0.154, 0.103,   19,   2.9,   1.5
02-Dec-2000 01:00, 0.853,  30.6,  29.6, 1007.1, 0.140, 0.085,   46,   3.3,   2.8
02-Dec-2000 02:00, 0.917,  30.6,  29.9, 1006.2, 0.148, 0.086,   42,   3.8,   2.4
02-Dec-2000 03:00, 0.998,  30.6,  30.4, 1005.5, 0.165, 0.094,   52,   4.2,   3.1
02-Dec-2000 04:00, 1.062,  30.6,  30.3, 1005.0, 0.170, 0.093,   50,   3.7,   2.6
02-Dec-2000 05:00, 1.109,  30.6,  30.3, 1005.0, 0.167, 0.085,   38,   4.0,   2.7
02-Dec-2000 06:00, 1.134,  31.0,  30.7, 1005.8, 0.161, 0.079,   41,   2.8,   2.0
02-Dec-2000 07:00, 1.111,  31.1,  30.6, 1006.4, 0.132, 0.059,   60,   2.8,   1.7
02-Dec-2000 08:00, 1.063,  31.0,  28.4, 1007.2, 0.115, 0.047,  192,   2.9,   2.2
02-Dec-2000 09:00, 1.009,  30.8,  27.1, 1008.1, 0.128, 0.069,  183,   3.1,   1.7
02-Dec-2000 10:00, 0.943,  30.7,  26.7, 1008.4, 0.160, 0.109,  184,   3.9,   2.7
02-Dec-2000 11:00, 0.850,  30.7,  26.6, 1008.7, 0.179, 0.131,  182,   4.4,   3.1
02-Dec-2000 12:00, 0.736,  30.7,  26.2, 1008.7, 0.174, 0.129,  180,   4.8,   3.2
02-Dec-2000 13:00, 0.613,  30.6,  26.2, 1008.1, 0.144, 0.098,  179,   5.0,   3.4
02-Dec-2000 14:00, 0.532,  30.5,  26.1, 1007.2, 0.126, 0.074,  179,   5.7,   2.6
02-Dec-2000 15:00, 0.474,  30.5,  26.1, 1007.2, 0.104, 0.044,  182,   4.7,   3.4
02-Dec-2000 16:00, 0.473,  30.5,  26.1, 1006.7, 0.116, 0.056,  186,   4.4,   2.8
02-Dec-2000 17:00, 0.511,  30.5,  26.2, 1006.6, 0.140, 0.075,  185,   4.5,   3.3
02-Dec-2000 18:00, 0.564,  30.5,  26.1, 1007.1, 0.152, 0.086,  182,   4.2,   2.3
02-Dec-2000 19:00, 0.618,  30.5,  25.7, 1007.7, 0.150, 0.089,  180,   4.4,   3.2
02-Dec-2000 20:00, 0.665,  30.4,  26.5, 1008.0, 0.139, 0.084,  181,   4.9,   3.1
02-Dec-2000 21:00, 0.714,  30.4,  27.6, 1008.6, 0.139, 0.088,  176,   4.4,   2.1
02-Dec-2000 22:00, 0.766,  30.3,  29.9, 1008.9, 0.153, 0.108,   74,   3.6,   0.6
02-Dec-2000 23:00, 0.808,  30.4,  29.7, 1008.6, 0.162, 0.119,   36,   3.5,   2.7
03-Dec-2000 00:00, 0.825,  30.5,  29.7, 1007.9, 0.147, 0.100,   24,   3.4,   2.7
03-Dec-2000 01:00, 0.857,  30.4,  29.7, 1007.2, 0.141, 0.087,   17,   3.7,   2.4
03-Dec-2000 02:00, 0.904,  30.4,  29.8, 1006.7, 0.139, 0.079,  358,   3.4,   2.0
03-Dec-2000 03:00, 0.957,  30.7,  29.9, 1006.1, 0.137, 0.071,    4,   3.1,   1.8
03-Dec-2000 04:00, 1.022,  31.1,  30.2, 1005.2, 0.149, 0.077,  360,   2.9,   1.2
03-Dec-2000 05:00, 1.060,  31.3,  30.3, 1005.4, 0.148, 0.067,    7,   2.1,   1.7
03-Dec-2000 06:00, 1.068,  31.7,  30.5, 1006.1, 0.132, 0.054,  312,   2.7,   1.3
03-Dec-2000 07:00, 1.060,  31.7,  30.1, 1006.7, 0.120, 0.050,  296,   2.6,   1.3
03-Dec-2000 08:00, 1.040,  31.1,  30.0, 1007.4, 0.123, 0.059,  295,   2.3,   0.8
03-Dec-2000 09:00, 0.993,  30.8,  28.5, 1008.2, 0.127, 0.070,  185,   3.3,   2.0
03-Dec-2000 10:00, 0.941,  30.7,  27.2, 1008.7, 0.150, 0.101,  203,   3.1,   2.6
03-Dec-2000 11:00, 0.871,  30.9,  27.2, 1008.7, 0.170, 0.125,  175,   2.8,   2.0
03-Dec-2000 12:00, 0.785,  30.8,  27.3, 1008.5, 0.175, 0.129,  189,   3.5,   1.9
03-Dec-2000 13:00, 0.702,  30.6,  27.2, 1008.3, 0.174, 0.127,  182,   3.6,   2.5
03-Dec-2000 14:00, 0.613,  30.6,  27.0, 1007.3, 0.147, 0.096,  184,   4.2,   2.7
03-Dec-2000 15:00, 0.573,  30.7,  26.0, 1007.3, 0.145, 0.086,  232,   6.9,   1.4
03-Dec-2000 16:00, 0.565,  30.7,  26.0, 1006.8, 0.158, 0.098,  178,   4.0,   3.1
03-Dec-2000 17:00, 0.561,  30.8,  25.9, 1006.8, 0.157, 0.093,  178,   4.7,   2.9
03-Dec-2000 18:00, 0.597,  30.8,  25.8, 1007.1, 0.175, 0.111,  190,   4.4,   2.8
03-Dec-2000 19:00, 0.638,  30.8,  25.9, 1007.8, 0.176, 0.116,  183,   4.4,   2.6
03-Dec-2000 20:00, 0.667,  30.7,  26.2, 1008.4, 0.154, 0.101,  177,   4.4,   2.4
03-Dec-2000 21:00, 0.720,  30.7,  29.0, 1008.9, 0.154, 0.107,  182,   3.6,   1.1
03-Dec-2000 22:00, 0.780,  30.7,  29.7, 1009.0, 0.166, 0.123,   70,   4.8,   2.6
03-Dec-2000 23:00, 0.826,  30.7,  30.2, 1008.7, 0.171, 0.129,   59,   4.9,   3.5
04-Dec-2000 00:00, 0.869,  30.6,  30.4, 1008.3, 0.177, 0.131,   49,   5.2,   2.9
04-Dec-2000 01:00, 0.896,  30.6,  30.0, 1007.8, 0.165, 0.115,   48,   5.1,   2.8
04-Dec-2000 02:00, 0.932,  30.7,  30.0, 1007.4, 0.157, 0.102,   26,   3.2,   1.6
04-Dec-2000 03:00, 0.984,  30.9,  30.1, 1007.0, 0.162, 0.104,   35,   3.0,   1.8
04-Dec-2000 04:00, 1.023,  31.4,  30.1, 1006.3, 0.158, 0.095,  350,   1.5,   0.6
04-Dec-2000 05:00, 1.049,  31.3,  30.5, 1006.4, 0.156, 0.087,  306,   1.1,   0.3
04-Dec-2000 06:00, 1.066,  31.3,  31.7, 1006.8, 0.163, 0.095,  298,   0.9,   0.4
04-Dec-2000 07:00, 1.041,  31.3,  30.5, 1007.5, 0.144, 0.081,   19,   1.9,   0.6
04-Dec-2000 08:00, 1.007,  31.2,  29.2, 1008.4, 0.136, 0.080,  204,   1.7,   0.7
04-Dec-2000 09:00, 0.966,  31.2,  27.8, 1009.1, 0.138, 0.090,  191,   3.6,   2.7
04-Dec-2000 10:00, 0.915,  31.0,  27.6, 1009.5, 0.145, 0.104,  195,   3.7,   2.5
04-Dec-2000 11:00, 0.859,  30.7,  27.5, 1009.5, 0.156, 0.118,  188,   4.1,   2.1
04-Dec-2000 12:00, 0.800,  30.4,  27.3, 1009.4, 0.166, 0.129,  186,   4.2,   2.8
04-Dec-2000 13:00, 0.730,  30.5,  27.1, 1008.7, 0.158, 0.119,  188,   4.4,   2.8
04-Dec-2000 14:00, 0.670,  30.4,  26.8, 1008.1, 0.150, 0.104,  188,   4.7,   2.7
04-Dec-2000 15:00, 0.617,  30.4,  26.7, 1007.7, 0.133, 0.081,  180,   4.3,   3.0
04-Dec-2000 16:00, 0.578,  30.4,  26.6, 1007.6, 0.117, 0.061,  184,   4.8,   3.3
04-Dec-2000 17:00, 0.572,  30.3,  26.4, 1007.7, 0.122, 0.066,  187,   4.7,   3.9
04-Dec-2000 18:00, 0.586,  30.2,  26.3, 1007.9, 0.134, 0.079,  184,   5.4,   3.2
04-Dec-2000 19:00, 0.612,  30.5,  26.3, 1008.6, 0.140, 0.087,  188,   4.9,   3.3
04-Dec-2000 20:00, 0.652,  30.6,  27.3, 1009.5, 0.143, 0.097,  193,   4.8,   2.9
04-Dec-2000 21:00, 0.687,  30.7,  29.8, 1009.9, 0.129, 0.092,  194,   4.5,   1.4
04-Dec-2000 22:00, 0.730,  30.7,  29.8, 1010.0, 0.117, 0.084,   34,   2.8,   2.2
04-Dec-2000 23:00, 0.800,  30.8,  29.9, 1009.9, 0.135, 0.103,   44,   4.2,   3.9
05-Dec-2000 00:00, 0.853,  30.9,  30.0, 1009.1, 0.140, 0.106,   37,   4.9,   3.4
05-Dec-2000 01:00, 0.900,  30.6,  30.2, 1008.5, 0.144, 0.102,   16,   4.0,   2.4
05-Dec-2000 02:00, 0.945,  30.6,  30.3, 1007.8, 0.146, 0.098,    5,   3.3,   2.0
05-Dec-2000 03:00, 0.972,  30.3,  30.4, 1006.8, 0.133, 0.077,  319,   3.2,   2.2
05-Dec-2000 04:00, 0.998,  31.1,  30.4, 1006.6, 0.128, 0.063,  326,   3.6,   3.0
05-Dec-2000 05:00, 1.012,  31.7,  30.2, 1006.4, 0.125, 0.059,  340,   3.7,   2.4
05-Dec-2000 06:00, 1.001,  31.7,  30.3, 1007.1, 0.119, 0.052,  300,   3.4,   2.7
05-Dec-2000 07:00, 0.978,  31.6,  30.2, 1007.5, 0.120, 0.059,  357,   4.8,   4.1
05-Dec-2000 08:00, 0.938,  31.4,  30.3, 1008.4, 0.117, 0.061,  335,   5.0,   3.9
05-Dec-2000 09:00, 0.893,  31.6,  30.2, 1008.9, 0.120, 0.072,  344,   5.4,   4.2
05-Dec-2000 10:00, 0.845,  31.5,  28.7, 1009.4, 0.123, 0.080,  184,   5.2,   0.9
05-Dec-2000 11:00, 0.801,  31.4,  27.7, 1009.6, 0.128, 0.090,  172,   4.0,   1.7
05-Dec-2000 12:00, 0.762,  31.2,  27.4, 1009.5, 0.134, 0.098,  192,   5.0,   2.9
05-Dec-2000 13:00, 0.726,  30.9,  27.3, 1009.0, 0.139, 0.101,  188,   4.3,   3.0
05-Dec-2000 14:00, 0.697,  30.7,  27.1, 1007.8, 0.141, 0.097,  185,   4.9,   3.0
05-Dec-2000 15:00, 0.667,  30.4,  26.9, 1007.6, 0.135, 0.081,  182,   4.8,   3.3
05-Dec-2000 16:00, 0.651,  30.3,  26.2, 1007.2, 0.139, 0.082,  193,   4.7,   3.1
05-Dec-2000 17:00, 0.649,  30.5,  25.9, 1007.0, 0.149, 0.089,  183,   4.7,   3.5
05-Dec-2000 18:00, 0.651,  30.7,  25.9, 1007.4, 0.155, 0.093,  189,   5.6,   2.4
05-Dec-2000 19:00, 0.663,  30.9,  25.7, 1008.1, 0.160, 0.103,  186,   5.5,   3.1
05-Dec-2000 20:00, 0.687,  30.9,  26.8, 1008.6, 0.163, 0.112,  186,   5.2,   2.5
05-Dec-2000 21:00, 0.730,  30.8,  28.7, 1009.0, 0.170, 0.124,  300,   5.3,   2.2
05-Dec-2000 22:00, 0.775,  30.8,  29.1, 1009.1, 0.163, 0.121,  324,   2.6,   1.6
05-Dec-2000 23:00, 0.828,  30.8,  29.7, 1009.0, 0.155, 0.114,  316,   2.9,   2.1
06-Dec-2000 00:00, 0.896,  31.0,  29.7, 1008.6, 0.163, 0.121,    3,   5.0,   3.8
06-Dec-2000 01:00, 0.960,  31.2,  29.8, 1007.8, 0.175, 0.128,  327,   4.6,   3.3
06-Dec-2000 02:00, 1.008,  31.5,  29.7, 1007.2, 0.178, 0.124,  305,   7.5,   6.8
06-Dec-2000 03:00, 1.040,  31.6,  29.6, 1006.4, 0.173, 0.111,  200,   7.0,   2.5
06-Dec-2000 04:00, 1.052,  31.5,  30.6, 1006.5, 0.162, 0.094,  261,   5.9,   2.9
06-Dec-2000 05:00, 1.047,  31.6,  30.5, 1005.9, 0.156, 0.087,  263,   5.8,   3.8
06-Dec-2000 06:00, 1.011,  31.6,  30.1, 1006.9, 0.139, 0.067,  263,   6.2,   2.6
06-Dec-2000 07:00, 0.966,  31.4,  29.8, 1007.8, 0.134, 0.071,  271,   5.0,   2.0
06-Dec-2000 08:00, 0.915,  31.3,  28.8, 1008.4, 0.139, 0.086,  197,   6.1,   1.5
06-Dec-2000 09:00, 0.856,  31.0,  28.1, 1008.4, 0.143, 0.093,  189,   3.1,   1.4
06-Dec-2000 10:00, 0.785,  30.9,  26.7, 1010.1, 0.130, 0.084,  269,   6.0,   3.0
06-Dec-2000 11:00, 0.747,  30.7,  25.2, 1009.3, 0.135, 0.103,  213,   6.5,   2.2
06-Dec-2000 12:00, 0.729,  30.5,  25.4, 1010.0, 0.144, 0.106,  257,   7.7,   2.8
06-Dec-2000 13:00, 0.717,  30.7,  25.2, 1009.1, 0.149, 0.116,  216,   3.5,   1.0
06-Dec-2000 14:00, 0.717,  30.6,  24.9, 1007.7, 0.157, 0.114,  201,   2.1,   1.0
06-Dec-2000 15:00, 0.730,  30.5,  24.8, 1006.9, 0.174, 0.118,  211,   4.6,   1.7
06-Dec-2000 16:00, 0.734,  30.5,  24.7, 1006.2, 0.182, 0.118,  202,   2.4,   0.7
06-Dec-2000 17:00, 0.720,  30.5,  25.0, 1005.8, 0.174, 0.104,  179,   3.8,   2.4
06-Dec-2000 18:00, 0.713,  30.5,  24.9, 1005.8, 0.169, 0.095,  184,   4.2,   2.6
06-Dec-2000 19:00, 0.706,  30.4,  24.9, 1006.6, 0.158, 0.084,  184,   4.3,   1.9
06-Dec-2000 20:00, 0.708,  30.4,  25.7, 1007.6, 0.149, 0.084,  183,   4.5,   2.3
06-Dec-2000 21:00, 0.743,  30.4,  27.7, 1008.3, 0.161, 0.105,  171,   4.3,   2.0
06-Dec-2000 22:00, 0.783,  30.4,  28.2, 1009.2, 0.162, 0.114,    4,   2.8,   1.3
06-Dec-2000 23:00, 0.838,  30.5,  28.9, 1009.0, 0.157, 0.117,   16,   2.6,   1.0
07-Dec-2000 00:00, 0.909,  30.4,  29.0, 1008.3, 0.160, 0.117,   15,   2.5,   1.0
07-Dec-2000 01:00, 0.976,  30.4,  29.8, 1007.5, 0.162, 0.112,  353,   3.1,   2.3
07-Dec-2000 02:00, 1.040,  30.4,  31.2, 1006.7, 0.175, 0.117,  303,   5.5,   4.4
07-Dec-2000 03:00, 1.090,  31.4,  29.7, 1005.9, 0.187, 0.121,  329,  10.2,   7.6
07-Dec-2000 04:00, 1.097,  31.6,  27.9, 1005.7, 0.176, 0.103,  316,  13.9,  10.0
07-Dec-2000 05:00, 1.090,  31.4,  28.4, 1005.2, 0.180, 0.104,  309,  11.0,   6.3
07-Dec-2000 06:00, 1.039,  31.5,  29.5, 1006.0, 0.164, 0.085,  310,   8.5,   5.6
07-Dec-2000 07:00, 0.967,  31.1,  29.8, 1006.7, 0.148, 0.077,  261,   6.2,   1.7
07-Dec-2000 08:00, 0.896,  31.1,  28.9, 1007.3, 0.152, 0.088,  271,   3.2,   1.1
07-Dec-2000 09:00, 0.805,  31.0,  27.7, 1007.8, 0.143, 0.084,  170,   2.1,   1.5
07-Dec-2000 10:00, 0.728,  30.9,  27.2, 1008.8, 0.143, 0.090,  202,   2.5,   1.1
07-Dec-2000 11:00, 0.690,  30.8,  26.7, 1008.3, 0.158, 0.113,  197,   2.9,   1.9
07-Dec-2000 12:00, 0.680,  30.7,  26.3, 1007.7, 0.169, 0.119,  181,   3.5,   2.0
07-Dec-2000 13:00, 0.685,  30.7,  26.1, 1007.5, 0.172, 0.117,  192,   3.0,   1.6
07-Dec-2000 14:00, 0.697,  30.8,  25.7, 1006.9, 0.169, 0.112,  183,   3.1,   2.2
07-Dec-2000 15:00, 0.728,  30.7,  25.5, 1006.2, 0.181, 0.117,  186,   3.8,   3.0
07-Dec-2000 16:00, 0.756,  30.6,  25.6, 1005.8, 0.189, 0.118,  187,   4.1,   2.0
07-Dec-2000 17:00, 0.758,  29.9,  25.4, 1005.5, 0.180, 0.106,  182,   4.3,   2.8
07-Dec-2000 18:00, 0.754,  30.3,  25.1, 1005.8, 0.170, 0.093,  183,   4.5,   2.6
07-Dec-2000 19:00, 0.745,  30.1,  25.2, 1006.4, 0.151, 0.077,  187,   4.2,   2.7
07-Dec-2000 20:00, 0.740,  30.2,  26.1, 1007.4, 0.133, 0.066,  201,   4.8,   1.9
07-Dec-2000 21:00, 0.765,  30.2,  28.6, 1007.6, 0.143, 0.085,  176,   2.8,   1.4
07-Dec-2000 22:00, 0.809,  30.2,  28.7, 1007.8, 0.160, 0.104,   51,   2.9,   2.3
07-Dec-2000 23:00, 0.849,  30.2,  26.8, 1008.3, 0.152, 0.099,    9,  12.1,   8.3
08-Dec-2000 00:00, 0.915,  30.3,  27.6, 1007.8, 0.151, 0.101,  280,   8.5,   1.5
08-Dec-2000 01:00, 0.992,  30.5,  28.1, 1007.5, 0.155, 0.101,  272,   2.9,   1.5
08-Dec-2000 02:00, 1.058,  30.4,  28.2, 1006.7, 0.159, 0.101,  286,   3.2,   2.1
08-Dec-2000 03:00, 1.121,  30.2,  28.2, 1005.8, 0.181, 0.115,  252,   2.7,   1.3
08-Dec-2000 04:00, 1.161,  30.3,  28.9, 1004.7, 0.203, 0.127,  272,   2.6,   0.2
08-Dec-2000 05:00, 1.145,  30.4,  28.8, 1004.5, 0.202, 0.116,  349,   2.0,   0.7
08-Dec-2000 06:00, 1.076,  30.4,  28.5, 1004.7, 0.183, 0.096,  266,   2.3,   1.6
08-Dec-2000 07:00, 0.980,  30.4,  27.5, 1005.4, 0.160, 0.075,  261,   4.5,   1.6
08-Dec-2000 08:00, 0.870,  30.4,  27.2, 1006.3, 0.140, 0.063,  191,   2.8,   1.9
08-Dec-2000 09:00, 0.774,  30.3,  27.2, 1006.5, 0.145, 0.076,  196,   3.4,   2.0
08-Dec-2000 10:00, 0.691,  30.3,  27.1, 1006.8, 0.161, 0.094,  213,   3.4,   1.3
08-Dec-2000 11:00, 0.628,  30.3,  27.8, 1007.0, 0.173, 0.109,  213,   4.8,   1.3
08-Dec-2000 12:00, 0.601,  30.3,  27.5, 1006.4, 0.180, 0.118,  194,   3.2,   1.7
08-Dec-2000 13:00, 0.620,  30.3,  27.2, 1005.5, 0.192, 0.123,  243,   2.1,   1.1
08-Dec-2000 14:00, 0.649,  30.3,  27.3, 1005.5, 0.189, 0.112,  254,   1.9,   0.6
08-Dec-2000 15:00, 0.690,  30.2,  26.0, 1005.3, 0.189, 0.111,  211,   2.3,   0.5
08-Dec-2000 16:00, 0.747,  30.2,  26.0, 1005.4, 0.202, 0.123,  196,   2.7,   1.3
08-Dec-2000 17:00, 0.805,  30.2,  25.8, 1004.9, 0.221, 0.142,  199,   2.8,   1.6
08-Dec-2000 18:00, 0.818,  30.2,  26.6, 1005.3, 0.211, 0.128,  272,   2.8,   1.3
08-Dec-2000 19:00, 0.799,  30.2,  25.6, 1006.1, 0.170, 0.092,  185,   6.1,   0.0
08-Dec-2000 20:00, 0.797,  30.1,  25.7, 1006.9, 0.146, 0.076,  255,   3.1,   2.2
08-Dec-2000 21:00, 0.820,  30.1,  25.8, 1007.2, 0.150, 0.087,  183,   3.9,   1.9
08-Dec-2000 22:00, 0.864,  30.3,  26.8, 1007.3, 0.172, 0.112,   20,   2.5,   0.6
08-Dec-2000 23:00, 0.918,  30.2,  27.9, 1006.9, 0.193, 0.133,  323,   2.3,   1.0
09-Dec-2000 00:00, 0.982,  30.3,  28.5, 1006.7, 0.200, 0.136,   34,   3.7,   2.1
09-Dec-2000 01:00, 1.042,  30.7,  26.4, 1006.9, 0.186, 0.121,  161,  12.2,   2.0
09-Dec-2000 02:00, 1.111,  30.6,  27.2, 1006.5, 0.184, 0.120,  292,   5.0,   3.9
09-Dec-2000 03:00, 1.182,  30.5,  26.4, 1005.9, 0.205, 0.138,  290,   6.3,   3.3
09-Dec-2000 04:00, 1.212,  30.6,  26.7, 1005.5, 0.215, 0.142,  284,   4.0,   2.4
09-Dec-2000 05:00, 1.204,  30.6,  27.5, 1005.0, 0.220, 0.142,  252,   2.9,   1.0
09-Dec-2000 06:00, 1.125,  30.5,  27.9, 1005.9, 0.197, 0.115,  300,   3.3,   2.5
09-Dec-2000 07:00, 1.004,  30.5,  26.4, 1007.7, 0.165, 0.094,  273,   9.1,   5.4
09-Dec-2000 08:00, 0.868,  30.4,  25.0, 1007.8, 0.133, 0.078,  188,   3.3,   1.5
09-Dec-2000 09:00, 0.750,  30.4,  25.2, 1008.9, 0.132, 0.079,  229,   2.1,   1.3
09-Dec-2000 10:00, 0.629,  30.4,  24.8, 1009.8, 0.129, 0.086,  196,   5.2,   0.8
09-Dec-2000 11:00, 0.534,  30.4,  24.5, 1010.0, 0.135, 0.101,  188,   1.4,   0.7
09-Dec-2000 12:00, 0.481,  30.4,  24.4, 1010.0, 0.142, 0.109,  249,   2.2,   1.4
09-Dec-2000 13:00, 0.467,  30.4,  23.7, 1009.4, 0.134, 0.101,  227,   6.1,   0.5
09-Dec-2000 14:00, 0.514,  30.3,  24.0, 1008.2, 0.145, 0.106,  239,   2.2,   1.5
09-Dec-2000 15:00, 0.583,  30.3,  23.9, 1006.9, 0.156, 0.105,  275,   2.0,   0.8
09-Dec-2000 16:00, 0.673,  30.3,  23.9, 1005.8, 0.184, 0.120,  204,   2.1,   1.3
09-Dec-2000 17:00, 0.764,  30.2,  24.3, 1005.3, 0.211, 0.136,  249,   2.2,   1.4
09-Dec-2000 18:00, 0.819,  30.2,  25.1, 1005.9, 0.215, 0.136,  257,   2.3,   0.7
09-Dec-2000 19:00, 0.833,  30.2,  25.2, 1006.7, 0.192, 0.119,  242,   2.9,   1.4
09-Dec-2000 20:00, 0.839,  30.1,  25.6, 1007.3, 0.160, 0.096,  264,   3.0,   0.1
09-Dec-2000 21:00, 0.862,  30.1,  27.1, 1007.9, 0.152, 0.093,  265,   2.7,   1.2
09-Dec-2000 22:00, 0.882,  30.0,  27.7, 1008.8, 0.145, 0.093,  252,   3.8,   1.5
09-Dec-2000 23:00, 0.924,  30.1,  25.2, 1009.0, 0.159, 0.116,  243,   6.2,   2.6
10-Dec-2000 00:00, 0.982,  30.1,  24.9, 1008.0, 0.174, 0.130,  219,   5.7,   1.4
10-Dec-2000 01:00, 1.046,  30.1,  26.5, 1007.8, 0.172, 0.120,  291,   6.2,   4.8
10-Dec-2000 02:00, 1.127,  30.1,  26.5, 1006.5, 0.179, 0.124,  271,   4.8,   2.2
10-Dec-2000 03:00, 1.189,  30.1,  26.6, 1005.5, 0.181, 0.113,  265,   4.9,   1.7
10-Dec-2000 04:00, 1.220,  30.0,  27.2, 1004.9, 0.185, 0.107,  288,   7.8,   5.0
10-Dec-2000 05:00, 1.240,  30.0,  27.8, 1005.0, 0.214, 0.131,  279,   7.0,   4.0
10-Dec-2000 06:00, 1.206,  29.9,  28.2, 1005.3, 0.232, 0.150,  230,   5.6,   0.7
10-Dec-2000 07:00, 1.077,  30.0,  27.6, 1005.6, 0.200, 0.122,  178,   5.2,   1.6
10-Dec-2000 08:00, 0.922,  29.9,  28.0, 1005.8, 0.163, 0.088,  236,   4.4,   0.9
10-Dec-2000 09:00, 0.779,  29.9,  28.3, 1006.2, 0.148, 0.074,  290,   4.5,   0.7
10-Dec-2000 10:00, 0.640,  29.9,  28.9, 1007.1, 0.142, 0.073,  294,   6.5,   4.6
10-Dec-2000 11:00, 0.519,  29.8,  27.3, 1007.3, 0.142, 0.080,  228,   7.1,   2.4
10-Dec-2000 12:00, 0.442,  29.8,  26.2, 1007.7, 0.154, 0.096,  192,   3.5,   1.4
10-Dec-2000 13:00, 0.423,  29.8,  26.1, 1006.3, 0.170, 0.113,  168,   3.8,   2.2
10-Dec-2000 14:00, 0.449,  29.8,  26.3, 1006.6, 0.174, 0.106,  245,   3.4,   2.1
10-Dec-2000 15:00, 0.517,  29.8,  25.5, 1006.0, 0.181, 0.114,  197,   4.7,   2.7
10-Dec-2000 16:00, 0.567,  29.8,  25.2, 1005.8, 0.158, 0.086,  197,   3.8,   0.8
10-Dec-2000 17:00, 0.656,  29.8,  25.5, 1005.4, 0.168, 0.093,  151,   3.4,   1.5
10-Dec-2000 18:00, 0.758,  29.7,  25.1, 1006.2, 0.192, 0.115,  188,   3.2,   1.6
10-Dec-2000 19:00, 0.822,  29.7,  25.2, 1007.0, 0.195, 0.126,  173,   2.7,   0.6
10-Dec-2000 20:00, 0.821,  29.7,  25.1, 1007.5, 0.142, 0.081,  184,   2.6,   1.8
10-Dec-2000 21:00, 0.833,  29.7,  26.4, 1007.6, 0.106, 0.049,  288,   3.1,   2.2
10-Dec-2000 22:00, 0.867,  29.6,  27.3, 1007.2, 0.101, 0.044,  208,   2.6,   1.6
10-Dec-2000 23:00, 0.914,  29.7,  28.1, 1007.5, 0.114, 0.054,  293,   4.1,   3.1
11-Dec-2000 00:00, 0.973,  29.8,  29.7, 1006.7, 0.136, 0.078,  291,   6.5,   4.9
11-Dec-2000 01:00, 1.039,  29.9,  29.5, 1006.0, 0.149, 0.083,  318,   7.5,   5.7
11-Dec-2000 02:00, 1.120,  29.9,  29.7, 1005.6, 0.160, 0.088,  303,   8.1,   7.3
11-Dec-2000 03:00, 1.192,  30.0,  30.8, 1005.0, 0.165, 0.089,  280,   8.6,   6.9
11-Dec-2000 04:00, 1.231,  30.0,  30.4, 1004.4, 0.164, 0.082,  290,   8.0,   5.1
11-Dec-2000 05:00, 1.246,  30.2,  30.8, 1004.4, 0.180, 0.091,  261,   7.3,   2.5
11-Dec-2000 06:00, 1.241,  30.2,  30.7, 1004.9, 0.216, 0.129,  278,   6.0,   4.5
11-Dec-2000 07:00, 1.142,  30.2,  29.7, 1005.3, 0.211, 0.128,  254,   7.2,   1.4
11-Dec-2000 08:00, 0.956,  30.0,  28.6, 1006.3, 0.153, 0.075,  224,   2.2,   1.2
11-Dec-2000 09:00, 0.769,  29.8,  27.4, 1007.0, 0.105, 0.036,  218,   2.3,   1.5
11-Dec-2000 10:00, 0.617,  30.0,  27.9, 1007.8, 0.093, 0.032,  208,   4.0,   1.5
11-Dec-2000 11:00, 0.485,  29.8,  27.6, 1007.9, 0.094, 0.040,  219,   4.1,   2.2
11-Dec-2000 12:00, 0.397,  29.8,  27.2, 1007.4, 0.118, 0.065,  202,   2.9,   1.9
11-Dec-2000 13:00, 0.356,  29.8,  27.4, 1007.0, 0.145, 0.087,  234,   2.7,   1.2
11-Dec-2000 14:00, 0.361,  29.7,  27.5, 1006.1, 0.157, 0.094,  265,   3.5,   2.4
11-Dec-2000 15:00, 0.412,  29.7,  26.9, 1005.6, 0.162, 0.091,  272,   4.3,   1.7
11-Dec-2000 16:00, 0.456,  29.6,  27.3, 1005.4, 0.131, 0.054,  256,   4.0,   2.1
11-Dec-2000 17:00, 0.534,  29.6,  26.1, 1005.8, 0.126, 0.048,  207,   4.6,   1.6
11-Dec-2000 18:00, 0.674,  29.6,  25.4, 1005.6, 0.175, 0.100,  207,   3.7,   2.5
11-Dec-2000 19:00, 0.790,  29.6,  25.0, 1006.5, 0.206, 0.131,  201,   3.0,   1.7
11-Dec-2000 20:00, 0.835,  29.5,  26.2, 1006.7, 0.182, 0.115,  176,   3.7,   2.7
11-Dec-2000 21:00, 0.850,  29.5,  27.5, 1006.9, 0.136, 0.071,   53,   4.0,   1.4
11-Dec-2000 22:00, 0.873,  29.5,  27.8, 1007.0, 0.105, 0.042,   35,   2.8,   1.5
11-Dec-2000 23:00, 0.913,  29.6,  28.9, 1007.1, 0.099, 0.037,   54,   4.2,   3.4
12-Dec-2000 00:00, 0.977,  29.8,  29.3, 1007.3, 0.121, 0.060,   62,   4.5,   2.9
12-Dec-2000 01:00, 1.032,  29.7,  26.4, 1007.3, 0.128, 0.069,  199,   2.6,   0.6
12-Dec-2000 02:00, 1.119,  29.7,  27.3, 1006.1, 0.153, 0.093,   99,   2.7,   1.7
12-Dec-2000 03:00, 1.208,  29.7,  29.0, 1005.2, 0.176, 0.104,   48,   3.0,   2.4
12-Dec-2000 04:00, 1.260,  29.7,  28.4, 1004.7, 0.176, 0.095,  176,   4.9,   0.6
12-Dec-2000 05:00, 1.261,  29.9,  27.5, 1004.7, 0.163, 0.078,  177,   5.4,   2.2
12-Dec-2000 06:00, 1.263,  29.7,  28.6, 1004.8, 0.195, 0.110,  184,   4.1,   1.6
12-Dec-2000 07:00, 1.222,  29.9,  30.1, 1005.5, 0.232, 0.148,  248,   2.9,   0.6
12-Dec-2000 08:00, 1.086,  29.8,  28.3, 1006.2, 0.222, 0.146,  233,   2.4,   0.9
12-Dec-2000 09:00, 0.883,  29.8,  27.8, 1006.9, 0.167, 0.098,  259,   2.6,   1.4
12-Dec-2000 10:00, 0.685,  29.7,  27.3, 1007.2, 0.116, 0.053,  192,   2.2,   0.9
12-Dec-2000 11:00, 0.540,  29.6,  25.9, 1007.8, 0.109, 0.049,  166,   2.9,   0.5
12-Dec-2000 12:00, 0.415,  29.7,  26.1, 1007.5, 0.106, 0.052,  225,   3.7,   0.8
12-Dec-2000 13:00, 0.359,  29.6,  25.7, 1006.9, 0.142, 0.085,  182,   4.0,   2.8
12-Dec-2000 14:00, 0.335,  29.7,  25.5, 1006.4, 0.159, 0.095,  185,   4.7,   3.0
12-Dec-2000 15:00, 0.366,  29.7,  25.2, 1006.1, 0.172, 0.104,  183,   4.7,   3.0
12-Dec-2000 16:00, 0.415,  29.7,  24.8, 1006.2, 0.161, 0.090,  172,   4.8,   2.8
12-Dec-2000 17:00, 0.462,  29.6,  24.6, 1006.5, 0.127, 0.058,  182,   4.8,   3.4
12-Dec-2000 18:00, 0.562,  29.6,  24.5, 1006.4, 0.138, 0.071,  183,   5.2,   3.1
12-Dec-2000 19:00, 0.709,  29.5,  24.6, 1007.1, 0.188, 0.120,  186,   5.5,   3.1
12-Dec-2000 20:00, 0.807,  29.6,  25.4, 1007.9, 0.200, 0.140,  183,   5.6,   2.9
12-Dec-2000 21:00, 0.849,  29.5,  27.7, 1007.9, 0.170, 0.117,  169,   3.3,   0.9
12-Dec-2000 22:00, 0.873,  29.5,  28.5, 1007.9, 0.130, 0.077,   48,   2.5,   1.6
12-Dec-2000 23:00, 0.890,  29.6,  28.4, 1008.1, 0.090, 0.037,   31,   3.2,   2.8
13-Dec-2000 00:00, 0.943,  29.9,  28.4, 1007.9, 0.090, 0.039,    3,   3.4,   2.5
13-Dec-2000 01:00, 1.018,  30.0,  28.6, 1007.3, 0.114, 0.061,  359,   3.4,   2.7
13-Dec-2000 02:00, 1.073,  30.0,  27.1, 1006.8, 0.112, 0.053,  277,   6.6,   4.8
13-Dec-2000 03:00, 1.154,  30.0,  26.5, 1006.5, 0.130, 0.066,  207,   6.2,   4.1
13-Dec-2000 04:00, 1.224,  30.2,  28.3, 1005.9, 0.143, 0.075,  180,   4.3,   1.9
13-Dec-2000 05:00, 1.231,  30.1,  29.0, 1006.1, 0.119, 0.046,   33,   2.4,   1.0
13-Dec-2000 06:00, 1.212,  29.9,  26.5, 1006.2, 0.114, 0.043,  211,   5.4,   2.6
13-Dec-2000 07:00, 1.183,  29.9,  27.4, 1006.5, 0.146, 0.076,  194,   4.4,   1.2
13-Dec-2000 08:00, 1.116,  30.0,  27.0, 1007.0, 0.188, 0.121,  173,   2.3,   1.5
13-Dec-2000 09:00, 0.994,  29.9,  26.8, 1008.0, 0.212, 0.151,  187,   2.9,   2.0
13-Dec-2000 10:00, 0.778,  29.8,  26.5, 1008.4, 0.150, 0.098,  202,   3.3,   2.0
13-Dec-2000 11:00, 0.592,  29.8,  26.1, 1008.3, 0.104, 0.056,  186,   2.7,   1.6
13-Dec-2000 12:00, 0.449,  29.8,  25.8, 1008.1, 0.083, 0.034,  191,   3.4,   2.7
13-Dec-2000 13:00, 0.351,  29.7,  25.4, 1007.9, 0.087, 0.036,  197,   3.8,   1.8
13-Dec-2000 14:00, 0.330,  29.7,  25.5, 1007.5, 0.132, 0.079,  186,   2.6,   2.0
13-Dec-2000 15:00, 0.340,  29.7,  25.3, 1006.8, 0.157, 0.100,  176,   3.9,   2.9
13-Dec-2000 16:00, 0.374,  29.8,  25.5, 1006.5, 0.158, 0.093,  190,   4.9,   1.8
13-Dec-2000 17:00, 0.431,  29.8,  25.1, 1007.0, 0.148, 0.081,  182,   3.8,   2.1
13-Dec-2000 18:00, 0.487,  29.8,  25.4, 1007.2, 0.122, 0.060,  191,   4.2,   1.9
13-Dec-2000 19:00, 0.580,  29.7,  24.8, 1007.7, 0.125, 0.065,  184,   3.9,   2.3
13-Dec-2000 20:00, 0.719,  29.7,  26.0, 1008.1, 0.168, 0.113,  164,   3.8,   2.2
13-Dec-2000 21:00, 0.834,  29.7,  27.5, 1008.6, 0.201, 0.150,  283,   3.7,   0.7
13-Dec-2000 22:00, 0.856,  29.8,  27.9, 1008.6, 0.154, 0.108,    8,   2.1,   1.2
13-Dec-2000 23:00, 0.853,  29.8,  28.5, 1008.5, 0.089, 0.043,   38,   3.1,   2.6
14-Dec-2000 00:00, 0.891,  30.0,  28.8, 1008.1, 0.065, 0.018,   28,   3.8,   3.1
14-Dec-2000 01:00, 0.974,  30.3,  28.7, 1007.7, 0.088, 0.037,   10,   4.0,   3.2
14-Dec-2000 02:00, 1.053,  30.2,  28.9, 1006.8, 0.112, 0.056,  330,   3.8,   1.8
14-Dec-2000 03:00, 1.127,  30.3,  29.5, 1005.9, 0.126, 0.061,   47,   2.3,   0.7
14-Dec-2000 04:00, 1.209,  30.2,  30.2, 1005.2, 0.151, 0.077,  358,   4.7,   3.0
14-Dec-2000 05:00, 1.260,  30.6,  31.0, 1005.1, 0.159, 0.079,  332,   1.9,   1.0
14-Dec-2000 06:00, 1.249,  30.5,  31.7, 1005.4, 0.143, 0.062,  280,   7.5,   6.6
14-Dec-2000 07:00, 1.177,  30.6,  31.2, 1005.9, 0.112, 0.034,  274,   6.8,   3.5
14-Dec-2000 08:00, 1.090,  30.4,  29.7, 1007.0, 0.112, 0.040,  262,   4.0,   2.1
14-Dec-2000 09:00, 1.041,  30.6,  28.7, 1007.3, 0.193, 0.131,  264,   4.0,   1.9
14-Dec-2000 10:00, 0.934,  30.7,  27.8, 1007.9, 0.238, 0.179,  219,   2.0,   0.7
14-Dec-2000 11:00, 0.717,  30.5,  27.7, 1008.2, 0.166, 0.113,  166,   2.0,   1.7
14-Dec-2000 12:00, 0.534,  30.5,  26.8, 1007.9, 0.104, 0.054,  197,   2.8,   1.7
14-Dec-2000 13:00, 0.410,  30.4,  26.3, 1007.5, 0.077, 0.024,  184,   3.2,   2.6
14-Dec-2000 14:00, 0.359,  30.3,  26.4, 1006.6, 0.101, 0.042,  181,   3.2,   2.8
14-Dec-2000 15:00, 0.377,  30.3,  26.4, 1006.3, 0.158, 0.091,  211,   3.3,   1.7
14-Dec-2000 16:00, 0.390,  30.3,  26.1, 1006.2, 0.167, 0.097,  189,   3.2,   2.3
14-Dec-2000 17:00, 0.434,  30.2,  26.0, 1006.4, 0.168, 0.098,  206,   3.4,   1.9
14-Dec-2000 18:00, 0.510,  29.9,  25.6, 1006.9, 0.176, 0.109,  183,   4.0,   2.0
14-Dec-2000 19:00, 0.565,  30.0,  25.8, 1007.2, 0.153, 0.090,  191,   3.4,   2.5
14-Dec-2000 20:00, 0.662,  30.0,  26.1, 1007.3, 0.161, 0.102,  190,   3.7,   2.0
14-Dec-2000 21:00, 0.814,  29.9,  27.3, 1007.4, 0.226, 0.167,  199,   2.2,   0.9
14-Dec-2000 22:00, 0.886,  29.9,  28.7, 1007.6, 0.224, 0.166,  337,   1.4,   1.3
14-Dec-2000 23:00, 0.893,  30.0,  29.6, 1007.3, 0.169, 0.113,   12,   2.6,   2.4
15-Dec-2000 00:00, 0.908,  30.2,  30.5, 1007.5, 0.124, 0.065,  180,   5.6,   1.3
15-Dec-2000 01:00, 0.963,  30.1,  28.0, 1007.3, 0.115, 0.058,  246,   6.5,   1.4
15-Dec-2000 02:00, 1.053,  30.2,  28.8, 1006.6, 0.142, 0.082,  257,   2.7,   1.5
15-Dec-2000 03:00, 1.122,  30.2,  29.0, 1005.9, 0.154, 0.087,  288,   3.9,   1.9
15-Dec-2000 04:00, 1.179,  30.2,  29.7, 1005.1, 0.158, 0.083,  284,   2.7,   1.7
15-Dec-2000 05:00, 1.234,  30.2,  30.8, 1005.6, 0.169, 0.089,  226,   7.9,   2.7
15-Dec-2000 06:00, 1.238,  30.3,  30.3, 1006.0, 0.154, 0.078,  227,   4.5,   2.6
15-Dec-2000 07:00, 1.177,  30.2,  29.6, 1006.0, 0.112, 0.040,  270,   4.5,   1.7
15-Dec-2000 08:00, 1.107,  30.2,  28.5, 1006.5, 0.108, 0.036,  175,   1.7,   1.0
15-Dec-2000 09:00, 1.040,  30.1,  27.9, 1007.3, 0.147, 0.080,  189,   2.3,   0.5
15-Dec-2000 10:00, 0.973,  29.9,  27.5, 1007.7, 0.215, 0.156,  256,   2.2,   0.2
15-Dec-2000 11:00, 0.847,  29.8,  26.9, 1007.7, 0.231, 0.175,  197,   3.6,   1.7
15-Dec-2000 12:00, 0.653,  30.0,  26.2, 1008.0, 0.161, 0.107,  215,   2.5,   1.2
15-Dec-2000 13:00, 0.513,  29.9,  26.0, 1007.5, 0.111, 0.058,  188,   3.7,   2.2
15-Dec-2000 14:00, 0.425,  29.8,  25.7, 1007.2, 0.089, 0.032,  185,   3.8,   2.1
15-Dec-2000 15:00, 0.419,  29.8,  25.7, 1006.4, 0.130, 0.069,  182,   3.8,   2.6
15-Dec-2000 16:00, 0.458,  29.8,  25.7, 1005.8, 0.187, 0.119,  210,   3.7,   0.9
15-Dec-2000 17:00, 0.494,  29.8,  25.5, 1005.6, 0.206, 0.131,  139,   3.4,   0.8
15-Dec-2000 18:00, 0.537,  29.7,  25.1, 1006.4, 0.202, 0.127,  144,   2.4,   1.3
15-Dec-2000 19:00, 0.591,  29.8,  25.0, 1007.3, 0.191, 0.123,  155,   1.8,   1.2
15-Dec-2000 20:00, 0.627,  29.8,  27.2, 1007.9, 0.152, 0.094,  262,   2.8,   1.3
15-Dec-2000 21:00, 0.718,  29.8,  28.9, 1007.8, 0.162, 0.109,  282,   2.4,   1.6
15-Dec-2000 22:00, 0.817,  29.8,  29.7, 1008.4, 0.185, 0.132,  286,   5.2,   2.9
15-Dec-2000 23:00, 0.863,  29.8,  31.5, 1007.8, 0.168, 0.119,  237,   6.4,   4.1
16-Dec-2000 00:00, 0.878,  29.9,  32.2, 1007.0, 0.130, 0.075,  205,   7.9,   3.9
16-Dec-2000 01:00, 0.908,  30.0,  32.6, 1006.0, 0.101, 0.037,  243,   8.4,   2.3
16-Dec-2000 02:00, 0.982,  30.0,  33.1, 1005.2, 0.110, 0.038,  261,   7.9,   4.1
16-Dec-2000 03:00, 1.060,  30.1,  33.2, 1004.6, 0.131, 0.050,  228,   8.3,   3.9
16-Dec-2000 04:00, 1.105,  30.2,  32.2, 1004.5, 0.128, 0.042,   67,   7.3,   1.3
16-Dec-2000 05:00, 1.144,  30.1,  32.9, 1004.5, 0.131, 0.044,  243,   6.3,   3.0
16-Dec-2000 06:00, 1.167,  30.1,  33.0, 1005.0, 0.132, 0.045,  183,   6.0,   2.3
16-Dec-2000 07:00, 1.149,  30.0,  31.3, 1005.8, 0.118, 0.036,  142,   5.4,   2.3
16-Dec-2000 08:00, 1.079,  30.0,  30.4, 1006.8, 0.091, 0.018,  141,   4.6,   2.2
16-Dec-2000 09:00, 0.992,  30.0,  28.5, 1007.2, 0.087, 0.023,  191,   2.2,   1.1
16-Dec-2000 10:00, 0.898,  30.0,  27.5, 1007.9, 0.104, 0.044,  203,   3.5,   1.4
16-Dec-2000 11:00, 0.805,  29.9,  27.1, 1008.2, 0.137, 0.085,  189,   3.7,   2.0
16-Dec-2000 12:00, 0.730,  29.8,  26.6, 1007.6, 0.180, 0.130,  184,   3.4,   1.9
16-Dec-2000 13:00, 0.631,  29.8,  26.1, 1007.2, 0.172, 0.116,  193,   3.9,   2.1
16-Dec-2000 14:00, 0.529,  29.8,  25.9, 1006.1, 0.126, 0.065,  188,   4.0,   2.5
16-Dec-2000 15:00, 0.463,  29.7,  25.8, 1005.7, 0.096, 0.025,  181,   4.0,   2.6
16-Dec-2000 16:00, 0.450,  29.7,  25.7, 1005.5, 0.105, 0.030,  186,   3.6,   1.7
16-Dec-2000 17:00, 0.475,  29.7,  25.6, 1005.5, 0.130, 0.053,  188,   4.3,   2.6
16-Dec-2000 18:00, 0.523,  29.6,  25.4, 1006.1, 0.153, 0.077,  191,   4.5,   3.3
16-Dec-2000 19:00, 0.579,  29.6,  25.5, 1007.3, 0.162, 0.091,  191,   4.5,   2.6
16-Dec-2000 20:00, 0.635,  29.6,  25.8, 1008.4, 0.155, 0.097,  196,   5.2,   2.8
16-Dec-2000 21:00, 0.690,  29.8,  26.6, 1008.2, 0.140, 0.092,  183,   4.7,   3.1
16-Dec-2000 22:00, 0.748,  29.9,  29.0, 1008.0, 0.128, 0.078,   26,   4.4,   1.4
16-Dec-2000 23:00, 0.826,  30.1,  28.8, 1008.0, 0.143, 0.091,   17,   3.1,   2.6
17-Dec-2000 00:00, 0.882,  30.2,  28.9, 1007.4, 0.147, 0.095,    8,   3.4,   1.7
17-Dec-2000 01:00, 0.922,  30.6,  29.3, 1006.2, 0.140, 0.081,  343,   4.8,   4.0
17-Dec-2000 02:00, 0.956,  30.7,  29.6, 1005.1, 0.119, 0.048,  320,   5.8,   4.2
17-Dec-2000 03:00, 1.021,  31.0,  30.2, 1004.1, 0.130, 0.048,  324,   7.5,   6.3
17-Dec-2000 04:00, 1.087,  30.9,  30.0, 1003.6, 0.154, 0.062,  311,   8.5,   6.9
17-Dec-2000 05:00, 1.133,  30.8,  29.9, 1003.7, 0.171, 0.075,  318,   9.5,   6.3
17-Dec-2000 06:00, 1.140,  30.9,  30.6, 1004.4, 0.166, 0.072,  281,   7.0,   4.1
17-Dec-2000 07:00, 1.127,  30.8,  27.4, 1005.1, 0.157, 0.069,  262,  10.3,   1.6
17-Dec-2000 08:00, 1.085,  30.5,  28.2, 1006.0, 0.144, 0.064,  235,   3.5,   1.4
17-Dec-2000 09:00, 1.005,  30.5,  27.4, 1006.4, 0.124, 0.052,  283,   5.8,   5.0
17-Dec-2000 10:00, 0.884,  30.5,  26.4, 1007.1, 0.091, 0.024,  149,   6.6,   0.1
17-Dec-2000 11:00, 0.791,  30.5,  25.8, 1007.2, 0.101, 0.040,  181,   3.1,   1.5
17-Dec-2000 12:00, 0.726,  30.4,  25.7, 1007.0, 0.139, 0.080,  184,   3.5,   0.3
17-Dec-2000 13:00, 0.682,  30.5,  25.6, 1006.0, 0.179, 0.116,  206,   4.0,   1.8
17-Dec-2000 14:00, 0.625,  30.4,  25.6, 1005.4, 0.173, 0.101,  199,   3.2,   2.2
17-Dec-2000 15:00, 0.571,  30.4,  25.8, 1004.7, 0.143, 0.064,  194,   4.0,   2.8
17-Dec-2000 16:00, 0.536,  30.4,  25.4, 1004.6, 0.117, 0.033,  204,   3.5,   1.9
17-Dec-2000 17:00, 0.537,  30.4,  24.7, 1004.1, 0.118, 0.032,  167,   3.3,   2.4
17-Dec-2000 18:00, 0.578,  30.4,  24.6, 1004.6, 0.147, 0.056,  171,   3.3,   2.6
17-Dec-2000 19:00, 0.637,  30.3,  24.7, 1005.6, 0.176, 0.091,  175,   4.7,   2.3
17-Dec-2000 20:00, 0.702,  30.2,  24.8, 1006.2, 0.193, 0.118,  195,   3.7,   1.7
17-Dec-2000 21:00, 0.757,  30.1,  26.0, 1006.9, 0.190, 0.121,  178,   3.7,   1.2
17-Dec-2000 22:00, 0.828,  30.2,  27.0, 1006.7, 0.197, 0.134,   88,   2.7,   1.6
17-Dec-2000 23:00, 0.884,  30.3,  27.7, 1006.4, 0.193, 0.128,   48,   3.1,   1.9
18-Dec-2000 00:00, 0.935,  30.2,  28.1, 1005.7, 0.193, 0.124,   67,   4.1,   2.5
18-Dec-2000 01:00, 0.977,  30.3,  28.0, 1005.4, 0.192, 0.117,   31,   3.7,   2.5
18-Dec-2000 02:00, 0.997,  30.4,  28.0, 1004.7, 0.172, 0.093,   17,   3.9,   2.0
18-Dec-2000 03:00, 1.015,  30.3,  28.2, 1003.9, 0.149, 0.064,   17,   3.1,   1.5
18-Dec-2000 04:00, 1.042,  30.2,  28.5, 1002.9, 0.141, 0.047,   13,   2.8,   1.4
18-Dec-2000 05:00, 1.059,  30.3,  28.7, 1003.2, 0.141, 0.039,    8,   3.6,   2.9
18-Dec-2000 06:00, 1.064,  31.1,  28.5, 1003.6, 0.147, 0.047,    3,   4.9,   3.4
18-Dec-2000 07:00, 1.046,  31.1,  27.7, 1004.8, 0.145, 0.051,  326,   7.8,   4.5
18-Dec-2000 08:00, 1.007,  30.2,  23.6, 1005.7, 0.137, 0.053,   25,  17.0,  13.2
18-Dec-2000 09:00, 0.951,  30.6,  25.4, 1006.3, 0.129, 0.055,  310,  17.8,   2.8
18-Dec-2000 10:00, 0.874,  30.7,  25.6, 1006.3, 0.118, 0.049,  247,   9.1,   2.0
18-Dec-2000 11:00, 0.785,  30.6,  25.3, 1006.9, 0.108, 0.040,  123,   2.8,   0.4
18-Dec-2000 12:00, 0.719,  30.6,  25.3, 1006.3, 0.124, 0.060,  178,   2.6,   1.9
18-Dec-2000 13:00, 0.690,  30.2,  25.4, 1005.8, 0.164, 0.095,  140,   3.5,   0.8
18-Dec-2000 14:00, 0.667,  30.3,  25.4, 1005.0, 0.186, 0.111,  112,   3.9,   0.6
18-Dec-2000 15:00, 0.636,  30.4,  25.1, 1004.3, 0.171, 0.088,  208,   2.9,   2.1
18-Dec-2000 16:00, 0.612,  30.4,  25.4, 1004.5, 0.141, 0.052,  221,   2.3,   1.3
18-Dec-2000 17:00, 0.613,  30.3,  25.6, 1004.5, 0.129, 0.042,  223,   3.8,   1.9
18-Dec-2000 18:00, 0.652,  30.3,  25.6, 1004.0, 0.153, 0.065,  197,   2.4,   0.9
18-Dec-2000 19:00, 0.679,  30.1,  25.4, 1004.7, 0.158, 0.067,  191,   2.3,   1.4
18-Dec-2000 20:00, 0.734,  30.2,  25.9, 1005.2, 0.180, 0.095,  191,   3.5,   2.2
18-Dec-2000 21:00, 0.783,  30.2,  27.1, 1005.6, 0.181, 0.102,  272,   2.6,   1.0
18-Dec-2000 22:00, 0.834,  30.0,  27.8, 1005.7, 0.177, 0.101,  295,   2.8,   2.3
18-Dec-2000 23:00, 0.890,  30.1,  28.3, 1005.7, 0.174, 0.100,  263,   3.8,   1.6
19-Dec-2000 00:00, 0.945,  30.1,  29.9, 1004.8, 0.178, 0.102,  282,   6.1,   3.3
19-Dec-2000 01:00, 0.995,  30.4,  29.0, 1004.5, 0.188, 0.105,  298,   8.4,   4.6
19-Dec-2000 02:00, 1.045,  30.3,  29.1, 1003.4, 0.205, 0.116,  288,   7.1,   5.4
19-Dec-2000 03:00, 1.047,  30.4,  29.9, 1003.2, 0.181, 0.084,  297,   5.9,   3.1
19-Dec-2000 04:00, 1.034,  30.5,  28.8, 1002.8, 0.150, 0.049,  297,   6.9,   1.7
19-Dec-2000 05:00, 1.026,  30.2,  29.6, 1003.3, 0.137, 0.034,   72,   4.3,   0.4
19-Dec-2000 06:00, 0.995,  30.1,  28.6, 1003.7, 0.121, 0.022,  102,   4.4,   2.5
19-Dec-2000 07:00, 0.959,  30.1,  28.5, 1005.1, 0.117, 0.025,   88,   3.7,   3.1
19-Dec-2000 08:00, 0.924,  30.2,  28.0, 1005.1, 0.127, 0.046,  133,   4.0,   1.6
19-Dec-2000 09:00, 0.860,  30.1,  27.1, 1005.9, 0.115, 0.035,  226,   3.1,   0.5
19-Dec-2000 10:00, 0.794,  30.2,  26.7, 1006.6, 0.106, 0.034,  195,   2.6,   1.4
19-Dec-2000 11:00, 0.734,  30.1,  26.5, 1006.6, 0.104, 0.039,  184,   2.2,   1.7
19-Dec-2000 12:00, 0.662,  30.1,  27.0, 1006.3, 0.091, 0.024,  212,   2.4,   1.0
19-Dec-2000 13:00, 0.609,  30.0,  26.7, 1005.7, 0.089, 0.019,  215,   1.9,   0.5
19-Dec-2000 14:00, 0.619,  30.0,  26.1, 1004.6, 0.130, 0.054,  174,   2.1,   1.3
19-Dec-2000 15:00, 0.626,  30.0,  25.9, 1003.9, 0.143, 0.056,  219,   2.0,   0.3
19-Dec-2000 16:00, 0.633,  30.0,  25.6, 1004.0, 0.137, 0.044,  173,   2.2,   1.4
19-Dec-2000 17:00, 0.652,  30.0,  25.2, 1004.1, 0.127, 0.035,  182,   2.8,   1.6
19-Dec-2000 18:00, 0.679,  30.0,  25.9, 1004.9, 0.124, 0.034,  266,   2.6,   2.0
19-Dec-2000 19:00, 0.709,  29.9,  25.3, 1005.4, 0.127, 0.045,  204,   3.1,   2.3
19-Dec-2000 20:00, 0.742,  29.9,  26.3, 1006.2, 0.132, 0.055,  182,   3.6,   2.0
19-Dec-2000 21:00, 0.783,  29.9,  27.6, 1006.8, 0.137, 0.068,  306,   2.7,   0.7
19-Dec-2000 22:00, 0.831,  29.9,  28.2, 1006.8, 0.139, 0.075,   30,   3.0,   2.2
19-Dec-2000 23:00, 0.878,  30.0,  28.6, 1006.9, 0.132, 0.068,   23,   2.6,   1.7
20-Dec-2000 00:00, 0.929,  30.0,  28.9, 1006.6, 0.130, 0.066,  342,   3.0,   2.0
20-Dec-2000 01:00, 0.974,  30.3,  28.7, 1006.2, 0.133, 0.066,  310,   7.4,   6.9
20-Dec-2000 02:00, 1.027,  30.3,  28.9, 1005.5, 0.155, 0.084,  309,   7.5,   6.3
20-Dec-2000 03:00, 1.058,  30.3,  28.8, 1005.0, 0.167, 0.089,  306,   9.3,   7.9
20-Dec-2000 04:00, 1.061,  30.4,  28.1, 1004.4, 0.168, 0.085,  305,  10.1,   8.9
20-Dec-2000 05:00, 1.031,  30.3,  28.3, 1004.5, 0.151, 0.063,  308,  11.2,   7.9
20-Dec-2000 06:00, 0.966,  30.3,  27.8, 1005.1, 0.117, 0.030,  293,   9.5,   5.1
20-Dec-2000 07:00, 0.902,  30.3,  27.6, 1005.7, 0.102, 0.022,  256,   5.8,   0.9
20-Dec-2000 08:00, 0.841,  30.2,  27.6, 1006.3, 0.104, 0.030,  241,   3.4,   0.9
20-Dec-2000 09:00, 0.776,  30.2,  27.2, 1006.5, 0.105, 0.036,  278,   2.6,   0.8
20-Dec-2000 10:00, 0.713,  30.1,  25.8, 1007.0, 0.104, 0.037,  178,   5.8,   1.1
20-Dec-2000 11:00, 0.663,  30.1,  26.8, 1007.2, 0.105, 0.043,  238,   3.9,   2.1
20-Dec-2000 12:00, 0.629,  30.1,  25.3, 1006.9, 0.110, 0.050,  185,   4.5,   0.5
20-Dec-2000 13:00, 0.599,  30.0,  25.4, 1005.7, 0.107, 0.043,  212,   2.2,   1.3
20-Dec-2000 14:00, 0.586,  30.0,  25.5, 1004.9, 0.111, 0.036,  240,   2.9,   0.6
20-Dec-2000 15:00, 0.609,  30.0,  25.8, 1004.2, 0.130, 0.046,  183,   2.3,   0.9
20-Dec-2000 16:00, 0.616,  29.9,  25.6, 1004.0, 0.113, 0.023,  187,   4.3,   0.9
20-Dec-2000 17:00, 0.652,  29.9,  25.7, 1004.2, 0.113, 0.021,  204,   3.0,   1.6
20-Dec-2000 18:00, 0.700,  29.8,  26.7, 1004.5, 0.115, 0.025,  172,   2.8,   0.2
20-Dec-2000 19:00, 0.746,  29.8,  26.3, 1005.0, 0.119, 0.032,  208,   2.9,   1.7
20-Dec-2000 20:00, 0.765,  29.8,  25.8, 1006.1, 0.104, 0.024,  197,   2.4,   1.1
20-Dec-2000 21:00, 0.795,  29.8,  25.5, 1006.4, 0.102, 0.031,  213,   3.9,   1.0
20-Dec-2000 22:00, 0.844,  29.8,  25.8, 1007.2, 0.113, 0.046,  164,   3.4,   1.1
20-Dec-2000 23:00, 0.891,  29.9,  26.2, 1007.1, 0.115, 0.055,  107,   2.4,   0.9
21-Dec-2000 00:00, 0.949,  29.8,  26.3, 1006.7, 0.119, 0.058,  267,   2.1,   1.6
21-Dec-2000 01:00, 1.000,  29.8,  26.4, 1006.4, 0.120, 0.055,  355,   3.1,   2.8
21-Dec-2000 02:00, 1.040,  29.8,  25.7, 1005.9, 0.128, 0.060,  174,   2.5,   1.0
21-Dec-2000 03:00, 1.068,  29.9,  26.0, 1005.4, 0.141, 0.068,   39,   1.2,   0.8
21-Dec-2000 04:00, 1.075,  29.9,  25.9, 1004.2, 0.152, 0.072,  108,   1.5,   0.9
21-Dec-2000 05:00, 1.032,  29.9,  26.5, 1004.6, 0.139, 0.049,  241,   6.2,   1.8
21-Dec-2000 06:00, 0.972,  29.9,  25.5, 1004.5, 0.126, 0.040,  125,   2.6,   1.9
21-Dec-2000 07:00, 0.883,  29.9,  25.4, 1005.1, 0.103, 0.016,  207,   6.8,   2.3
21-Dec-2000 08:00, 0.782,  29.9,  25.7, 1006.3, 0.084, 0.005,  196,   3.8,   0.9
21-Dec-2000 09:00, 0.700,  29.9,  25.8, 1006.1, 0.085, 0.016,  203,   3.2,   1.9
21-Dec-2000 10:00, 0.633,  29.8,  25.9, 1006.7, 0.095, 0.024,  128,   3.8,   0.7
21-Dec-2000 11:00, 0.577,  29.8,  25.8, 1006.8, 0.096, 0.031,  218,   4.8,   1.1
21-Dec-2000 12:00, 0.550,  29.8,  25.6, 1006.9, 0.102, 0.038,  197,   6.1,   0.8
21-Dec-2000 13:00, 0.548,  29.8,  25.4, 1006.8, 0.107, 0.044,  210,   2.5,   0.9
21-Dec-2000 14:00, 0.550,  29.8,  25.4, 1005.8, 0.107, 0.041,  176,  10.4,   2.1
21-Dec-2000 15:00, 0.575,  29.7,  25.7, 1005.2, 0.116, 0.041,  115,   3.0,   1.8
21-Dec-2000 16:00, 0.610,  29.7,  25.1, 1004.9, 0.118, 0.038,  303,   2.3,   0.1
21-Dec-2000 17:00, 0.639,  29.7,  25.3, 1005.0, 0.104, 0.021,  107,   2.2,   1.0
21-Dec-2000 18:00, 0.697,  29.7,  25.3, 1005.8, 0.108, 0.026,   17,   4.1,   2.6
21-Dec-2000 19:00, 0.763,  29.6,  25.3, 1006.0, 0.118, 0.044,  285,  15.4,   2.7
21-Dec-2000 20:00, 0.809,  29.7,  25.0, 1006.4, 0.116, 0.045,   96,   4.0,   0.7
21-Dec-2000 21:00, 0.829,  29.5,  24.9, 1007.2, 0.099, 0.031,  114,   2.8,   2.3
21-Dec-2000 22:00, 0.842,  29.5,  25.1, 1007.8, 0.076, 0.017,  213,   5.0,   1.9
21-Dec-2000 23:00, 0.877,  29.6,  25.2, 1007.5, 0.072, 0.018,  252,   2.7,   0.2
22-Dec-2000 00:00, 0.933,  29.5,  25.0, 1007.0, 0.081, 0.023,  209,   4.7,   1.4
22-Dec-2000 01:00, 0.994,  29.5,  26.1, 1006.6, 0.087, 0.025,  251,   3.0,   0.6
22-Dec-2000 02:00, 1.058,  29.6,  26.0, 1005.9, 0.109, 0.042,  255,   4.2,   1.3
22-Dec-2000 03:00, 1.096,  29.7,  26.9, 1005.0, 0.128, 0.054,  268,   3.9,   1.0
22-Dec-2000 04:00, 1.111,  29.8,  27.2, 1004.8, 0.149, 0.067,  237,   2.8,   1.0
22-Dec-2000 05:00, 1.084,  29.8,  26.7, 1005.3, 0.158, 0.075,  264,   4.7,   0.7
22-Dec-2000 06:00, 1.019,  29.8,  26.9, 1006.1, 0.157, 0.079,  210,   2.6,   1.2
22-Dec-2000 07:00, 0.887,  29.8,  26.5, 1006.9, 0.108, 0.037,  211,   2.4,   1.4
22-Dec-2000 08:00, 0.758,  29.8,  25.7, 1007.6, 0.075, 0.012,  221,   2.1,   1.0
22-Dec-2000 09:00, 0.648,  29.6,  24.9, 1008.0, 0.067, 0.012,  172,   3.4,   0.3
22-Dec-2000 10:00, 0.563,  29.6,  25.0, 1008.1, 0.076, 0.024,  191,   3.1,   2.4
22-Dec-2000 11:00, 0.508,  29.7,  24.8, 1008.2, 0.091, 0.040,  193,   3.8,   2.4
22-Dec-2000 12:00, 0.484,  29.7,  25.0, 1008.4, 0.106, 0.056,  202,   4.8,   2.8
22-Dec-2000 13:00, 0.485,  29.7,  24.6, 1008.0, 0.108, 0.059,  180,   3.0,   0.6
22-Dec-2000 14:00, 0.505,  29.6,  24.9, 1007.5, 0.106, 0.053,  201,   4.6,   3.4
22-Dec-2000 15:00, 0.528,  29.6,  24.5, 1006.3, 0.099, 0.041,  195,   4.0,   1.2
22-Dec-2000 16:00, 0.551,  29.7,  24.5, 1005.9, 0.081, 0.011,  228,   2.5,   1.3
22-Dec-2000 17:00, 0.614,  29.7,  24.4, 1006.2, 0.093, 0.020,  201,   1.9,   1.2
22-Dec-2000 18:00, 0.693,  29.7,  24.1, 1006.3, 0.115, 0.045,  185,   2.4,   1.4
22-Dec-2000 19:00, 0.754,  29.7,  24.5, 1007.2, 0.113, 0.045,  238,   3.0,   1.6
22-Dec-2000 20:00, 0.804,  29.7,  24.8, 1007.9, 0.105, 0.046,  264,   2.2,   0.6
22-Dec-2000 21:00, 0.841,  29.6,  25.1, 1008.2, 0.094, 0.041,  199,   3.5,   1.3
22-Dec-2000 22:00, 0.870,  29.7,  27.1, 1008.2, 0.084, 0.034,  205,   3.8,   2.6
22-Dec-2000 23:00, 0.899,  29.7,  27.8, 1007.9, 0.076, 0.025,  206,   3.9,   1.2
23-Dec-2000 00:00, 0.948,  29.7,  27.8, 1007.2, 0.081, 0.028,  298,   3.9,   2.6
23-Dec-2000 01:00, 0.999,  29.7,  28.3, 1006.6, 0.081, 0.020,  293,   4.8,   3.2
23-Dec-2000 02:00, 1.050,  29.8,  29.0, 1006.2, 0.079, 0.013,  256,   4.9,   1.6
23-Dec-2000 03:00, 1.091,  29.8,  29.1, 1005.6, 0.089, 0.018,  297,   3.4,   1.7
23-Dec-2000 04:00, 1.103,  30.0,  29.4, 1005.0, 0.101, 0.025,  284,   6.4,   4.6
23-Dec-2000 05:00, 1.083,  29.9,  29.4, 1005.0, 0.115, 0.033,  315,   4.9,   2.7
23-Dec-2000 06:00, 1.042,  29.9,  29.3, 1005.4, 0.146, 0.064,  321,   5.4,   3.8
23-Dec-2000 07:00, 0.975,  30.0,  29.3, 1006.0, 0.176, 0.098,  234,   5.1,   0.9
23-Dec-2000 08:00, 0.829,  30.1,  28.1, 1006.8, 0.141, 0.070,  209,   2.9,   1.5
23-Dec-2000 09:00, 0.658,  30.0,  27.5, 1007.2, 0.088, 0.024,  209,   3.4,   0.6
23-Dec-2000 10:00, 0.527,  29.9,  27.1, 1007.9, 0.067, 0.008,  185,   2.4,   0.3
23-Dec-2000 11:00, 0.456,  29.9,  25.9, 1007.8, 0.083, 0.030,  159,   2.2,   1.0
23-Dec-2000 12:00, 0.426,  29.9,  25.7, 1007.9, 0.104, 0.050,  196,   2.4,   1.2
23-Dec-2000 13:00, 0.440,  29.7,  25.8, 1007.4, 0.124, 0.071,  198,   3.3,   2.5
23-Dec-2000 14:00, 0.486,  29.7,  25.9, 1006.4, 0.139, 0.080,  195,   3.1,   0.4
23-Dec-2000 15:00, 0.535,  29.7,  25.6, 1006.4, 0.140, 0.072,  212,   2.4,   1.1
23-Dec-2000 16:00, 0.563,  29.7,  25.1, 1005.8, 0.119, 0.050,  169,   3.7,   2.4
23-Dec-2000 17:00, 0.609,  29.7,  25.9, 1005.5, 0.108, 0.033,  213,   3.9,   0.4
23-Dec-2000 18:00, 0.676,  29.7,  25.4, 1005.9, 0.115, 0.038,  161,   2.9,   1.5
23-Dec-2000 19:00, 0.753,  29.7,  25.0, 1006.8, 0.129, 0.057,  190,   3.2,   2.3
23-Dec-2000 20:00, 0.822,  29.7,  25.5, 1007.7, 0.136, 0.073,  202,   3.2,   1.4
23-Dec-2000 21:00, 0.849,  29.7,  27.0, 1007.9, 0.108, 0.053,  182,   2.1,   0.5
23-Dec-2000 22:00, 0.858,  29.7,  25.6, 1008.3, 0.070, 0.017,  205,   3.0,   2.2
23-Dec-2000 23:00, 0.876,  29.7,  25.6, 1008.5, 0.049, 0.000,   67,   4.2,   1.3
24-Dec-2000 00:00, 0.913,  29.7,  26.3, 1008.5, 0.044,-0.003,   47,   3.7,   2.6
24-Dec-2000 01:00, 0.968,  29.8,  25.3, 1008.3, 0.049, 0.002,  320,   6.5,   3.0
24-Dec-2000 02:00, 1.021,  29.7,  25.5, 1007.9, 0.047,-0.003,  187,   4.0,   2.2
24-Dec-2000 03:00, 1.078,  29.6,  24.0, 1007.8, 0.058, 0.005,  164,   5.9,   2.3
24-Dec-2000 04:00, 1.110,  29.7,  24.6, 1006.2, 0.077, 0.021,  176,   3.5,   2.0
24-Dec-2000 05:00, 1.092,  29.7,  25.7, 1005.7, 0.084, 0.013,  285,   2.9,   1.6
24-Dec-2000 06:00, 1.029,  29.7,  26.3, 1005.8, 0.089, 0.013,  317,   2.7,   1.6
24-Dec-2000 07:00, 0.969,  29.7,  26.6, 1006.6, 0.133, 0.060,  222,   2.1,   1.1
24-Dec-2000 08:00, 0.879,  29.7,  27.0, 1007.2, 0.167, 0.101,  315,   1.7,   0.1
24-Dec-2000 09:00, 0.692,  29.7,  27.1, 1008.1, 0.111, 0.052,  238,   2.5,   1.1
24-Dec-2000 10:00, 0.527,  29.7,  25.5, 1008.2, 0.070, 0.020,  200,   2.8,   1.7
24-Dec-2000 11:00, 0.406,  29.7,  25.4, 1008.3, 0.054, 0.004,  165,   3.3,   1.5
24-Dec-2000 12:00, 0.344,  29.7,  25.4, 1008.6, 0.058, 0.010,  239,   3.8,   1.2
24-Dec-2000 13:00, 0.351,  29.6,  25.3, 1007.6, 0.084, 0.037,  189,   4.3,   2.5
24-Dec-2000 14:00, 0.397,  29.6,  25.4, 1006.8, 0.101, 0.044,  186,   4.6,   3.1
24-Dec-2000 15:00, 0.465,  29.6,  25.3, 1006.7, 0.110, 0.046,  185,   3.7,   1.6
24-Dec-2000 16:00, 0.529,  29.5,  25.0, 1005.8, 0.112, 0.046,  176,   2.4,   0.9
24-Dec-2000 17:00, 0.568,  29.5,  24.5, 1005.9, 0.089, 0.015,  191,   3.0,   1.0
24-Dec-2000 18:00, 0.629,  29.6,  25.1, 1006.4, 0.086, 0.013,  193,   2.9,   1.4
24-Dec-2000 19:00, 0.711,  29.5,  24.8, 1007.2, 0.107, 0.039,  129,   2.7,   1.4
24-Dec-2000 20:00, 0.775,  29.5,  24.5, 1008.3, 0.110, 0.051,  245,   3.1,   1.0
24-Dec-2000 21:00, 0.834,  29.6,  24.3, 1008.3, 0.114, 0.064,  211,   2.1,   1.1
24-Dec-2000 22:00, 0.868,  29.4,  25.3, 1008.8, 0.096, 0.049,  177,   2.0,   1.4
24-Dec-2000 23:00, 0.886,  29.5,  25.9, 1008.5, 0.070, 0.025,  347,   2.3,   1.1
25-Dec-2000 00:00, 0.935,  29.5,  26.3, 1009.3, 0.077, 0.031,  284,   4.7,   3.4
25-Dec-2000 01:00, 0.989,  29.6,  26.1, 1008.5, 0.082, 0.042,  287,   4.1,   2.6
25-Dec-2000 02:00, 1.054,  29.5,  26.1, 1007.7, 0.092, 0.044,  292,   3.7,   3.1
25-Dec-2000 03:00, 1.121,  29.4,  26.5, 1007.3, 0.103, 0.046,  311,   5.9,   5.2
25-Dec-2000 04:00, 1.161,  29.6,  26.8, 1007.0, 0.110, 0.051,  290,   4.8,   1.9
25-Dec-2000 05:00, 1.151,  29.5,  27.1, 1006.3, 0.110, 0.047,  281,   4.2,   1.4
25-Dec-2000 06:00, 1.096,  29.5,  27.2, 1006.6, 0.111, 0.042,  295,   4.8,   3.0
25-Dec-2000 07:00, 1.020,  29.5,  26.7, 1007.3, 0.135, 0.069,  251,   3.0,   1.2
25-Dec-2000 08:00, 0.927,  29.5,  26.3, 1007.9, 0.172, 0.114,  244,   2.5,   1.1
25-Dec-2000 09:00, 0.791,  29.5,  26.0, 1008.7, 0.179, 0.127,  228,   2.2,   1.1
25-Dec-2000 10:00, 0.578,  29.5,  25.0, 1009.1, 0.103, 0.059,  193,   3.6,   2.6
25-Dec-2000 11:00, 0.420,  29.5,  24.9, 1009.6, 0.063, 0.022,  193,   3.8,   2.4
25-Dec-2000 12:00, 0.340,  29.4,  25.3, 1009.5, 0.067, 0.031,  195,   2.9,   1.1
25-Dec-2000 13:00, 0.320,  29.4,  25.3, 1008.6, 0.082, 0.044,  192,   3.6,   1.3
25-Dec-2000 14:00, 0.362,  29.2,  25.7, 1007.8, 0.107, 0.060,  221,   3.1,   1.2
25-Dec-2000 15:00, 0.429,  29.4,  24.9, 1007.1, 0.115, 0.060,  191,   3.0,   1.0
25-Dec-2000 16:00, 0.507,  29.3,  24.9, 1006.3, 0.118, 0.056,  187,   2.2,   1.3
25-Dec-2000 17:00, 0.568,  29.3,  26.3, 1005.9, 0.109, 0.039,  243,   2.6,   1.7
25-Dec-2000 18:00, 0.633,  29.3,  24.9, 1006.5, 0.108, 0.035,  155,   2.0,   0.8
25-Dec-2000 19:00, 0.703,  29.3,  25.0, 1007.2, 0.114, 0.048,  199,   2.6,   1.0
25-Dec-2000 20:00, 0.786,  29.4,  25.5, 1008.1, 0.142, 0.083,  183,   2.9,   1.7
25-Dec-2000 21:00, 0.836,  29.4,  27.4, 1008.5, 0.141, 0.090,   98,   2.4,   1.6
25-Dec-2000 22:00, 0.860,  29.5,  28.0, 1008.7, 0.118, 0.072,   23,   2.0,   1.0
25-Dec-2000 23:00, 0.888,  29.5,  28.4, 1008.7, 0.098, 0.053,   20,   2.6,   1.2
26-Dec-2000 00:00, 0.927,  29.4,  28.3, 1008.2, 0.092, 0.047,  345,   2.8,   2.4
26-Dec-2000 01:00, 0.987,  29.4,  28.2, 1007.2, 0.103, 0.052,  344,   4.0,   3.2
26-Dec-2000 02:00, 1.046,  29.5,  28.5, 1006.4, 0.107, 0.046,  330,   4.7,   3.3
26-Dec-2000 03:00, 1.110,  29.5,  29.0, 1005.9, 0.111, 0.042,  321,   5.8,   5.0
26-Dec-2000 04:00, 1.154,  29.5,  27.8, 1005.9, 0.105, 0.032,  272,   7.7,   2.3
26-Dec-2000 05:00, 1.135,  29.5,  27.6, 1006.1, 0.076, 0.003,  171,   5.0,   2.4
26-Dec-2000 06:00, 1.082,  29.6,  25.5, 1006.7, 0.059,-0.011,  201,   7.7,   2.3
26-Dec-2000 07:00, 1.014,  29.5,  27.0, 1006.6, 0.077, 0.012,  128,   4.8,   2.4
26-Dec-2000 08:00, 0.930,  29.5,  26.6, 1007.5, 0.121, 0.056,  151,   3.8,   1.9
26-Dec-2000 09:00, 0.830,  29.6,  26.1, 1008.4, 0.169, 0.112,  230,   2.8,   0.6
26-Dec-2000 10:00, 0.680,  29.5,  25.7, 1009.1, 0.168, 0.121,  183,   4.6,   3.6
26-Dec-2000 11:00, 0.481,  29.5,  25.7, 1008.9, 0.098, 0.056,  200,   4.4,   2.4
26-Dec-2000 12:00, 0.350,  29.5,  25.4, 1009.2, 0.065, 0.022,  185,   4.8,   3.1
26-Dec-2000 13:00, 0.293,  29.5,  25.1, 1008.9, 0.063, 0.023,  193,   4.8,   2.3
26-Dec-2000 14:00, 0.311,  29.5,  25.1, 1008.2, 0.080, 0.036,  184,   5.2,   3.3
26-Dec-2000 15:00, 0.387,  29.4,  24.7, 1007.6, 0.106, 0.055,  181,   5.5,   3.1
26-Dec-2000 16:00, 0.477,  29.4,  24.8, 1007.2, 0.116, 0.060,  185,   4.6,   3.0
26-Dec-2000 17:00, 0.552,  29.4,  24.5, 1007.2, 0.112, 0.052,  185,   5.1,   3.2
26-Dec-2000 18:00, 0.622,  29.5,  24.5, 1007.6, 0.113, 0.053,  185,   5.7,   3.4
26-Dec-2000 19:00, 0.668,  29.4,  24.2, 1008.2, 0.094, 0.038,  183,   5.2,   3.6
26-Dec-2000 20:00, 0.725,  29.4,  25.3, 1009.3, 0.096, 0.047,  178,   5.7,   3.9
26-Dec-2000 21:00, 0.794,  29.5,  27.1, 1009.5, 0.120, 0.081,  185,   5.1,   2.8
26-Dec-2000 22:00, 0.825,  29.4,  29.5, 1009.7, 0.112, 0.076,   87,   3.5,   0.5
26-Dec-2000 23:00, 0.821,  29.4,  28.4, 1009.6, 0.066, 0.031,   25,   3.0,   2.3
27-Dec-2000 00:00, 0.848,  29.8,  28.6, 1009.3, 0.045, 0.009,    6,   3.3,   2.7
27-Dec-2000 01:00, 0.886,  30.3,  28.8, 1008.4, 0.034,-0.006,  345,   3.3,   2.4
27-Dec-2000 02:00, 0.956,  30.1,  29.1, 1007.5, 0.048,-0.001,  323,   3.6,   2.6
27-Dec-2000 03:00, 1.062,  30.2,  29.2, 1006.6, 0.093, 0.034,  310,   4.3,   3.7
27-Dec-2000 04:00, 1.132,  30.7,  29.4, 1006.4, 0.104, 0.038,   25,   3.4,   2.1
27-Dec-2000 05:00, 1.163,  30.8,  29.6, 1006.1, 0.102, 0.033,   10,   2.3,   1.1
27-Dec-2000 06:00, 1.118,  30.2,  29.6, 1006.3, 0.072, 0.000,    7,   2.4,   1.2
27-Dec-2000 07:00, 1.044,  30.4,  29.6, 1006.8, 0.062,-0.006,  324,   1.9,   1.1
27-Dec-2000 08:00, 0.932,  30.2,  28.4, 1007.1, 0.065, 0.001,  177,   1.7,   1.0
27-Dec-2000 09:00, 0.815,  30.1,  27.4, 1008.1, 0.093, 0.034,  193,   2.1,   1.3
27-Dec-2000 10:00, 0.713,  30.1,  26.8, 1008.4, 0.147, 0.096,  192,   2.9,   2.1
27-Dec-2000 11:00, 0.575,  30.1,  26.6, 1008.7, 0.150, 0.102,  190,   3.2,   2.0
27-Dec-2000 12:00, 0.411,  30.0,  26.4, 1008.7, 0.094, 0.049,  184,   4.0,   2.8
27-Dec-2000 13:00, 0.314,  29.8,  26.3, 1008.5, 0.068, 0.023,  181,   4.6,   2.6
27-Dec-2000 14:00, 0.287,  29.8,  26.0, 1007.8, 0.061, 0.013,  181,   4.5,   3.1
27-Dec-2000 15:00, 0.344,  29.8,  25.8, 1007.1, 0.084, 0.029,  182,   4.2,   3.2
27-Dec-2000 16:00, 0.437,  29.7,  25.5, 1006.8, 0.104, 0.042,  185,   4.6,   2.9
27-Dec-2000 17:00, 0.523,  29.7,  25.3, 1007.0, 0.103, 0.039,  184,   5.4,   3.6
27-Dec-2000 18:00, 0.603,  29.8,  25.0, 1007.5, 0.107, 0.045,  182,   5.1,   2.9
27-Dec-2000 19:00, 0.670,  29.8,  25.2, 1008.0, 0.108, 0.051,  182,   5.2,   3.4
27-Dec-2000 20:00, 0.715,  29.7,  25.7, 1008.5, 0.097, 0.045,  187,   5.5,   3.4
27-Dec-2000 21:00, 0.792,  29.7,  27.6, 1009.0, 0.132, 0.086,  178,   4.8,   3.2
27-Dec-2000 22:00, 0.841,  29.8,  29.4, 1008.9, 0.148, 0.106,  315,   3.3,   1.0
27-Dec-2000 23:00, 0.851,  29.8,  28.9, 1009.1, 0.127, 0.084,   30,   3.7,   3.2
28-Dec-2000 00:00, 0.856,  30.1,  28.8, 1008.6, 0.089, 0.047,   34,   3.8,   2.6
28-Dec-2000 01:00, 0.881,  30.2,  28.9, 1008.1, 0.062, 0.015,  358,   4.1,   2.5
28-Dec-2000 02:00, 0.942,  30.1,  29.1, 1007.1, 0.068, 0.016,  338,   2.6,   0.9
28-Dec-2000 03:00, 1.031,  30.0,  29.3, 1005.9, 0.096, 0.033,   10,   3.0,   2.6
28-Dec-2000 04:00, 1.116,  30.1,  29.8, 1005.4, 0.120, 0.046,    8,   3.5,   1.2
28-Dec-2000 05:00, 1.180,  30.6,  29.8, 1005.4, 0.136, 0.058,   28,   3.7,   2.8
28-Dec-2000 06:00, 1.169,  30.9,  29.7, 1005.7, 0.116, 0.039,    2,   3.0,   0.6
28-Dec-2000 07:00, 1.100,  30.1,  29.8, 1006.0, 0.090, 0.015,   36,   1.5,   0.4
28-Dec-2000 08:00, 1.025,  30.9,  29.7, 1006.6, 0.107, 0.036,   57,   3.8,   2.4
28-Dec-2000 09:00, 0.912,  30.7,  28.0, 1007.1, 0.130, 0.064,  175,   2.8,   0.9
28-Dec-2000 10:00, 0.789,  30.8,  27.2, 1007.7, 0.160, 0.099,  178,   3.5,   2.3
28-Dec-2000 11:00, 0.672,  30.5,  26.9, 1007.8, 0.191, 0.136,  175,   3.7,   2.7
28-Dec-2000 12:00, 0.511,  30.2,  27.0, 1008.0, 0.147, 0.094,  182,   4.2,   1.9
28-Dec-2000 13:00, 0.378,  30.3,  26.3, 1007.7, 0.096, 0.043,  184,   4.0,   2.8
28-Dec-2000 14:00, 0.337,  30.2,  26.3, 1007.4, 0.093, 0.038,  182,   5.0,   3.6
28-Dec-2000 15:00, 0.358,  30.1,  26.1, 1006.6, 0.102, 0.042,  182,   5.6,   3.8
28-Dec-2000 16:00, 0.433,  30.1,  25.4, 1006.2, 0.119, 0.053,  185,   5.2,   3.7
28-Dec-2000 17:00, 0.514,  30.1,  25.6, 1006.2, 0.114, 0.044,  189,   5.4,   3.4
28-Dec-2000 18:00, 0.586,  30.2,  25.4, 1006.7, 0.102, 0.032,  185,   5.6,   3.3
28-Dec-2000 19:00, 0.656,  30.1,  24.9, 1007.1, 0.102, 0.037,  185,   5.8,   3.5
28-Dec-2000 20:00, 0.703,  29.9,  25.5, 1007.7, 0.091, 0.031,  180,   5.5,   3.5
28-Dec-2000 21:00, 0.766,  30.0,  27.7, 1007.9, 0.112, 0.057,  182,   5.0,   2.6
28-Dec-2000 22:00, 0.831,  30.0,  29.2, 1008.0, 0.149, 0.095,   53,   3.0,   2.4
28-Dec-2000 23:00, 0.838,  30.0,  29.1, 1008.1, 0.133, 0.081,   44,   4.2,   3.7
29-Dec-2000 00:00, 0.836,  30.3,  29.1, 1007.7, 0.098, 0.047,   26,   4.6,   2.7
29-Dec-2000 01:00, 0.868,  30.3,  29.3, 1007.1, 0.082, 0.026,   19,   3.6,   2.8
29-Dec-2000 02:00, 0.911,  30.5,  29.5, 1006.4, 0.070, 0.008,    8,   4.0,   3.1
29-Dec-2000 03:00, 0.994,  30.4,  29.7, 1005.9, 0.094, 0.025,  323,   4.0,   3.1
29-Dec-2000 04:00, 1.075,  30.3,  28.7, 1005.9, 0.115, 0.042,  181,   5.0,   3.0
29-Dec-2000 05:00, 1.132,  30.1,  28.4, 1005.6, 0.119, 0.046,  176,   6.1,   2.7
29-Dec-2000 06:00, 1.169,  30.2,  30.2, 1005.4, 0.129, 0.053,  173,   4.9,   2.3
29-Dec-2000 07:00, 1.120,  30.2,  30.0, 1006.1, 0.100, 0.023,  182,   3.5,   1.4
29-Dec-2000 08:00, 1.032,  30.2,  28.8, 1007.0, 0.081, 0.011,  183,   2.7,   1.7
29-Dec-2000 09:00, 0.922,  30.2,  28.0, 1007.5, 0.086, 0.024,  186,   3.8,   2.5
29-Dec-2000 10:00, 0.799,  30.1,  27.4, 1008.2, 0.107, 0.051,  188,   4.4,   2.9
29-Dec-2000 11:00, 0.679,  30.1,  26.7, 1008.5, 0.135, 0.086,  187,   4.4,   2.9
29-Dec-2000 12:00, 0.560,  30.1,  26.7, 1008.5, 0.142, 0.095,  180,   4.9,   2.8
29-Dec-2000 13:00, 0.437,  30.0,  26.3, 1008.4, 0.108, 0.060,  192,   4.8,   2.2
29-Dec-2000 14:00, 0.363,  30.0,  26.0, 1008.0, 0.084, 0.036,  143,   5.2,   2.4
29-Dec-2000 15:00, 0.361,  29.9,  25.4, 1007.2, 0.089, 0.036,  184,   5.5,   2.7
29-Dec-2000 16:00, 0.402,  30.0,  25.6, 1007.0, 0.092, 0.032,  187,   2.9,   0.9
29-Dec-2000 17:00, 0.474,  29.9,  25.4, 1006.7, 0.090, 0.027,  205,   4.5,   2.0
29-Dec-2000 18:00, 0.568,  29.8,  25.3, 1007.1, 0.097, 0.032,  184,   5.5,   3.1
29-Dec-2000 19:00, 0.641,  29.9,  25.4, 1007.6, 0.092, 0.031,  234,   4.7,   2.0
29-Dec-2000 20:00, 0.701,  29.9,  26.0, 1008.1, 0.091, 0.035,  189,   5.0,   2.5
29-Dec-2000 21:00, 0.753,  29.9,  28.1, 1008.2, 0.097, 0.046,  167,   3.7,   2.1
29-Dec-2000 22:00, 0.797,  29.9,  28.2, 1008.7, 0.112, 0.063,    4,   1.9,   1.1
29-Dec-2000 23:00, 0.834,  29.9,  28.7, 1009.0, 0.132, 0.088,  355,   2.7,   1.2
30-Dec-2000 00:00, 0.842,  30.0,  28.8, 1008.6, 0.119, 0.077,   10,   2.8,   2.1
30-Dec-2000 01:00, 0.843,  30.7,  28.8, 1008.1, 0.082, 0.036,  340,   3.6,   2.9
30-Dec-2000 02:00, 0.875,  30.9,  28.7, 1007.4, 0.061, 0.009,  273,   4.8,   3.2
30-Dec-2000 03:00, 0.930,  30.8,  28.0, 1007.1, 0.061, 0.003,  218,   4.7,   2.8
30-Dec-2000 04:00, 1.013,  30.3,  25.4, 1006.8, 0.088, 0.026,  268,   4.5,   2.9
30-Dec-2000 05:00, 1.081,  30.2,  26.0, 1006.8, 0.105, 0.042,  232,   4.1,   1.5
30-Dec-2000 06:00, 1.120,  30.2,  26.2, 1006.7, 0.112, 0.047,  200,   2.7,   1.0
30-Dec-2000 07:00, 1.103,  30.1,  27.2, 1008.0, 0.096, 0.032,   64,   1.8,   1.3
30-Dec-2000 08:00, 1.040,  30.3,  27.1, 1008.4, 0.080, 0.028,  141,   2.6,   1.6
30-Dec-2000 09:00, 0.928,  30.2,  26.7, 1009.0, 0.059, 0.012,  195,   2.7,   1.2
30-Dec-2000 10:00, 0.824,  30.1,  25.9, 1009.2, 0.081, 0.039,  191,   3.7,   2.0
30-Dec-2000 11:00, 0.711,  30.1,  25.8, 1009.4, 0.108, 0.068,  205,   3.7,   2.0
30-Dec-2000 12:00, 0.601,  30.0,  25.5, 1009.3, 0.127, 0.088,  196,   4.5,   3.3
30-Dec-2000 13:00, 0.509,  30.0,  25.5, 1008.8, 0.128, 0.089,  184,   4.1,   2.6
30-Dec-2000 14:00, 0.429,  30.0,  25.5, 1008.4, 0.104, 0.059,  184,   4.4,   2.5
30-Dec-2000 15:00, 0.395,  30.0,  25.3, 1008.3, 0.091, 0.042,  198,   4.6,   1.9
30-Dec-2000 16:00, 0.417,  30.0,  25.2, 1007.9, 0.094, 0.044,  182,   5.4,   3.1
30-Dec-2000 17:00, 0.479,  29.9,  24.7, 1007.6, 0.100, 0.046,  174,   4.8,   3.3
30-Dec-2000 18:00, 0.562,  29.9,  24.7, 1007.6, 0.101, 0.045,  175,   5.1,   2.4
30-Dec-2000 19:00, 0.646,  29.8,  24.5, 1007.7, 0.103, 0.047,  194,   4.2,   2.8
30-Dec-2000 20:00, 0.701,  29.6,  24.9, 1008.2, 0.090, 0.035,  186,   4.1,   3.2
30-Dec-2000 21:00, 0.755,  29.7,  25.5, 1009.0, 0.092, 0.042,  184,   4.5,   2.6
30-Dec-2000 22:00, 0.805,  29.7,  27.9, 1009.6, 0.109, 0.068,  154,   4.2,   1.7
30-Dec-2000 23:00, 0.854,  29.8,  28.2, 1009.5, 0.141, 0.105,  352,   2.1,   1.2
31-Dec-2000 00:00, 0.870,  29.9,  28.6, 1009.0, 0.145, 0.107,  337,   2.2,   1.8
31-Dec-2000 01:00, 0.865,  30.2,  29.0, 1008.6, 0.114, 0.072,   13,   2.7,   2.2
31-Dec-2000 02:00, 0.878,  30.5,  29.1, 1007.7, 0.084, 0.036,   20,   3.1,   2.4
31-Dec-2000 03:00, 0.925,  30.6,  29.4, 1007.4, 0.080, 0.024,   66,   3.5,   2.2
31-Dec-2000 04:00, 0.994,  30.6,  29.5, 1007.3, 0.101, 0.042,   58,   4.8,   3.9
31-Dec-2000 05:00, 1.046,  30.8,  29.4, 1007.3, 0.110, 0.051,   58,   5.5,   3.2
31-Dec-2000 06:00, 1.099,  30.6,  29.6, 1006.9, 0.132, 0.072,   73,   4.2,   1.6
31-Dec-2000 07:00, 1.108,  30.5,  29.0, 1007.4, 0.135, 0.072,    8,   4.4,   3.3
31-Dec-2000 08:00, 1.066,  30.5,  27.3, 1007.8, 0.122, 0.064,  209,   4.8,   1.4
31-Dec-2000 09:00, 0.970,  30.4,  26.9, 1008.6, 0.095, 0.042,  186,   4.5,   2.5
31-Dec-2000 10:00, 0.868,  30.4,  26.7, 1009.0, 0.096, 0.050,  209,   4.0,   0.6
31-Dec-2000 11:00, 0.774,  30.3,  26.2, 1009.0, 0.124, 0.082,  189,   4.6,   2.9
31-Dec-2000 12:00, 0.674,  30.4,  25.8, 1008.6, 0.144, 0.102,  205,   4.6,   1.1
31-Dec-2000 13:00, 0.578,  30.2,  25.7, 1008.1, 0.145, 0.098,  193,   4.7,   1.6
31-Dec-2000 14:00, 0.490,  30.3,  25.7, 1007.8, 0.116, 0.065,  179,   4.3,   2.9
31-Dec-2000 15:00, 0.461,  30.1,  25.4, 1007.1, 0.112, 0.057,  198,   4.3,   2.9
31-Dec-2000 16:00, 0.454,  30.2,  25.5, 1007.3, 0.101, 0.041,  179,   5.0,   3.7
31-Dec-2000 17:00, 0.499,  30.1,  25.2, 1006.9, 0.109, 0.049,  187,   4.3,   2.7
31-Dec-2000 18:00, 0.572,  30.1,  25.3, 1008.0, 0.115, 0.053,  254,   4.9,   1.3
31-Dec-2000 19:00, 0.653,  29.9,  25.2, 1008.2, 0.115, 0.063,  182,   4.1,   1.7
31-Dec-2000 20:00, 0.720,  30.0,  25.1, 1008.6, 0.108, 0.058,  178,   3.9,   2.8
31-Dec-2000 21:00, 0.776,  29.9,  26.6, 1009.1, 0.103, 0.058,  186,   3.6,   1.9
31-Dec-2000 22:00, 0.831,  30.0,  27.6, 1009.0, 0.118, 0.077,   32,   2.5,   1.8
31-Dec-2000 23:00, 0.869,  30.0,  27.6, 1009.0, 0.133, 0.090,   37,   3.6,   3.1
